Class Times	30
Rooms	800
1	481
2	721
3	399
4	384
5	689
6	450
7	875
8	519
9	857
10	245
11	545
12	640
13	888
14	120
15	799
16	178
17	461
18	841
19	963
20	351
21	627
22	107
23	324
24	286
25	55
26	335
27	383
28	595
29	701
30	747
31	348
32	110
33	221
34	695
35	173
36	459
37	190
38	861
39	952
40	208
41	695
42	230
43	862
44	830
45	204
46	811
47	485
48	966
49	297
50	231
51	847
52	920
53	358
54	882
55	214
56	379
57	519
58	311
59	51
60	344
61	89
62	685
63	125
64	33
65	982
66	944
67	22
68	481
69	206
70	551
71	76
72	366
73	166
74	59
75	251
76	52
77	30
78	979
79	667
80	841
81	800
82	529
83	297
84	447
85	297
86	962
87	381
88	773
89	679
90	446
91	127
92	971
93	981
94	562
95	687
96	453
97	873
98	283
99	285
100	665
101	759
102	614
103	603
104	216
105	909
106	810
107	412
108	934
109	518
110	510
111	470
112	61
113	504
114	690
115	252
116	169
117	958
118	888
119	810
120	477
121	544
122	419
123	506
124	658
125	620
126	959
127	911
128	276
129	236
130	431
131	886
132	555
133	29
134	486
135	896
136	162
137	897
138	289
139	141
140	554
141	72
142	868
143	410
144	170
145	199
146	462
147	96
148	535
149	712
150	852
151	315
152	982
153	780
154	103
155	774
156	579
157	268
158	40
159	546
160	572
161	580
162	214
163	917
164	38
165	401
166	238
167	810
168	579
169	886
170	156
171	571
172	874
173	68
174	30
175	860
176	483
177	455
178	907
179	292
180	810
181	88
182	926
183	38
184	456
185	627
186	696
187	906
188	125
189	72
190	834
191	973
192	478
193	328
194	550
195	992
196	624
197	736
198	843
199	853
200	449
201	367
202	181
203	938
204	774
205	379
206	360
207	767
208	470
209	162
210	101
211	125
212	190
213	453
214	492
215	875
216	904
217	420
218	152
219	634
220	714
221	814
222	26
223	509
224	257
225	727
226	880
227	949
228	591
229	106
230	916
231	479
232	299
233	341
234	922
235	206
236	862
237	52
238	218
239	66
240	633
241	534
242	341
243	935
244	941
245	552
246	336
247	270
248	86
249	287
250	252
251	980
252	842
253	173
254	325
255	584
256	112
257	643
258	450
259	329
260	296
261	622
262	327
263	931
264	42
265	542
266	466
267	112
268	774
269	667
270	478
271	344
272	385
273	216
274	635
275	492
276	182
277	301
278	971
279	755
280	351
281	484
282	72
283	519
284	704
285	830
286	370
287	533
288	225
289	529
290	941
291	135
292	356
293	936
294	289
295	294
296	134
297	525
298	576
299	210
300	342
301	989
302	722
303	303
304	359
305	817
306	702
307	790
308	519
309	460
310	660
311	38
312	253
313	872
314	89
315	717
316	34
317	209
318	298
319	282
320	510
321	224
322	80
323	445
324	102
325	719
326	418
327	34
328	590
329	141
330	968
331	272
332	185
333	240
334	449
335	364
336	728
337	570
338	150
339	44
340	410
341	648
342	545
343	758
344	117
345	51
346	603
347	68
348	572
349	967
350	701
351	557
352	591
353	985
354	474
355	289
356	776
357	761
358	195
359	760
360	360
361	911
362	22
363	630
364	219
365	591
366	838
367	87
368	978
369	392
370	254
371	87
372	412
373	168
374	580
375	798
376	280
377	573
378	905
379	280
380	756
381	163
382	399
383	111
384	494
385	357
386	497
387	310
388	100
389	178
390	363
391	579
392	497
393	852
394	446
395	967
396	567
397	447
398	651
399	766
400	659
401	66
402	919
403	949
404	56
405	148
406	584
407	291
408	417
409	934
410	674
411	259
412	977
413	151
414	474
415	362
416	572
417	177
418	412
419	770
420	488
421	149
422	803
423	485
424	755
425	89
426	595
427	19
428	387
429	809
430	598
431	849
432	585
433	874
434	237
435	925
436	693
437	562
438	12
439	83
440	451
441	580
442	144
443	170
444	78
445	140
446	207
447	115
448	162
449	495
450	450
451	341
452	717
453	789
454	339
455	466
456	973
457	926
458	637
459	647
460	85
461	458
462	858
463	494
464	59
465	328
466	118
467	661
468	958
469	558
470	879
471	48
472	565
473	598
474	519
475	225
476	429
477	573
478	243
479	679
480	425
481	688
482	247
483	160
484	248
485	586
486	928
487	659
488	834
489	867
490	311
491	981
492	469
493	254
494	132
495	919
496	506
497	288
498	660
499	846
500	178
501	593
502	480
503	744
504	821
505	594
506	188
507	636
508	286
509	39
510	641
511	71
512	969
513	351
514	154
515	736
516	862
517	871
518	911
519	157
520	451
521	897
522	650
523	835
524	318
525	213
526	714
527	31
528	160
529	248
530	586
531	955
532	341
533	936
534	144
535	971
536	873
537	166
538	97
539	259
540	673
541	66
542	216
543	580
544	657
545	445
546	930
547	165
548	169
549	957
550	578
551	865
552	325
553	770
554	261
555	122
556	811
557	749
558	261
559	656
560	119
561	48
562	288
563	508
564	170
565	11
566	801
567	633
568	271
569	523
570	958
571	355
572	529
573	463
574	653
575	474
576	112
577	270
578	352
579	53
580	242
581	298
582	745
583	96
584	140
585	642
586	519
587	667
588	443
589	655
590	452
591	209
592	468
593	624
594	46
595	385
596	625
597	986
598	731
599	504
600	846
601	798
602	718
603	121
604	442
605	559
606	48
607	61
608	494
609	633
610	99
611	856
612	197
613	225
614	778
615	93
616	892
617	608
618	371
619	24
620	752
621	246
622	376
623	883
624	828
625	320
626	848
627	724
628	533
629	372
630	922
631	363
632	768
633	448
634	678
635	301
636	593
637	903
638	117
639	791
640	12
641	856
642	635
643	976
644	946
645	821
646	519
647	357
648	916
649	642
650	51
651	568
652	575
653	241
654	871
655	282
656	885
657	135
658	387
659	847
660	671
661	712
662	716
663	964
664	589
665	314
666	991
667	554
668	345
669	945
670	860
671	903
672	562
673	993
674	428
675	119
676	815
677	348
678	668
679	962
680	179
681	419
682	349
683	685
684	104
685	859
686	515
687	595
688	388
689	571
690	581
691	729
692	958
693	341
694	81
695	416
696	969
697	841
698	852
699	936
700	965
701	158
702	978
703	937
704	228
705	860
706	989
707	474
708	362
709	694
710	143
711	544
712	464
713	529
714	888
715	254
716	410
717	621
718	593
719	202
720	117
721	478
722	352
723	529
724	145
725	295
726	95
727	338
728	485
729	959
730	928
731	108
732	83
733	93
734	579
735	843
736	856
737	310
738	402
739	275
740	48
741	536
742	795
743	340
744	949
745	611
746	887
747	108
748	890
749	306
750	723
751	842
752	346
753	378
754	925
755	668
756	503
757	168
758	150
759	483
760	980
761	51
762	593
763	636
764	175
765	955
766	740
767	26
768	502
769	277
770	604
771	22
772	174
773	446
774	196
775	919
776	562
777	846
778	908
779	928
780	92
781	679
782	494
783	180
784	267
785	853
786	356
787	972
788	164
789	238
790	299
791	166
792	126
793	582
794	359
795	119
796	865
797	111
798	407
799	864
800	947
Classes	100
Teachers	50
1	6
2	9
3	6
4	31
5	34
6	36
7	50
8	34
9	19
10	8
11	5
12	21
13	21
14	33
15	48
16	43
17	24
18	28
19	18
20	18
21	23
22	16
23	2
24	48
25	15
26	15
27	2
28	16
29	5
30	36
31	46
32	11
33	39
34	49
35	32
36	41
37	38
38	37
39	41
40	17
41	24
42	25
43	40
44	31
45	32
46	26
47	12
48	38
49	50
50	40
51	23
52	45
53	29
54	7
55	33
56	43
57	22
58	39
59	1
60	37
61	11
62	20
63	45
64	3
65	14
66	10
67	49
68	9
69	35
70	25
71	27
72	17
73	3
74	46
75	30
76	44
77	14
78	20
79	26
80	12
81	29
82	7
83	8
84	30
85	28
86	19
87	42
88	42
89	35
90	27
91	13
92	10
93	13
94	47
95	1
96	22
97	47
98	4
99	4
100	44
