Class Times	30
Rooms	2000
1	274
2	469
3	171
4	175
5	441
6	945
7	68
8	466
9	365
10	884
11	838
12	725
13	537
14	237
15	891
16	787
17	577
18	902
19	789
20	119
21	843
22	783
23	401
24	765
25	498
26	147
27	590
28	507
29	195
30	935
31	309
32	135
33	871
34	314
35	232
36	466
37	289
38	780
39	576
40	102
41	800
42	150
43	30
44	897
45	981
46	187
47	520
48	154
49	755
50	192
51	972
52	937
53	457
54	358
55	773
56	306
57	561
58	400
59	373
60	667
61	488
62	700
63	618
64	904
65	407
66	294
67	60
68	375
69	277
70	906
71	902
72	858
73	439
74	314
75	125
76	226
77	17
78	353
79	995
80	59
81	303
82	477
83	718
84	31
85	554
86	573
87	167
88	700
89	218
90	863
91	328
92	63
93	189
94	360
95	261
96	246
97	869
98	434
99	65
100	787
101	317
102	112
103	47
104	410
105	417
106	710
107	619
108	669
109	490
110	557
111	22
112	92
113	300
114	468
115	946
116	84
117	700
118	684
119	565
120	676
121	615
122	986
123	32
124	940
125	376
126	462
127	68
128	644
129	838
130	756
131	58
132	499
133	769
134	533
135	754
136	154
137	491
138	432
139	893
140	177
141	831
142	278
143	469
144	703
145	428
146	721
147	834
148	581
149	613
150	646
151	615
152	25
153	892
154	478
155	555
156	178
157	517
158	187
159	563
160	368
161	376
162	432
163	811
164	194
165	566
166	59
167	140
168	32
169	543
170	510
171	495
172	166
173	776
174	522
175	919
176	665
177	459
178	200
179	453
180	375
181	494
182	357
183	113
184	721
185	64
186	431
187	192
188	363
189	260
190	675
191	749
192	272
193	728
194	784
195	473
196	756
197	379
198	509
199	746
200	140
201	488
202	147
203	853
204	511
205	846
206	804
207	320
208	453
209	774
210	881
211	489
212	790
213	705
214	79
215	408
216	221
217	529
218	737
219	774
220	726
221	201
222	742
223	334
224	912
225	333
226	733
227	193
228	394
229	406
230	417
231	896
232	695
233	79
234	384
235	957
236	407
237	56
238	656
239	404
240	152
241	427
242	118
243	530
244	836
245	281
246	547
247	200
248	215
249	828
250	228
251	289
252	110
253	121
254	340
255	972
256	374
257	506
258	55
259	634
260	944
261	235
262	625
263	522
264	870
265	94
266	844
267	404
268	611
269	262
270	206
271	409
272	306
273	176
274	944
275	368
276	874
277	731
278	307
279	118
280	608
281	929
282	42
283	25
284	606
285	164
286	361
287	47
288	248
289	499
290	33
291	769
292	104
293	267
294	409
295	171
296	934
297	448
298	927
299	382
300	655
301	815
302	333
303	463
304	263
305	86
306	237
307	860
308	378
309	756
310	665
311	737
312	48
313	716
314	799
315	23
316	441
317	474
318	292
319	303
320	433
321	253
322	40
323	437
324	790
325	248
326	480
327	615
328	285
329	676
330	30
331	131
332	423
333	845
334	901
335	248
336	459
337	129
338	763
339	882
340	181
341	207
342	920
343	443
344	500
345	109
346	34
347	132
348	403
349	799
350	132
351	151
352	104
353	441
354	425
355	227
356	462
357	361
358	484
359	594
360	781
361	309
362	233
363	258
364	644
365	757
366	552
367	375
368	213
369	302
370	90
371	762
372	801
373	905
374	232
375	602
376	538
377	321
378	275
379	259
380	517
381	546
382	152
383	789
384	386
385	316
386	343
387	172
388	546
389	419
390	404
391	118
392	11
393	633
394	88
395	532
396	829
397	470
398	517
399	40
400	450
401	766
402	418
403	817
404	308
405	868
406	660
407	685
408	611
409	798
410	542
411	296
412	346
413	771
414	968
415	945
416	319
417	764
418	896
419	729
420	789
421	624
422	413
423	914
424	761
425	405
426	785
427	581
428	84
429	828
430	82
431	353
432	949
433	518
434	213
435	437
436	139
437	240
438	992
439	689
440	982
441	265
442	468
443	216
444	444
445	679
446	463
447	510
448	461
449	199
450	245
451	583
452	826
453	425
454	675
455	542
456	520
457	865
458	439
459	12
460	308
461	768
462	39
463	978
464	533
465	46
466	833
467	183
468	561
469	625
470	654
471	443
472	752
473	387
474	722
475	845
476	496
477	33
478	919
479	703
480	783
481	637
482	972
483	692
484	544
485	922
486	593
487	487
488	145
489	748
490	757
491	447
492	398
493	621
494	757
495	478
496	705
497	537
498	894
499	478
500	121
501	298
502	360
503	278
504	448
505	669
506	205
507	844
508	594
509	18
510	135
511	254
512	259
513	655
514	491
515	216
516	728
517	429
518	963
519	14
520	495
521	594
522	844
523	54
524	752
525	184
526	321
527	842
528	335
529	130
530	673
531	341
532	583
533	625
534	951
535	556
536	745
537	917
538	442
539	299
540	189
541	119
542	663
543	990
544	645
545	511
546	649
547	665
548	527
549	501
550	633
551	27
552	397
553	27
554	410
555	875
556	761
557	953
558	156
559	880
560	722
561	588
562	193
563	634
564	13
565	448
566	960
567	583
568	793
569	874
570	804
571	529
572	180
573	390
574	73
575	535
576	75
577	99
578	372
579	931
580	150
581	171
582	29
583	608
584	406
585	366
586	13
587	739
588	661
589	143
590	826
591	730
592	728
593	132
594	420
595	422
596	260
597	688
598	286
599	343
600	594
601	502
602	926
603	600
604	698
605	718
606	323
607	339
608	746
609	139
610	570
611	553
612	377
613	661
614	169
615	648
616	959
617	215
618	817
619	940
620	329
621	758
622	364
623	176
624	302
625	640
626	117
627	810
628	608
629	871
630	611
631	626
632	24
633	393
634	893
635	945
636	45
637	534
638	125
639	839
640	479
641	175
642	11
643	788
644	380
645	274
646	629
647	66
648	391
649	341
650	384
651	473
652	464
653	576
654	594
655	163
656	999
657	23
658	759
659	916
660	869
661	927
662	50
663	36
664	904
665	850
666	692
667	719
668	223
669	465
670	498
671	54
672	351
673	794
674	475
675	54
676	272
677	751
678	915
679	162
680	218
681	536
682	854
683	101
684	711
685	157
686	154
687	101
688	50
689	953
690	181
691	322
692	551
693	842
694	378
695	290
696	766
697	117
698	404
699	284
700	742
701	475
702	229
703	110
704	165
705	674
706	911
707	56
708	975
709	839
710	791
711	609
712	367
713	822
714	294
715	906
716	170
717	648
718	448
719	350
720	229
721	804
722	220
723	589
724	534
725	647
726	582
727	488
728	574
729	174
730	655
731	399
732	15
733	939
734	570
735	367
736	80
737	819
738	862
739	335
740	901
741	342
742	47
743	529
744	697
745	581
746	385
747	774
748	781
749	816
750	287
751	487
752	403
753	905
754	124
755	385
756	823
757	227
758	993
759	649
760	158
761	799
762	836
763	593
764	866
765	204
766	831
767	452
768	984
769	653
770	815
771	538
772	839
773	278
774	199
775	168
776	384
777	48
778	254
779	229
780	236
781	713
782	494
783	778
784	896
785	982
786	987
787	568
788	810
789	462
790	687
791	166
792	686
793	208
794	553
795	192
796	855
797	29
798	233
799	794
800	126
801	320
802	937
803	15
804	709
805	664
806	673
807	702
808	620
809	713
810	710
811	260
812	630
813	601
814	151
815	425
816	411
817	36
818	893
819	896
820	561
821	235
822	511
823	582
824	790
825	786
826	827
827	506
828	581
829	590
830	569
831	185
832	345
833	774
834	688
835	190
836	552
837	339
838	884
839	698
840	239
841	170
842	556
843	573
844	699
845	571
846	846
847	994
848	850
849	220
850	104
851	756
852	655
853	698
854	366
855	303
856	712
857	609
858	592
859	754
860	759
861	390
862	266
863	749
864	704
865	177
866	779
867	302
868	326
869	353
870	763
871	600
872	583
873	730
874	331
875	744
876	830
877	372
878	578
879	672
880	718
881	337
882	919
883	436
884	69
885	467
886	138
887	571
888	110
889	943
890	882
891	109
892	445
893	579
894	149
895	29
896	703
897	957
898	73
899	863
900	971
901	490
902	239
903	896
904	331
905	592
906	123
907	799
908	563
909	928
910	609
911	653
912	381
913	253
914	733
915	460
916	547
917	46
918	824
919	403
920	914
921	529
922	347
923	404
924	862
925	329
926	602
927	394
928	769
929	308
930	769
931	488
932	307
933	345
934	152
935	395
936	566
937	762
938	843
939	731
940	949
941	122
942	984
943	356
944	861
945	865
946	572
947	490
948	100
949	160
950	399
951	804
952	867
953	898
954	428
955	109
956	483
957	573
958	533
959	608
960	475
961	252
962	607
963	448
964	112
965	466
966	126
967	59
968	779
969	474
970	557
971	440
972	392
973	164
974	88
975	815
976	628
977	133
978	882
979	248
980	905
981	399
982	765
983	923
984	40
985	441
986	892
987	853
988	654
989	779
990	609
991	756
992	945
993	160
994	288
995	608
996	110
997	121
998	856
999	28
1000	171
1001	431
1002	224
1003	587
1004	292
1005	324
1006	699
1007	867
1008	772
1009	520
1010	911
1011	989
1012	406
1013	679
1014	532
1015	510
1016	16
1017	503
1018	61
1019	261
1020	499
1021	129
1022	373
1023	223
1024	60
1025	915
1026	883
1027	121
1028	170
1029	97
1030	382
1031	206
1032	786
1033	494
1034	530
1035	905
1036	213
1037	253
1038	267
1039	520
1040	255
1041	607
1042	204
1043	97
1044	760
1045	57
1046	859
1047	258
1048	198
1049	242
1050	250
1051	311
1052	392
1053	641
1054	617
1055	125
1056	748
1057	439
1058	619
1059	396
1060	299
1061	128
1062	710
1063	970
1064	89
1065	240
1066	214
1067	410
1068	875
1069	551
1070	563
1071	89
1072	541
1073	90
1074	710
1075	74
1076	510
1077	328
1078	103
1079	521
1080	652
1081	533
1082	90
1083	21
1084	633
1085	843
1086	634
1087	771
1088	188
1089	864
1090	462
1091	943
1092	933
1093	373
1094	506
1095	528
1096	236
1097	895
1098	328
1099	15
1100	628
1101	63
1102	565
1103	564
1104	292
1105	844
1106	119
1107	765
1108	633
1109	54
1110	531
1111	892
1112	96
1113	590
1114	960
1115	695
1116	792
1117	290
1118	721
1119	604
1120	34
1121	139
1122	173
1123	463
1124	34
1125	493
1126	118
1127	297
1128	848
1129	241
1130	96
1131	127
1132	742
1133	323
1134	793
1135	747
1136	440
1137	573
1138	660
1139	36
1140	732
1141	306
1142	873
1143	135
1144	420
1145	679
1146	311
1147	439
1148	185
1149	581
1150	550
1151	71
1152	510
1153	229
1154	178
1155	713
1156	371
1157	795
1158	589
1159	13
1160	547
1161	773
1162	694
1163	634
1164	217
1165	782
1166	785
1167	569
1168	315
1169	346
1170	215
1171	448
1172	710
1173	830
1174	940
1175	937
1176	413
1177	510
1178	81
1179	248
1180	992
1181	385
1182	818
1183	53
1184	681
1185	742
1186	856
1187	761
1188	755
1189	976
1190	145
1191	860
1192	821
1193	931
1194	615
1195	830
1196	401
1197	201
1198	96
1199	181
1200	190
1201	763
1202	883
1203	638
1204	486
1205	15
1206	988
1207	167
1208	970
1209	749
1210	32
1211	360
1212	647
1213	823
1214	755
1215	263
1216	417
1217	237
1218	704
1219	960
1220	418
1221	935
1222	522
1223	307
1224	817
1225	576
1226	941
1227	745
1228	118
1229	702
1230	359
1231	279
1232	816
1233	121
1234	839
1235	604
1236	258
1237	135
1238	284
1239	776
1240	501
1241	212
1242	229
1243	252
1244	712
1245	915
1246	897
1247	125
1248	605
1249	776
1250	826
1251	270
1252	214
1253	176
1254	858
1255	909
1256	415
1257	428
1258	227
1259	419
1260	599
1261	164
1262	971
1263	180
1264	468
1265	30
1266	682
1267	610
1268	786
1269	540
1270	311
1271	308
1272	825
1273	139
1274	325
1275	788
1276	78
1277	394
1278	725
1279	620
1280	114
1281	364
1282	385
1283	330
1284	141
1285	264
1286	439
1287	910
1288	162
1289	897
1290	270
1291	600
1292	932
1293	152
1294	794
1295	105
1296	865
1297	145
1298	990
1299	142
1300	253
1301	98
1302	247
1303	51
1304	294
1305	189
1306	71
1307	112
1308	694
1309	511
1310	581
1311	682
1312	895
1313	509
1314	359
1315	907
1316	610
1317	927
1318	895
1319	797
1320	576
1321	816
1322	509
1323	380
1324	339
1325	205
1326	403
1327	223
1328	693
1329	360
1330	511
1331	373
1332	71
1333	449
1334	57
1335	698
1336	379
1337	523
1338	585
1339	594
1340	588
1341	335
1342	426
1343	509
1344	940
1345	682
1346	239
1347	100
1348	37
1349	203
1350	412
1351	559
1352	301
1353	522
1354	336
1355	222
1356	871
1357	734
1358	454
1359	926
1360	976
1361	36
1362	411
1363	747
1364	319
1365	683
1366	806
1367	838
1368	474
1369	563
1370	911
1371	615
1372	410
1373	935
1374	901
1375	408
1376	317
1377	961
1378	55
1379	785
1380	145
1381	103
1382	265
1383	31
1384	545
1385	870
1386	924
1387	935
1388	104
1389	191
1390	605
1391	869
1392	32
1393	722
1394	239
1395	62
1396	178
1397	762
1398	703
1399	762
1400	214
1401	866
1402	285
1403	384
1404	234
1405	109
1406	232
1407	619
1408	997
1409	495
1410	302
1411	30
1412	648
1413	488
1414	401
1415	834
1416	466
1417	665
1418	130
1419	118
1420	89
1421	854
1422	480
1423	183
1424	274
1425	973
1426	949
1427	574
1428	863
1429	317
1430	245
1431	183
1432	913
1433	684
1434	646
1435	497
1436	972
1437	939
1438	375
1439	631
1440	964
1441	184
1442	265
1443	589
1444	667
1445	444
1446	413
1447	507
1448	811
1449	910
1450	760
1451	396
1452	368
1453	959
1454	214
1455	475
1456	636
1457	592
1458	625
1459	771
1460	681
1461	256
1462	132
1463	289
1464	649
1465	614
1466	984
1467	682
1468	12
1469	987
1470	95
1471	470
1472	914
1473	193
1474	176
1475	417
1476	417
1477	729
1478	449
1479	116
1480	483
1481	542
1482	32
1483	266
1484	310
1485	403
1486	63
1487	97
1488	846
1489	929
1490	234
1491	69
1492	509
1493	731
1494	354
1495	701
1496	347
1497	947
1498	849
1499	191
1500	370
1501	271
1502	246
1503	486
1504	292
1505	689
1506	784
1507	305
1508	709
1509	860
1510	583
1511	97
1512	378
1513	971
1514	331
1515	708
1516	363
1517	708
1518	579
1519	65
1520	231
1521	752
1522	97
1523	103
1524	407
1525	927
1526	954
1527	750
1528	551
1529	148
1530	654
1531	356
1532	211
1533	771
1534	948
1535	142
1536	963
1537	383
1538	820
1539	426
1540	744
1541	237
1542	130
1543	663
1544	140
1545	119
1546	160
1547	334
1548	747
1549	739
1550	875
1551	294
1552	453
1553	47
1554	457
1555	118
1556	709
1557	164
1558	11
1559	632
1560	263
1561	908
1562	232
1563	876
1564	835
1565	953
1566	64
1567	251
1568	229
1569	281
1570	778
1571	150
1572	657
1573	834
1574	360
1575	344
1576	214
1577	216
1578	448
1579	368
1580	57
1581	547
1582	413
1583	540
1584	794
1585	381
1586	681
1587	836
1588	191
1589	819
1590	232
1591	923
1592	353
1593	505
1594	142
1595	242
1596	967
1597	640
1598	413
1599	260
1600	388
1601	277
1602	640
1603	632
1604	376
1605	76
1606	232
1607	88
1608	777
1609	144
1610	953
1611	147
1612	208
1613	958
1614	864
1615	580
1616	344
1617	331
1618	571
1619	442
1620	699
1621	679
1622	875
1623	984
1624	116
1625	605
1626	237
1627	795
1628	609
1629	891
1630	453
1631	958
1632	698
1633	968
1634	940
1635	764
1636	246
1637	125
1638	483
1639	539
1640	19
1641	550
1642	147
1643	465
1644	405
1645	399
1646	603
1647	131
1648	655
1649	333
1650	325
1651	38
1652	929
1653	974
1654	265
1655	689
1656	371
1657	378
1658	969
1659	87
1660	99
1661	373
1662	637
1663	251
1664	951
1665	287
1666	746
1667	857
1668	954
1669	420
1670	723
1671	912
1672	201
1673	439
1674	39
1675	411
1676	433
1677	348
1678	168
1679	992
1680	448
1681	631
1682	613
1683	222
1684	629
1685	874
1686	472
1687	39
1688	718
1689	158
1690	980
1691	742
1692	816
1693	600
1694	173
1695	303
1696	310
1697	298
1698	954
1699	676
1700	262
1701	698
1702	938
1703	957
1704	189
1705	587
1706	618
1707	73
1708	875
1709	90
1710	349
1711	13
1712	694
1713	718
1714	318
1715	210
1716	885
1717	735
1718	799
1719	126
1720	350
1721	285
1722	396
1723	686
1724	103
1725	738
1726	535
1727	811
1728	826
1729	908
1730	551
1731	244
1732	916
1733	127
1734	944
1735	555
1736	714
1737	424
1738	239
1739	697
1740	780
1741	104
1742	353
1743	118
1744	749
1745	786
1746	336
1747	949
1748	969
1749	719
1750	366
1751	988
1752	948
1753	598
1754	405
1755	875
1756	701
1757	279
1758	376
1759	678
1760	283
1761	757
1762	162
1763	952
1764	529
1765	984
1766	286
1767	411
1768	71
1769	746
1770	461
1771	805
1772	187
1773	695
1774	481
1775	282
1776	900
1777	714
1778	82
1779	875
1780	179
1781	239
1782	393
1783	824
1784	261
1785	61
1786	616
1787	331
1788	543
1789	198
1790	162
1791	671
1792	611
1793	863
1794	547
1795	530
1796	541
1797	529
1798	52
1799	396
1800	561
1801	879
1802	996
1803	661
1804	80
1805	341
1806	922
1807	591
1808	931
1809	72
1810	67
1811	614
1812	199
1813	705
1814	726
1815	999
1816	642
1817	991
1818	625
1819	755
1820	36
1821	99
1822	185
1823	619
1824	679
1825	609
1826	468
1827	188
1828	132
1829	285
1830	185
1831	963
1832	423
1833	688
1834	104
1835	722
1836	281
1837	187
1838	100
1839	119
1840	133
1841	608
1842	138
1843	317
1844	574
1845	180
1846	21
1847	529
1848	345
1849	559
1850	355
1851	418
1852	585
1853	769
1854	380
1855	556
1856	689
1857	435
1858	384
1859	680
1860	308
1861	555
1862	680
1863	221
1864	472
1865	10
1866	930
1867	507
1868	718
1869	323
1870	39
1871	973
1872	273
1873	851
1874	828
1875	20
1876	648
1877	246
1878	83
1879	330
1880	766
1881	750
1882	638
1883	617
1884	802
1885	746
1886	447
1887	371
1888	858
1889	828
1890	577
1891	638
1892	847
1893	456
1894	267
1895	34
1896	182
1897	948
1898	527
1899	371
1900	620
1901	229
1902	388
1903	203
1904	106
1905	121
1906	367
1907	535
1908	553
1909	829
1910	975
1911	891
1912	416
1913	644
1914	593
1915	404
1916	798
1917	269
1918	793
1919	441
1920	809
1921	108
1922	156
1923	655
1924	499
1925	25
1926	961
1927	844
1928	557
1929	657
1930	651
1931	717
1932	102
1933	917
1934	446
1935	758
1936	759
1937	589
1938	739
1939	443
1940	737
1941	291
1942	295
1943	807
1944	863
1945	225
1946	194
1947	913
1948	191
1949	242
1950	804
1951	757
1952	174
1953	387
1954	382
1955	732
1956	929
1957	909
1958	187
1959	568
1960	410
1961	859
1962	257
1963	161
1964	669
1965	333
1966	750
1967	403
1968	693
1969	941
1970	496
1971	561
1972	551
1973	319
1974	48
1975	621
1976	407
1977	376
1978	627
1979	939
1980	242
1981	650
1982	904
1983	45
1984	906
1985	439
1986	958
1987	497
1988	54
1989	218
1990	665
1991	42
1992	413
1993	914
1994	861
1995	43
1996	187
1997	369
1998	775
1999	669
2000	533
Classes	200
Teachers	100
1	95
2	58
3	54
4	32
5	24
6	86
7	58
8	71
9	54
10	93
11	12
12	70
13	93
14	97
15	32
16	90
17	71
18	65
19	72
20	2
21	79
22	94
23	66
24	56
25	69
26	53
27	96
28	64
29	20
30	15
31	70
32	45
33	60
34	84
35	51
36	10
37	81
38	77
39	17
40	48
41	31
42	74
43	75
44	52
45	55
46	19
47	19
48	73
49	64
50	63
51	73
52	65
53	62
54	47
55	84
56	68
57	42
58	22
59	98
60	23
61	48
62	28
63	68
64	42
65	38
66	7
67	40
68	3
69	24
70	72
71	82
72	82
73	27
74	50
75	95
76	61
77	39
78	40
79	43
80	97
81	4
82	78
83	96
84	30
85	37
86	33
87	43
88	29
89	46
90	67
91	74
92	34
93	34
94	51
95	10
96	63
97	6
98	14
99	61
100	45
101	69
102	25
103	49
104	53
105	59
106	90
107	62
108	36
109	81
110	86
111	6
112	57
113	14
114	27
115	8
116	99
117	100
118	77
119	80
120	13
121	41
122	2
123	88
124	39
125	41
126	94
127	36
128	18
129	80
130	55
131	98
132	57
133	20
134	7
135	12
136	50
137	92
138	29
139	60
140	67
141	22
142	87
143	31
144	5
145	83
146	5
147	44
148	99
149	16
150	25
151	47
152	44
153	37
154	13
155	49
156	85
157	92
158	76
159	4
160	35
161	52
162	11
163	87
164	23
165	26
166	18
167	1
168	3
169	91
170	15
171	1
172	26
173	30
174	91
175	76
176	33
177	8
178	11
179	38
180	66
181	9
182	100
183	46
184	56
185	9
186	17
187	83
188	21
189	35
190	16
191	21
192	85
193	89
194	78
195	79
196	28
197	59
198	88
199	89
200	75
