Class Times	30
Rooms	3000
1	68
2	742
3	276
4	639
5	832
6	242
7	237
8	59
9	88
10	309
11	651
12	408
13	306
14	561
15	38
16	980
17	296
18	477
19	248
20	31
21	817
22	258
23	595
24	413
25	797
26	763
27	749
28	154
29	814
30	326
31	332
32	603
33	920
34	919
35	475
36	658
37	951
38	758
39	999
40	759
41	523
42	353
43	182
44	656
45	632
46	666
47	933
48	472
49	400
50	610
51	637
52	637
53	665
54	184
55	299
56	881
57	903
58	16
59	685
60	749
61	352
62	904
63	970
64	673
65	848
66	964
67	192
68	851
69	262
70	881
71	358
72	678
73	213
74	864
75	667
76	216
77	98
78	70
79	314
80	992
81	61
82	419
83	321
84	556
85	845
86	179
87	914
88	243
89	280
90	138
91	709
92	450
93	341
94	363
95	712
96	593
97	344
98	360
99	808
100	793
101	906
102	442
103	829
104	302
105	424
106	462
107	856
108	674
109	697
110	706
111	905
112	192
113	628
114	206
115	235
116	574
117	460
118	198
119	544
120	937
121	978
122	19
123	674
124	544
125	297
126	31
127	980
128	812
129	26
130	875
131	197
132	753
133	87
134	951
135	813
136	681
137	613
138	808
139	432
140	419
141	569
142	512
143	750
144	354
145	632
146	449
147	617
148	67
149	311
150	221
151	951
152	334
153	630
154	111
155	996
156	729
157	662
158	177
159	971
160	354
161	567
162	767
163	226
164	719
165	81
166	965
167	79
168	236
169	918
170	859
171	306
172	125
173	702
174	253
175	602
176	914
177	239
178	342
179	686
180	568
181	260
182	476
183	157
184	775
185	269
186	576
187	369
188	285
189	637
190	369
191	405
192	640
193	421
194	753
195	201
196	697
197	505
198	317
199	907
200	326
201	85
202	31
203	352
204	724
205	457
206	503
207	653
208	839
209	783
210	423
211	336
212	944
213	885
214	875
215	767
216	888
217	910
218	685
219	97
220	886
221	926
222	142
223	758
224	626
225	740
226	450
227	508
228	799
229	76
230	811
231	434
232	266
233	228
234	881
235	54
236	296
237	227
238	179
239	966
240	505
241	846
242	873
243	403
244	531
245	16
246	133
247	821
248	376
249	267
250	941
251	666
252	669
253	988
254	474
255	562
256	577
257	173
258	637
259	122
260	622
261	422
262	927
263	438
264	121
265	91
266	894
267	550
268	283
269	831
270	99
271	166
272	556
273	280
274	935
275	10
276	824
277	492
278	36
279	349
280	935
281	18
282	498
283	982
284	828
285	206
286	625
287	84
288	109
289	811
290	940
291	349
292	389
293	584
294	861
295	404
296	865
297	93
298	616
299	676
300	714
301	153
302	156
303	799
304	261
305	786
306	933
307	400
308	262
309	922
310	486
311	378
312	834
313	333
314	285
315	741
316	491
317	505
318	737
319	62
320	928
321	49
322	374
323	451
324	401
325	494
326	572
327	100
328	438
329	827
330	895
331	347
332	795
333	369
334	531
335	76
336	774
337	563
338	463
339	892
340	436
341	630
342	684
343	801
344	488
345	986
346	435
347	500
348	170
349	10
350	785
351	920
352	858
353	536
354	232
355	503
356	273
357	88
358	255
359	299
360	42
361	472
362	622
363	910
364	392
365	539
366	490
367	158
368	963
369	374
370	170
371	343
372	463
373	481
374	985
375	589
376	692
377	630
378	443
379	937
380	418
381	30
382	333
383	986
384	477
385	92
386	920
387	88
388	427
389	479
390	748
391	135
392	387
393	509
394	423
395	956
396	935
397	784
398	219
399	866
400	121
401	714
402	687
403	627
404	779
405	70
406	996
407	842
408	962
409	669
410	563
411	794
412	150
413	121
414	594
415	134
416	71
417	709
418	151
419	260
420	412
421	756
422	421
423	516
424	260
425	444
426	896
427	975
428	296
429	726
430	248
431	32
432	173
433	479
434	219
435	776
436	56
437	686
438	329
439	276
440	441
441	361
442	985
443	941
444	78
445	527
446	351
447	459
448	273
449	487
450	926
451	368
452	469
453	800
454	915
455	229
456	890
457	845
458	868
459	509
460	934
461	618
462	942
463	52
464	913
465	616
466	167
467	63
468	557
469	686
470	539
471	476
472	887
473	483
474	272
475	187
476	848
477	622
478	133
479	490
480	938
481	690
482	86
483	113
484	904
485	724
486	447
487	70
488	747
489	332
490	95
491	186
492	138
493	682
494	573
495	292
496	665
497	352
498	493
499	656
500	664
501	603
502	810
503	613
504	346
505	207
506	481
507	191
508	358
509	773
510	247
511	293
512	742
513	693
514	505
515	431
516	756
517	387
518	917
519	652
520	95
521	876
522	991
523	213
524	474
525	176
526	386
527	645
528	878
529	389
530	155
531	411
532	795
533	659
534	772
535	948
536	786
537	554
538	658
539	139
540	630
541	201
542	131
543	122
544	955
545	129
546	887
547	707
548	215
549	479
550	609
551	332
552	944
553	129
554	943
555	772
556	346
557	610
558	330
559	853
560	292
561	659
562	152
563	78
564	458
565	98
566	28
567	743
568	486
569	70
570	978
571	511
572	986
573	247
574	482
575	48
576	32
577	801
578	298
579	746
580	341
581	715
582	681
583	665
584	903
585	966
586	478
587	865
588	797
589	763
590	787
591	68
592	969
593	84
594	750
595	650
596	779
597	802
598	853
599	994
600	373
601	54
602	209
603	587
604	788
605	658
606	759
607	74
608	302
609	948
610	94
611	65
612	603
613	585
614	224
615	97
616	251
617	142
618	46
619	49
620	345
621	808
622	912
623	120
624	915
625	814
626	326
627	277
628	130
629	842
630	679
631	590
632	66
633	24
634	848
635	84
636	350
637	292
638	456
639	235
640	526
641	167
642	788
643	956
644	654
645	186
646	166
647	147
648	936
649	104
650	767
651	595
652	125
653	211
654	988
655	102
656	554
657	599
658	275
659	131
660	197
661	242
662	614
663	261
664	951
665	756
666	651
667	474
668	531
669	752
670	689
671	199
672	554
673	650
674	279
675	951
676	904
677	640
678	684
679	802
680	973
681	898
682	726
683	666
684	32
685	783
686	401
687	605
688	744
689	526
690	643
691	918
692	198
693	629
694	785
695	938
696	925
697	532
698	750
699	539
700	505
701	565
702	655
703	823
704	754
705	260
706	869
707	932
708	405
709	635
710	543
711	489
712	562
713	389
714	184
715	781
716	219
717	533
718	623
719	260
720	776
721	899
722	836
723	438
724	534
725	269
726	816
727	999
728	142
729	938
730	161
731	507
732	141
733	213
734	342
735	267
736	679
737	737
738	816
739	669
740	465
741	467
742	824
743	111
744	639
745	320
746	356
747	309
748	525
749	596
750	845
751	938
752	794
753	599
754	953
755	588
756	547
757	813
758	12
759	791
760	406
761	925
762	935
763	430
764	563
765	689
766	89
767	979
768	419
769	817
770	621
771	98
772	622
773	230
774	681
775	770
776	283
777	872
778	216
779	328
780	316
781	976
782	594
783	310
784	234
785	425
786	275
787	567
788	764
789	511
790	686
791	100
792	715
793	419
794	697
795	219
796	416
797	26
798	452
799	328
800	207
801	514
802	776
803	903
804	349
805	558
806	461
807	599
808	402
809	76
810	724
811	461
812	204
813	468
814	940
815	987
816	687
817	21
818	335
819	517
820	214
821	133
822	305
823	920
824	315
825	113
826	774
827	840
828	209
829	178
830	911
831	50
832	725
833	218
834	381
835	962
836	47
837	477
838	805
839	135
840	349
841	549
842	155
843	102
844	227
845	228
846	815
847	82
848	818
849	758
850	204
851	271
852	237
853	307
854	646
855	194
856	864
857	904
858	719
859	241
860	382
861	994
862	859
863	323
864	674
865	62
866	101
867	980
868	835
869	789
870	214
871	861
872	814
873	276
874	811
875	556
876	898
877	643
878	825
879	306
880	657
881	229
882	304
883	622
884	386
885	668
886	814
887	729
888	284
889	510
890	512
891	343
892	518
893	578
894	414
895	768
896	989
897	56
898	50
899	27
900	670
901	599
902	463
903	408
904	623
905	623
906	892
907	670
908	706
909	857
910	195
911	504
912	921
913	609
914	429
915	685
916	812
917	332
918	342
919	201
920	560
921	619
922	38
923	843
924	205
925	561
926	555
927	944
928	374
929	478
930	28
931	288
932	144
933	369
934	587
935	729
936	823
937	374
938	720
939	310
940	460
941	500
942	214
943	780
944	817
945	716
946	350
947	752
948	721
949	175
950	11
951	315
952	297
953	327
954	305
955	115
956	50
957	935
958	104
959	825
960	452
961	65
962	636
963	725
964	651
965	89
966	699
967	55
968	684
969	73
970	59
971	300
972	110
973	130
974	821
975	935
976	773
977	948
978	558
979	247
980	328
981	502
982	880
983	984
984	242
985	103
986	955
987	741
988	382
989	779
990	940
991	778
992	257
993	408
994	794
995	937
996	355
997	19
998	306
999	801
1000	980
1001	305
1002	888
1003	309
1004	443
1005	888
1006	717
1007	617
1008	683
1009	822
1010	655
1011	192
1012	867
1013	516
1014	32
1015	800
1016	486
1017	964
1018	492
1019	376
1020	111
1021	437
1022	168
1023	534
1024	339
1025	218
1026	101
1027	863
1028	348
1029	512
1030	535
1031	262
1032	189
1033	384
1034	274
1035	128
1036	218
1037	894
1038	512
1039	702
1040	108
1041	488
1042	850
1043	764
1044	185
1045	112
1046	382
1047	354
1048	737
1049	310
1050	737
1051	96
1052	201
1053	675
1054	413
1055	625
1056	170
1057	749
1058	573
1059	780
1060	687
1061	438
1062	844
1063	229
1064	941
1065	885
1066	572
1067	872
1068	159
1069	764
1070	498
1071	458
1072	923
1073	780
1074	106
1075	396
1076	244
1077	496
1078	368
1079	946
1080	189
1081	788
1082	132
1083	62
1084	367
1085	315
1086	138
1087	840
1088	221
1089	105
1090	345
1091	116
1092	682
1093	635
1094	634
1095	382
1096	465
1097	629
1098	822
1099	668
1100	413
1101	906
1102	466
1103	880
1104	38
1105	317
1106	363
1107	861
1108	307
1109	200
1110	673
1111	210
1112	463
1113	972
1114	180
1115	799
1116	397
1117	753
1118	110
1119	148
1120	297
1121	681
1122	613
1123	525
1124	940
1125	24
1126	304
1127	704
1128	203
1129	500
1130	526
1131	166
1132	891
1133	23
1134	75
1135	836
1136	405
1137	45
1138	494
1139	39
1140	57
1141	821
1142	727
1143	952
1144	226
1145	52
1146	742
1147	691
1148	630
1149	46
1150	782
1151	584
1152	573
1153	540
1154	582
1155	833
1156	755
1157	706
1158	271
1159	549
1160	412
1161	711
1162	455
1163	551
1164	37
1165	244
1166	292
1167	384
1168	220
1169	870
1170	282
1171	565
1172	279
1173	220
1174	364
1175	62
1176	798
1177	191
1178	539
1179	77
1180	126
1181	808
1182	968
1183	708
1184	865
1185	889
1186	705
1187	217
1188	222
1189	769
1190	421
1191	780
1192	66
1193	948
1194	988
1195	495
1196	442
1197	592
1198	431
1199	858
1200	415
1201	818
1202	75
1203	221
1204	604
1205	404
1206	172
1207	553
1208	472
1209	113
1210	382
1211	584
1212	929
1213	743
1214	308
1215	951
1216	621
1217	467
1218	856
1219	185
1220	665
1221	52
1222	502
1223	588
1224	569
1225	896
1226	454
1227	455
1228	990
1229	51
1230	213
1231	232
1232	237
1233	128
1234	570
1235	193
1236	750
1237	894
1238	56
1239	697
1240	807
1241	222
1242	706
1243	171
1244	119
1245	959
1246	56
1247	525
1248	120
1249	89
1250	851
1251	917
1252	883
1253	533
1254	940
1255	351
1256	895
1257	663
1258	900
1259	967
1260	815
1261	845
1262	403
1263	119
1264	228
1265	926
1266	243
1267	15
1268	815
1269	826
1270	471
1271	344
1272	646
1273	929
1274	853
1275	226
1276	827
1277	864
1278	720
1279	260
1280	403
1281	44
1282	860
1283	381
1284	613
1285	870
1286	643
1287	158
1288	505
1289	606
1290	10
1291	358
1292	675
1293	535
1294	549
1295	125
1296	231
1297	976
1298	834
1299	483
1300	115
1301	397
1302	863
1303	184
1304	131
1305	634
1306	573
1307	464
1308	147
1309	952
1310	17
1311	982
1312	466
1313	719
1314	202
1315	676
1316	809
1317	422
1318	178
1319	423
1320	623
1321	62
1322	342
1323	319
1324	292
1325	159
1326	244
1327	856
1328	828
1329	813
1330	576
1331	184
1332	17
1333	166
1334	787
1335	373
1336	357
1337	774
1338	301
1339	933
1340	967
1341	92
1342	547
1343	883
1344	103
1345	29
1346	982
1347	316
1348	248
1349	379
1350	941
1351	134
1352	412
1353	426
1354	763
1355	998
1356	47
1357	208
1358	458
1359	235
1360	796
1361	998
1362	434
1363	988
1364	370
1365	677
1366	215
1367	16
1368	153
1369	625
1370	690
1371	722
1372	691
1373	697
1374	944
1375	303
1376	10
1377	27
1378	211
1379	674
1380	822
1381	529
1382	793
1383	167
1384	427
1385	211
1386	248
1387	975
1388	612
1389	758
1390	485
1391	447
1392	969
1393	875
1394	63
1395	220
1396	930
1397	932
1398	532
1399	969
1400	390
1401	164
1402	913
1403	810
1404	911
1405	492
1406	709
1407	571
1408	624
1409	411
1410	628
1411	346
1412	254
1413	51
1414	541
1415	275
1416	965
1417	396
1418	705
1419	628
1420	19
1421	328
1422	883
1423	266
1424	150
1425	322
1426	835
1427	704
1428	331
1429	163
1430	775
1431	614
1432	455
1433	600
1434	182
1435	646
1436	903
1437	66
1438	413
1439	346
1440	185
1441	217
1442	106
1443	704
1444	436
1445	878
1446	941
1447	152
1448	756
1449	755
1450	391
1451	475
1452	535
1453	883
1454	61
1455	994
1456	407
1457	33
1458	567
1459	569
1460	54
1461	421
1462	489
1463	840
1464	280
1465	95
1466	24
1467	850
1468	190
1469	990
1470	714
1471	863
1472	452
1473	283
1474	750
1475	367
1476	210
1477	242
1478	648
1479	111
1480	462
1481	542
1482	204
1483	930
1484	109
1485	664
1486	817
1487	741
1488	459
1489	824
1490	272
1491	915
1492	995
1493	591
1494	798
1495	48
1496	474
1497	31
1498	856
1499	642
1500	771
1501	913
1502	709
1503	776
1504	754
1505	28
1506	536
1507	848
1508	804
1509	630
1510	532
1511	885
1512	571
1513	62
1514	579
1515	986
1516	551
1517	97
1518	617
1519	339
1520	415
1521	497
1522	626
1523	170
1524	73
1525	136
1526	220
1527	378
1528	90
1529	519
1530	301
1531	389
1532	596
1533	998
1534	59
1535	882
1536	679
1537	938
1538	685
1539	136
1540	666
1541	20
1542	22
1543	77
1544	133
1545	648
1546	357
1547	307
1548	291
1549	476
1550	746
1551	577
1552	556
1553	609
1554	555
1555	377
1556	242
1557	203
1558	570
1559	928
1560	415
1561	518
1562	670
1563	870
1564	566
1565	437
1566	442
1567	420
1568	14
1569	424
1570	530
1571	429
1572	969
1573	509
1574	811
1575	601
1576	796
1577	578
1578	124
1579	236
1580	894
1581	876
1582	176
1583	162
1584	577
1585	894
1586	400
1587	164
1588	727
1589	602
1590	677
1591	252
1592	457
1593	66
1594	351
1595	729
1596	800
1597	339
1598	873
1599	297
1600	385
1601	291
1602	190
1603	820
1604	514
1605	204
1606	614
1607	917
1608	781
1609	289
1610	599
1611	292
1612	134
1613	718
1614	400
1615	854
1616	783
1617	633
1618	255
1619	639
1620	670
1621	78
1622	194
1623	703
1624	434
1625	186
1626	311
1627	538
1628	529
1629	633
1630	284
1631	841
1632	197
1633	634
1634	648
1635	184
1636	315
1637	525
1638	218
1639	234
1640	99
1641	561
1642	528
1643	524
1644	807
1645	547
1646	912
1647	458
1648	788
1649	535
1650	918
1651	934
1652	826
1653	387
1654	126
1655	256
1656	912
1657	956
1658	444
1659	105
1660	125
1661	404
1662	897
1663	550
1664	177
1665	429
1666	735
1667	854
1668	548
1669	725
1670	586
1671	357
1672	665
1673	96
1674	528
1675	325
1676	162
1677	559
1678	710
1679	902
1680	158
1681	679
1682	13
1683	732
1684	839
1685	795
1686	586
1687	44
1688	63
1689	211
1690	133
1691	412
1692	815
1693	163
1694	39
1695	263
1696	242
1697	374
1698	437
1699	719
1700	263
1701	914
1702	396
1703	715
1704	814
1705	918
1706	494
1707	153
1708	23
1709	302
1710	343
1711	213
1712	525
1713	955
1714	612
1715	374
1716	512
1717	326
1718	218
1719	376
1720	415
1721	310
1722	554
1723	772
1724	593
1725	605
1726	582
1727	392
1728	40
1729	553
1730	112
1731	960
1732	339
1733	198
1734	444
1735	929
1736	560
1737	299
1738	975
1739	693
1740	494
1741	85
1742	75
1743	579
1744	727
1745	526
1746	191
1747	17
1748	621
1749	350
1750	763
1751	568
1752	860
1753	699
1754	295
1755	623
1756	686
1757	342
1758	907
1759	618
1760	706
1761	340
1762	94
1763	227
1764	289
1765	359
1766	575
1767	518
1768	266
1769	403
1770	94
1771	958
1772	501
1773	600
1774	586
1775	297
1776	352
1777	780
1778	996
1779	333
1780	789
1781	64
1782	430
1783	136
1784	133
1785	504
1786	633
1787	499
1788	300
1789	25
1790	527
1791	570
1792	406
1793	67
1794	164
1795	499
1796	307
1797	700
1798	508
1799	208
1800	153
1801	504
1802	378
1803	776
1804	721
1805	280
1806	770
1807	821
1808	275
1809	382
1810	734
1811	292
1812	864
1813	227
1814	323
1815	837
1816	393
1817	782
1818	175
1819	705
1820	926
1821	481
1822	82
1823	975
1824	990
1825	967
1826	398
1827	370
1828	115
1829	394
1830	113
1831	380
1832	159
1833	969
1834	240
1835	229
1836	486
1837	781
1838	50
1839	671
1840	697
1841	735
1842	723
1843	428
1844	346
1845	792
1846	671
1847	161
1848	509
1849	970
1850	140
1851	159
1852	908
1853	316
1854	160
1855	851
1856	504
1857	932
1858	897
1859	17
1860	87
1861	918
1862	615
1863	121
1864	627
1865	716
1866	318
1867	505
1868	33
1869	289
1870	763
1871	473
1872	143
1873	574
1874	301
1875	231
1876	330
1877	835
1878	202
1879	528
1880	326
1881	928
1882	988
1883	866
1884	562
1885	403
1886	440
1887	125
1888	783
1889	446
1890	908
1891	528
1892	174
1893	155
1894	300
1895	356
1896	378
1897	494
1898	416
1899	716
1900	699
1901	901
1902	215
1903	809
1904	877
1905	976
1906	775
1907	31
1908	531
1909	312
1910	180
1911	34
1912	575
1913	145
1914	785
1915	668
1916	529
1917	906
1918	621
1919	258
1920	904
1921	355
1922	788
1923	66
1924	103
1925	428
1926	62
1927	649
1928	565
1929	623
1930	402
1931	87
1932	558
1933	858
1934	618
1935	301
1936	415
1937	487
1938	586
1939	958
1940	798
1941	155
1942	697
1943	882
1944	902
1945	564
1946	740
1947	541
1948	768
1949	237
1950	684
1951	412
1952	757
1953	910
1954	392
1955	220
1956	350
1957	294
1958	471
1959	82
1960	953
1961	605
1962	622
1963	76
1964	871
1965	848
1966	784
1967	369
1968	354
1969	660
1970	993
1971	501
1972	686
1973	225
1974	627
1975	354
1976	468
1977	630
1978	615
1979	174
1980	718
1981	411
1982	968
1983	523
1984	387
1985	567
1986	301
1987	290
1988	428
1989	265
1990	774
1991	718
1992	14
1993	117
1994	332
1995	969
1996	63
1997	114
1998	750
1999	321
2000	307
2001	731
2002	997
2003	976
2004	541
2005	564
2006	736
2007	457
2008	620
2009	879
2010	311
2011	160
2012	93
2013	468
2014	577
2015	911
2016	542
2017	16
2018	467
2019	776
2020	927
2021	206
2022	301
2023	284
2024	307
2025	890
2026	592
2027	384
2028	487
2029	695
2030	35
2031	108
2032	238
2033	721
2034	809
2035	734
2036	651
2037	499
2038	550
2039	103
2040	243
2041	745
2042	228
2043	404
2044	843
2045	264
2046	565
2047	878
2048	968
2049	32
2050	705
2051	724
2052	875
2053	770
2054	813
2055	320
2056	847
2057	67
2058	236
2059	120
2060	741
2061	475
2062	912
2063	344
2064	782
2065	602
2066	495
2067	256
2068	914
2069	58
2070	360
2071	36
2072	113
2073	965
2074	885
2075	190
2076	843
2077	242
2078	488
2079	764
2080	907
2081	592
2082	582
2083	332
2084	837
2085	456
2086	371
2087	567
2088	696
2089	288
2090	254
2091	57
2092	768
2093	311
2094	364
2095	81
2096	81
2097	964
2098	232
2099	880
2100	550
2101	225
2102	938
2103	186
2104	910
2105	184
2106	317
2107	393
2108	623
2109	677
2110	733
2111	28
2112	304
2113	745
2114	169
2115	376
2116	350
2117	674
2118	18
2119	907
2120	437
2121	366
2122	264
2123	400
2124	428
2125	958
2126	910
2127	771
2128	482
2129	736
2130	691
2131	612
2132	320
2133	557
2134	483
2135	854
2136	345
2137	122
2138	631
2139	434
2140	846
2141	875
2142	195
2143	771
2144	252
2145	737
2146	179
2147	952
2148	98
2149	497
2150	12
2151	431
2152	19
2153	706
2154	431
2155	883
2156	958
2157	208
2158	220
2159	58
2160	867
2161	367
2162	88
2163	369
2164	821
2165	597
2166	161
2167	299
2168	770
2169	976
2170	461
2171	349
2172	933
2173	805
2174	707
2175	345
2176	186
2177	929
2178	998
2179	18
2180	409
2181	392
2182	943
2183	91
2184	424
2185	207
2186	420
2187	387
2188	891
2189	625
2190	586
2191	665
2192	820
2193	78
2194	265
2195	388
2196	314
2197	617
2198	926
2199	100
2200	58
2201	436
2202	543
2203	559
2204	328
2205	704
2206	900
2207	294
2208	253
2209	993
2210	107
2211	152
2212	529
2213	607
2214	347
2215	521
2216	717
2217	980
2218	827
2219	450
2220	801
2221	656
2222	151
2223	201
2224	326
2225	608
2226	529
2227	140
2228	517
2229	226
2230	45
2231	991
2232	902
2233	763
2234	138
2235	827
2236	899
2237	153
2238	763
2239	432
2240	431
2241	848
2242	278
2243	270
2244	158
2245	610
2246	141
2247	447
2248	890
2249	584
2250	655
2251	289
2252	531
2253	301
2254	39
2255	27
2256	424
2257	21
2258	527
2259	278
2260	55
2261	266
2262	667
2263	528
2264	396
2265	669
2266	631
2267	872
2268	113
2269	74
2270	576
2271	333
2272	867
2273	882
2274	324
2275	499
2276	771
2277	107
2278	646
2279	180
2280	105
2281	991
2282	235
2283	653
2284	294
2285	58
2286	173
2287	983
2288	374
2289	925
2290	776
2291	176
2292	804
2293	593
2294	311
2295	34
2296	21
2297	197
2298	975
2299	165
2300	185
2301	230
2302	657
2303	808
2304	940
2305	949
2306	577
2307	927
2308	300
2309	133
2310	484
2311	749
2312	712
2313	116
2314	202
2315	186
2316	200
2317	571
2318	99
2319	346
2320	728
2321	881
2322	343
2323	480
2324	925
2325	154
2326	326
2327	516
2328	871
2329	318
2330	310
2331	380
2332	81
2333	644
2334	430
2335	920
2336	535
2337	628
2338	824
2339	641
2340	462
2341	769
2342	874
2343	187
2344	752
2345	82
2346	954
2347	618
2348	680
2349	497
2350	377
2351	402
2352	943
2353	157
2354	106
2355	247
2356	781
2357	869
2358	195
2359	919
2360	460
2361	673
2362	340
2363	90
2364	541
2365	504
2366	278
2367	923
2368	43
2369	245
2370	100
2371	530
2372	516
2373	909
2374	963
2375	320
2376	147
2377	24
2378	147
2379	501
2380	353
2381	32
2382	79
2383	438
2384	909
2385	591
2386	202
2387	89
2388	494
2389	944
2390	941
2391	212
2392	522
2393	938
2394	40
2395	42
2396	841
2397	974
2398	744
2399	736
2400	590
2401	172
2402	820
2403	450
2404	704
2405	589
2406	521
2407	799
2408	322
2409	676
2410	585
2411	757
2412	731
2413	668
2414	778
2415	336
2416	986
2417	17
2418	71
2419	905
2420	488
2421	893
2422	308
2423	812
2424	544
2425	340
2426	26
2427	677
2428	673
2429	553
2430	556
2431	388
2432	23
2433	900
2434	909
2435	144
2436	43
2437	431
2438	598
2439	667
2440	695
2441	442
2442	290
2443	735
2444	434
2445	719
2446	720
2447	462
2448	11
2449	576
2450	612
2451	686
2452	596
2453	974
2454	10
2455	997
2456	316
2457	789
2458	233
2459	326
2460	693
2461	278
2462	910
2463	940
2464	15
2465	400
2466	165
2467	469
2468	816
2469	663
2470	658
2471	39
2472	466
2473	259
2474	901
2475	146
2476	219
2477	930
2478	426
2479	288
2480	723
2481	699
2482	35
2483	771
2484	188
2485	444
2486	793
2487	534
2488	88
2489	251
2490	337
2491	509
2492	260
2493	479
2494	655
2495	451
2496	17
2497	173
2498	567
2499	456
2500	499
2501	228
2502	608
2503	417
2504	256
2505	948
2506	224
2507	428
2508	483
2509	908
2510	459
2511	235
2512	299
2513	987
2514	722
2515	280
2516	803
2517	107
2518	661
2519	246
2520	843
2521	616
2522	410
2523	15
2524	774
2525	453
2526	708
2527	326
2528	348
2529	670
2530	22
2531	617
2532	282
2533	432
2534	289
2535	151
2536	126
2537	443
2538	141
2539	87
2540	661
2541	690
2542	727
2543	279
2544	172
2545	688
2546	881
2547	988
2548	902
2549	741
2550	712
2551	934
2552	191
2553	866
2554	358
2555	57
2556	269
2557	579
2558	363
2559	762
2560	54
2561	446
2562	851
2563	108
2564	32
2565	740
2566	895
2567	422
2568	420
2569	338
2570	657
2571	375
2572	24
2573	51
2574	850
2575	772
2576	969
2577	144
2578	177
2579	368
2580	63
2581	857
2582	275
2583	197
2584	258
2585	772
2586	588
2587	193
2588	534
2589	424
2590	842
2591	638
2592	932
2593	538
2594	818
2595	133
2596	949
2597	115
2598	881
2599	441
2600	967
2601	433
2602	392
2603	984
2604	362
2605	984
2606	96
2607	39
2608	895
2609	779
2610	55
2611	35
2612	228
2613	243
2614	655
2615	493
2616	316
2617	782
2618	458
2619	353
2620	538
2621	276
2622	751
2623	360
2624	390
2625	679
2626	882
2627	220
2628	593
2629	403
2630	733
2631	183
2632	138
2633	617
2634	37
2635	124
2636	169
2637	980
2638	354
2639	126
2640	17
2641	158
2642	224
2643	370
2644	571
2645	851
2646	150
2647	236
2648	398
2649	563
2650	934
2651	577
2652	403
2653	649
2654	750
2655	247
2656	359
2657	748
2658	442
2659	735
2660	564
2661	407
2662	244
2663	270
2664	183
2665	648
2666	378
2667	467
2668	612
2669	373
2670	749
2671	413
2672	78
2673	425
2674	716
2675	655
2676	295
2677	605
2678	647
2679	110
2680	565
2681	656
2682	80
2683	920
2684	588
2685	267
2686	131
2687	876
2688	103
2689	985
2690	394
2691	248
2692	604
2693	921
2694	694
2695	473
2696	536
2697	343
2698	324
2699	669
2700	33
2701	487
2702	258
2703	370
2704	319
2705	929
2706	115
2707	232
2708	993
2709	392
2710	551
2711	322
2712	260
2713	812
2714	672
2715	44
2716	738
2717	930
2718	627
2719	948
2720	131
2721	505
2722	611
2723	129
2724	413
2725	450
2726	525
2727	312
2728	382
2729	640
2730	372
2731	664
2732	238
2733	992
2734	874
2735	76
2736	695
2737	268
2738	343
2739	216
2740	120
2741	999
2742	274
2743	215
2744	240
2745	449
2746	742
2747	923
2748	668
2749	956
2750	155
2751	87
2752	884
2753	525
2754	286
2755	32
2756	746
2757	904
2758	865
2759	261
2760	72
2761	104
2762	152
2763	467
2764	321
2765	938
2766	940
2767	969
2768	122
2769	332
2770	690
2771	308
2772	833
2773	369
2774	978
2775	696
2776	639
2777	736
2778	213
2779	378
2780	28
2781	458
2782	718
2783	149
2784	659
2785	937
2786	615
2787	614
2788	347
2789	14
2790	601
2791	95
2792	913
2793	242
2794	421
2795	872
2796	306
2797	979
2798	928
2799	407
2800	136
2801	965
2802	382
2803	111
2804	98
2805	598
2806	59
2807	107
2808	617
2809	882
2810	363
2811	568
2812	93
2813	146
2814	291
2815	570
2816	182
2817	600
2818	447
2819	110
2820	90
2821	650
2822	296
2823	817
2824	836
2825	312
2826	111
2827	611
2828	234
2829	355
2830	362
2831	313
2832	606
2833	581
2834	288
2835	498
2836	85
2837	408
2838	661
2839	849
2840	84
2841	11
2842	563
2843	367
2844	281
2845	84
2846	865
2847	147
2848	473
2849	885
2850	216
2851	117
2852	971
2853	929
2854	611
2855	750
2856	322
2857	950
2858	811
2859	379
2860	165
2861	27
2862	269
2863	717
2864	868
2865	271
2866	301
2867	573
2868	795
2869	324
2870	109
2871	514
2872	36
2873	177
2874	719
2875	764
2876	764
2877	880
2878	457
2879	780
2880	443
2881	66
2882	806
2883	297
2884	399
2885	233
2886	663
2887	166
2888	241
2889	247
2890	356
2891	343
2892	569
2893	562
2894	728
2895	469
2896	828
2897	991
2898	802
2899	625
2900	141
2901	255
2902	304
2903	721
2904	20
2905	103
2906	991
2907	49
2908	776
2909	877
2910	298
2911	812
2912	635
2913	861
2914	819
2915	300
2916	157
2917	854
2918	784
2919	77
2920	52
2921	636
2922	784
2923	544
2924	665
2925	232
2926	973
2927	649
2928	554
2929	281
2930	795
2931	675
2932	10
2933	878
2934	986
2935	453
2936	143
2937	960
2938	281
2939	64
2940	60
2941	720
2942	938
2943	236
2944	772
2945	903
2946	640
2947	500
2948	780
2949	818
2950	271
2951	653
2952	787
2953	308
2954	446
2955	745
2956	125
2957	736
2958	545
2959	308
2960	833
2961	881
2962	122
2963	67
2964	971
2965	396
2966	114
2967	162
2968	219
2969	889
2970	912
2971	248
2972	966
2973	953
2974	648
2975	445
2976	480
2977	320
2978	949
2979	68
2980	681
2981	148
2982	522
2983	733
2984	469
2985	379
2986	486
2987	188
2988	692
2989	259
2990	15
2991	849
2992	233
2993	61
2994	322
2995	567
2996	975
2997	35
2998	873
2999	286
3000	488
Classes	200
Teachers	100
1	57
2	18
3	77
4	80
5	7
6	57
7	100
8	73
9	16
10	11
11	78
12	50
13	28
14	19
15	93
16	27
17	56
18	42
19	76
20	28
21	10
22	79
23	75
24	6
25	75
26	67
27	61
28	54
29	97
30	5
31	63
32	46
33	50
34	3
35	38
36	68
37	47
38	29
39	84
40	55
41	13
42	89
43	22
44	30
45	10
46	70
47	85
48	66
49	18
50	14
51	88
52	65
53	92
54	88
55	41
56	79
57	99
58	1
59	7
60	91
61	31
62	43
63	55
64	42
65	66
66	90
67	12
68	48
69	39
70	100
71	9
72	67
73	5
74	96
75	1
76	51
77	15
78	35
79	95
80	92
81	41
82	36
83	95
84	73
85	36
86	64
87	39
88	90
89	17
90	43
91	38
92	74
93	52
94	91
95	82
96	71
97	37
98	60
99	87
100	25
101	74
102	9
103	77
104	16
105	65
106	56
107	96
108	59
109	2
110	17
111	62
112	84
113	13
114	98
115	64
116	99
117	33
118	70
119	12
120	22
121	80
122	20
123	76
124	3
125	60
126	71
127	24
128	45
129	25
130	29
131	93
132	63
133	52
134	69
135	27
136	26
137	89
138	31
139	2
140	47
141	83
142	21
143	87
144	33
145	78
146	98
147	6
148	19
149	45
150	30
151	69
152	44
153	20
154	8
155	37
156	97
157	11
158	62
159	83
160	46
161	14
162	23
163	40
164	23
165	58
166	26
167	32
168	44
169	72
170	51
171	40
172	85
173	4
174	32
175	53
176	61
177	15
178	35
179	21
180	54
181	68
182	81
183	34
184	34
185	82
186	94
187	53
188	72
189	4
190	94
191	49
192	81
193	49
194	58
195	59
196	24
197	8
198	48
199	86
200	86
