Class Times	30
Rooms	3000
1	232
2	583
3	959
4	21
5	678
6	302
7	358
8	586
9	499
10	550
11	948
12	134
13	807
14	66
15	81
16	718
17	475
18	117
19	794
20	670
21	48
22	458
23	917
24	958
25	947
26	355
27	959
28	371
29	532
30	244
31	632
32	25
33	554
34	411
35	907
36	307
37	254
38	267
39	70
40	825
41	766
42	231
43	403
44	989
45	719
46	450
47	327
48	587
49	74
50	418
51	532
52	646
53	907
54	545
55	54
56	547
57	255
58	186
59	250
60	542
61	521
62	422
63	250
64	550
65	46
66	33
67	773
68	151
69	990
70	857
71	42
72	276
73	539
74	951
75	732
76	934
77	591
78	892
79	606
80	906
81	863
82	177
83	602
84	530
85	764
86	506
87	900
88	31
89	592
90	912
91	895
92	156
93	921
94	113
95	859
96	211
97	234
98	809
99	670
100	248
101	340
102	655
103	500
104	142
105	78
106	424
107	840
108	387
109	635
110	284
111	794
112	725
113	151
114	955
115	540
116	615
117	839
118	411
119	133
120	958
121	899
122	890
123	796
124	694
125	334
126	942
127	908
128	236
129	544
130	198
131	914
132	747
133	470
134	665
135	274
136	955
137	555
138	149
139	315
140	279
141	923
142	206
143	790
144	508
145	101
146	281
147	927
148	533
149	833
150	106
151	811
152	550
153	399
154	776
155	151
156	808
157	20
158	263
159	336
160	181
161	207
162	810
163	615
164	281
165	453
166	675
167	308
168	366
169	604
170	647
171	715
172	609
173	167
174	855
175	973
176	592
177	306
178	92
179	80
180	830
181	250
182	429
183	27
184	750
185	479
186	692
187	158
188	463
189	740
190	417
191	345
192	761
193	939
194	536
195	37
196	224
197	415
198	505
199	836
200	699
201	194
202	677
203	334
204	397
205	155
206	10
207	914
208	600
209	287
210	453
211	708
212	134
213	52
214	663
215	200
216	533
217	280
218	613
219	417
220	784
221	552
222	497
223	678
224	969
225	968
226	872
227	276
228	818
229	322
230	714
231	667
232	998
233	428
234	900
235	790
236	513
237	488
238	480
239	800
240	326
241	529
242	823
243	272
244	262
245	187
246	627
247	911
248	690
249	347
250	503
251	454
252	97
253	969
254	790
255	853
256	859
257	719
258	266
259	769
260	550
261	828
262	267
263	29
264	806
265	778
266	615
267	156
268	983
269	949
270	779
271	119
272	576
273	556
274	467
275	214
276	980
277	414
278	983
279	522
280	789
281	977
282	716
283	936
284	532
285	213
286	609
287	889
288	579
289	842
290	718
291	66
292	269
293	738
294	586
295	569
296	331
297	158
298	946
299	884
300	169
301	113
302	238
303	53
304	529
305	503
306	474
307	876
308	733
309	964
310	264
311	118
312	683
313	713
314	159
315	102
316	912
317	779
318	891
319	37
320	139
321	15
322	396
323	368
324	653
325	494
326	633
327	14
328	457
329	384
330	103
331	322
332	316
333	606
334	201
335	162
336	18
337	720
338	954
339	434
340	873
341	556
342	11
343	393
344	142
345	428
346	657
347	767
348	208
349	124
350	176
351	947
352	370
353	931
354	493
355	477
356	456
357	292
358	344
359	804
360	133
361	606
362	29
363	958
364	120
365	694
366	855
367	751
368	295
369	899
370	841
371	307
372	25
373	193
374	694
375	874
376	60
377	612
378	179
379	667
380	154
381	624
382	310
383	953
384	649
385	217
386	72
387	439
388	973
389	269
390	53
391	523
392	539
393	60
394	196
395	298
396	583
397	452
398	85
399	523
400	818
401	218
402	792
403	730
404	859
405	348
406	795
407	990
408	794
409	302
410	177
411	307
412	602
413	672
414	577
415	672
416	804
417	404
418	211
419	534
420	397
421	270
422	348
423	265
424	685
425	710
426	791
427	470
428	883
429	196
430	825
431	900
432	451
433	960
434	762
435	824
436	74
437	963
438	536
439	505
440	101
441	98
442	799
443	88
444	967
445	93
446	557
447	710
448	761
449	875
450	94
451	76
452	335
453	684
454	880
455	732
456	785
457	384
458	970
459	427
460	576
461	623
462	646
463	683
464	635
465	279
466	691
467	698
468	680
469	780
470	844
471	816
472	85
473	885
474	321
475	89
476	356
477	562
478	332
479	834
480	414
481	958
482	422
483	468
484	233
485	896
486	598
487	429
488	24
489	654
490	573
491	950
492	731
493	178
494	717
495	354
496	103
497	294
498	808
499	133
500	570
501	469
502	27
503	661
504	870
505	704
506	264
507	16
508	816
509	544
510	513
511	117
512	207
513	815
514	746
515	136
516	995
517	779
518	900
519	401
520	130
521	258
522	860
523	170
524	519
525	48
526	977
527	668
528	463
529	390
530	94
531	295
532	416
533	142
534	551
535	608
536	317
537	185
538	871
539	817
540	356
541	78
542	586
543	542
544	951
545	618
546	166
547	661
548	461
549	787
550	305
551	176
552	362
553	294
554	785
555	898
556	637
557	458
558	806
559	993
560	369
561	913
562	310
563	44
564	722
565	666
566	650
567	968
568	266
569	210
570	296
571	526
572	963
573	83
574	67
575	694
576	397
577	482
578	860
579	824
580	70
581	155
582	953
583	258
584	286
585	897
586	218
587	555
588	215
589	634
590	764
591	852
592	558
593	955
594	259
595	217
596	390
597	347
598	978
599	569
600	11
601	203
602	979
603	679
604	456
605	630
606	939
607	822
608	909
609	671
610	122
611	853
612	412
613	614
614	687
615	761
616	896
617	785
618	679
619	831
620	563
621	948
622	922
623	217
624	434
625	607
626	568
627	541
628	275
629	364
630	71
631	837
632	261
633	532
634	922
635	33
636	333
637	653
638	27
639	960
640	49
641	580
642	97
643	531
644	30
645	293
646	920
647	665
648	652
649	160
650	156
651	934
652	407
653	817
654	255
655	34
656	582
657	260
658	671
659	543
660	337
661	630
662	886
663	827
664	271
665	593
666	67
667	831
668	408
669	592
670	480
671	524
672	177
673	957
674	65
675	575
676	950
677	83
678	88
679	140
680	760
681	536
682	281
683	662
684	949
685	767
686	553
687	522
688	782
689	430
690	389
691	34
692	786
693	434
694	197
695	542
696	514
697	13
698	496
699	398
700	538
701	535
702	308
703	867
704	956
705	951
706	492
707	844
708	620
709	168
710	906
711	520
712	405
713	998
714	656
715	936
716	428
717	243
718	494
719	681
720	981
721	596
722	635
723	614
724	796
725	407
726	961
727	151
728	497
729	484
730	937
731	229
732	42
733	297
734	48
735	393
736	985
737	363
738	526
739	828
740	477
741	116
742	237
743	417
744	252
745	301
746	600
747	288
748	485
749	578
750	187
751	523
752	740
753	552
754	786
755	808
756	207
757	358
758	616
759	557
760	146
761	816
762	926
763	407
764	237
765	947
766	336
767	557
768	145
769	700
770	317
771	925
772	933
773	34
774	692
775	373
776	838
777	341
778	901
779	690
780	57
781	742
782	820
783	565
784	648
785	768
786	143
787	152
788	789
789	406
790	353
791	862
792	288
793	547
794	273
795	623
796	701
797	344
798	793
799	461
800	189
801	532
802	749
803	63
804	105
805	323
806	873
807	686
808	324
809	618
810	128
811	433
812	72
813	219
814	916
815	72
816	228
817	316
818	16
819	860
820	590
821	964
822	226
823	152
824	763
825	722
826	265
827	386
828	649
829	24
830	703
831	353
832	105
833	541
834	77
835	49
836	749
837	517
838	425
839	838
840	19
841	17
842	846
843	303
844	635
845	615
846	574
847	489
848	779
849	735
850	978
851	629
852	704
853	74
854	395
855	131
856	605
857	366
858	169
859	891
860	960
861	158
862	996
863	655
864	608
865	907
866	844
867	315
868	157
869	688
870	559
871	21
872	337
873	469
874	492
875	766
876	100
877	534
878	328
879	688
880	760
881	526
882	753
883	836
884	197
885	479
886	78
887	201
888	806
889	25
890	416
891	130
892	419
893	906
894	109
895	989
896	445
897	445
898	834
899	395
900	125
901	947
902	566
903	258
904	578
905	100
906	70
907	574
908	489
909	63
910	73
911	377
912	58
913	551
914	146
915	935
916	464
917	194
918	656
919	326
920	230
921	999
922	110
923	550
924	537
925	757
926	64
927	662
928	830
929	963
930	240
931	707
932	881
933	529
934	710
935	715
936	29
937	157
938	480
939	242
940	944
941	517
942	533
943	280
944	764
945	41
946	680
947	318
948	716
949	729
950	550
951	291
952	57
953	756
954	219
955	57
956	629
957	272
958	477
959	143
960	702
961	501
962	796
963	182
964	235
965	925
966	102
967	549
968	905
969	420
970	827
971	993
972	495
973	919
974	832
975	564
976	991
977	554
978	393
979	235
980	925
981	791
982	187
983	810
984	389
985	865
986	95
987	523
988	472
989	836
990	805
991	43
992	120
993	692
994	331
995	119
996	442
997	675
998	964
999	875
1000	738
1001	468
1002	204
1003	670
1004	738
1005	630
1006	589
1007	10
1008	51
1009	536
1010	147
1011	311
1012	848
1013	713
1014	726
1015	42
1016	427
1017	218
1018	678
1019	620
1020	157
1021	886
1022	432
1023	92
1024	414
1025	46
1026	74
1027	917
1028	495
1029	145
1030	948
1031	407
1032	456
1033	342
1034	463
1035	948
1036	996
1037	691
1038	97
1039	359
1040	635
1041	801
1042	172
1043	74
1044	564
1045	278
1046	989
1047	864
1048	718
1049	779
1050	34
1051	216
1052	591
1053	26
1054	56
1055	572
1056	597
1057	356
1058	455
1059	97
1060	87
1061	942
1062	739
1063	132
1064	930
1065	101
1066	576
1067	621
1068	327
1069	432
1070	70
1071	506
1072	572
1073	620
1074	193
1075	26
1076	61
1077	335
1078	24
1079	677
1080	63
1081	598
1082	527
1083	986
1084	198
1085	618
1086	914
1087	775
1088	436
1089	17
1090	741
1091	28
1092	883
1093	453
1094	718
1095	654
1096	355
1097	779
1098	906
1099	196
1100	925
1101	709
1102	474
1103	823
1104	396
1105	759
1106	688
1107	794
1108	341
1109	791
1110	853
1111	886
1112	426
1113	334
1114	400
1115	763
1116	194
1117	423
1118	361
1119	907
1120	761
1121	481
1122	48
1123	99
1124	651
1125	829
1126	39
1127	657
1128	890
1129	271
1130	46
1131	475
1132	542
1133	423
1134	898
1135	302
1136	498
1137	104
1138	797
1139	844
1140	597
1141	410
1142	52
1143	894
1144	575
1145	28
1146	959
1147	926
1148	118
1149	541
1150	139
1151	29
1152	546
1153	596
1154	199
1155	593
1156	546
1157	224
1158	591
1159	914
1160	292
1161	506
1162	585
1163	569
1164	166
1165	666
1166	10
1167	855
1168	225
1169	225
1170	326
1171	179
1172	878
1173	902
1174	291
1175	866
1176	689
1177	463
1178	142
1179	609
1180	956
1181	446
1182	104
1183	413
1184	140
1185	128
1186	61
1187	898
1188	299
1189	454
1190	522
1191	493
1192	728
1193	658
1194	508
1195	786
1196	720
1197	163
1198	517
1199	472
1200	422
1201	554
1202	387
1203	632
1204	819
1205	948
1206	787
1207	907
1208	645
1209	718
1210	698
1211	973
1212	488
1213	391
1214	692
1215	13
1216	265
1217	89
1218	642
1219	510
1220	620
1221	875
1222	556
1223	500
1224	605
1225	640
1226	454
1227	996
1228	170
1229	325
1230	335
1231	468
1232	989
1233	508
1234	213
1235	263
1236	889
1237	452
1238	817
1239	91
1240	369
1241	311
1242	796
1243	252
1244	191
1245	817
1246	732
1247	265
1248	246
1249	349
1250	666
1251	318
1252	437
1253	757
1254	865
1255	14
1256	607
1257	545
1258	576
1259	896
1260	436
1261	607
1262	160
1263	596
1264	899
1265	154
1266	527
1267	180
1268	695
1269	668
1270	949
1271	802
1272	783
1273	505
1274	231
1275	852
1276	419
1277	218
1278	44
1279	20
1280	915
1281	992
1282	943
1283	734
1284	360
1285	750
1286	841
1287	543
1288	663
1289	463
1290	371
1291	700
1292	861
1293	501
1294	208
1295	336
1296	154
1297	888
1298	121
1299	530
1300	797
1301	694
1302	497
1303	78
1304	888
1305	298
1306	941
1307	292
1308	190
1309	896
1310	357
1311	842
1312	808
1313	966
1314	196
1315	111
1316	978
1317	969
1318	300
1319	706
1320	240
1321	210
1322	997
1323	764
1324	492
1325	749
1326	496
1327	913
1328	240
1329	692
1330	964
1331	979
1332	586
1333	729
1334	614
1335	115
1336	394
1337	494
1338	350
1339	133
1340	108
1341	310
1342	114
1343	426
1344	993
1345	459
1346	673
1347	889
1348	454
1349	146
1350	626
1351	416
1352	455
1353	421
1354	660
1355	648
1356	766
1357	308
1358	193
1359	619
1360	588
1361	295
1362	575
1363	272
1364	662
1365	714
1366	644
1367	820
1368	458
1369	474
1370	802
1371	732
1372	986
1373	207
1374	477
1375	350
1376	224
1377	576
1378	273
1379	202
1380	809
1381	306
1382	415
1383	238
1384	602
1385	582
1386	401
1387	74
1388	197
1389	444
1390	497
1391	768
1392	461
1393	941
1394	858
1395	277
1396	291
1397	777
1398	107
1399	644
1400	66
1401	74
1402	934
1403	124
1404	647
1405	365
1406	257
1407	949
1408	707
1409	813
1410	395
1411	76
1412	640
1413	643
1414	958
1415	357
1416	456
1417	415
1418	970
1419	317
1420	350
1421	616
1422	661
1423	11
1424	802
1425	203
1426	236
1427	200
1428	340
1429	40
1430	875
1431	248
1432	438
1433	113
1434	168
1435	511
1436	292
1437	212
1438	77
1439	632
1440	223
1441	746
1442	295
1443	121
1444	483
1445	877
1446	280
1447	650
1448	951
1449	173
1450	214
1451	561
1452	836
1453	516
1454	504
1455	266
1456	623
1457	179
1458	262
1459	238
1460	315
1461	196
1462	132
1463	589
1464	119
1465	99
1466	978
1467	68
1468	130
1469	900
1470	400
1471	140
1472	815
1473	515
1474	242
1475	900
1476	545
1477	727
1478	986
1479	376
1480	743
1481	331
1482	352
1483	630
1484	661
1485	810
1486	33
1487	12
1488	287
1489	864
1490	482
1491	346
1492	871
1493	515
1494	355
1495	872
1496	66
1497	529
1498	522
1499	269
1500	619
1501	401
1502	870
1503	350
1504	860
1505	571
1506	91
1507	677
1508	206
1509	962
1510	718
1511	948
1512	47
1513	186
1514	911
1515	662
1516	467
1517	142
1518	600
1519	204
1520	312
1521	970
1522	854
1523	527
1524	419
1525	598
1526	175
1527	820
1528	417
1529	384
1530	840
1531	522
1532	890
1533	943
1534	458
1535	77
1536	726
1537	221
1538	712
1539	874
1540	766
1541	562
1542	380
1543	399
1544	364
1545	805
1546	568
1547	223
1548	235
1549	750
1550	202
1551	514
1552	150
1553	737
1554	323
1555	193
1556	184
1557	491
1558	285
1559	830
1560	334
1561	212
1562	487
1563	398
1564	797
1565	557
1566	893
1567	293
1568	729
1569	383
1570	840
1571	931
1572	61
1573	403
1574	916
1575	837
1576	594
1577	945
1578	488
1579	316
1580	858
1581	422
1582	216
1583	267
1584	397
1585	317
1586	983
1587	43
1588	388
1589	636
1590	122
1591	506
1592	406
1593	407
1594	783
1595	54
1596	158
1597	920
1598	996
1599	414
1600	801
1601	185
1602	741
1603	901
1604	240
1605	88
1606	27
1607	657
1608	912
1609	283
1610	731
1611	861
1612	174
1613	15
1614	328
1615	601
1616	35
1617	146
1618	477
1619	37
1620	922
1621	163
1622	689
1623	33
1624	208
1625	119
1626	426
1627	338
1628	621
1629	306
1630	246
1631	28
1632	373
1633	755
1634	304
1635	367
1636	465
1637	308
1638	225
1639	739
1640	67
1641	571
1642	124
1643	76
1644	801
1645	275
1646	952
1647	434
1648	75
1649	856
1650	862
1651	884
1652	71
1653	967
1654	139
1655	910
1656	405
1657	273
1658	753
1659	98
1660	770
1661	844
1662	175
1663	599
1664	952
1665	867
1666	980
1667	145
1668	797
1669	332
1670	980
1671	348
1672	444
1673	246
1674	111
1675	234
1676	551
1677	358
1678	767
1679	577
1680	246
1681	219
1682	770
1683	627
1684	701
1685	221
1686	428
1687	619
1688	999
1689	295
1690	366
1691	96
1692	785
1693	894
1694	141
1695	736
1696	16
1697	769
1698	178
1699	317
1700	909
1701	33
1702	214
1703	87
1704	600
1705	819
1706	175
1707	457
1708	572
1709	507
1710	745
1711	666
1712	110
1713	519
1714	79
1715	684
1716	643
1717	553
1718	810
1719	517
1720	164
1721	920
1722	399
1723	171
1724	338
1725	730
1726	842
1727	354
1728	468
1729	835
1730	381
1731	53
1732	76
1733	18
1734	696
1735	502
1736	524
1737	783
1738	205
1739	843
1740	47
1741	487
1742	336
1743	285
1744	152
1745	100
1746	740
1747	68
1748	431
1749	748
1750	419
1751	725
1752	105
1753	708
1754	143
1755	36
1756	104
1757	280
1758	215
1759	372
1760	509
1761	486
1762	830
1763	693
1764	912
1765	349
1766	34
1767	802
1768	306
1769	305
1770	389
1771	556
1772	691
1773	200
1774	150
1775	826
1776	367
1777	269
1778	319
1779	38
1780	188
1781	138
1782	546
1783	323
1784	646
1785	626
1786	339
1787	255
1788	470
1789	267
1790	54
1791	414
1792	76
1793	840
1794	956
1795	716
1796	522
1797	342
1798	411
1799	165
1800	638
1801	373
1802	118
1803	320
1804	776
1805	10
1806	740
1807	646
1808	802
1809	355
1810	504
1811	889
1812	15
1813	366
1814	184
1815	384
1816	830
1817	350
1818	790
1819	914
1820	892
1821	358
1822	59
1823	959
1824	557
1825	698
1826	239
1827	911
1828	244
1829	916
1830	945
1831	143
1832	689
1833	844
1834	363
1835	864
1836	935
1837	287
1838	962
1839	861
1840	579
1841	195
1842	407
1843	278
1844	409
1845	32
1846	169
1847	440
1848	117
1849	664
1850	695
1851	466
1852	400
1853	717
1854	626
1855	529
1856	286
1857	226
1858	904
1859	433
1860	828
1861	98
1862	872
1863	751
1864	778
1865	862
1866	114
1867	807
1868	487
1869	655
1870	362
1871	488
1872	861
1873	673
1874	871
1875	509
1876	242
1877	581
1878	582
1879	741
1880	679
1881	542
1882	227
1883	200
1884	740
1885	563
1886	989
1887	284
1888	143
1889	942
1890	114
1891	90
1892	375
1893	981
1894	201
1895	622
1896	443
1897	172
1898	247
1899	403
1900	586
1901	438
1902	130
1903	230
1904	357
1905	809
1906	504
1907	516
1908	721
1909	125
1910	819
1911	930
1912	375
1913	322
1914	874
1915	959
1916	762
1917	134
1918	158
1919	696
1920	975
1921	519
1922	849
1923	486
1924	473
1925	952
1926	310
1927	742
1928	316
1929	808
1930	466
1931	764
1932	861
1933	801
1934	183
1935	563
1936	707
1937	798
1938	737
1939	779
1940	958
1941	475
1942	841
1943	547
1944	684
1945	568
1946	94
1947	531
1948	371
1949	640
1950	144
1951	675
1952	232
1953	736
1954	384
1955	455
1956	243
1957	312
1958	29
1959	377
1960	385
1961	770
1962	705
1963	34
1964	906
1965	154
1966	745
1967	554
1968	448
1969	633
1970	621
1971	856
1972	513
1973	145
1974	129
1975	895
1976	368
1977	81
1978	578
1979	116
1980	680
1981	705
1982	102
1983	652
1984	226
1985	343
1986	437
1987	256
1988	567
1989	85
1990	573
1991	534
1992	88
1993	954
1994	550
1995	879
1996	205
1997	169
1998	49
1999	871
2000	840
2001	705
2002	665
2003	928
2004	482
2005	552
2006	803
2007	820
2008	131
2009	492
2010	947
2011	587
2012	855
2013	684
2014	675
2015	202
2016	749
2017	73
2018	855
2019	105
2020	182
2021	395
2022	26
2023	611
2024	720
2025	105
2026	157
2027	81
2028	932
2029	112
2030	512
2031	596
2032	274
2033	958
2034	360
2035	922
2036	661
2037	170
2038	521
2039	783
2040	938
2041	102
2042	78
2043	888
2044	66
2045	507
2046	243
2047	604
2048	348
2049	499
2050	115
2051	503
2052	969
2053	918
2054	634
2055	598
2056	776
2057	50
2058	172
2059	334
2060	266
2061	790
2062	128
2063	217
2064	536
2065	46
2066	782
2067	666
2068	213
2069	896
2070	431
2071	843
2072	444
2073	252
2074	676
2075	81
2076	91
2077	446
2078	398
2079	960
2080	776
2081	156
2082	157
2083	872
2084	158
2085	909
2086	696
2087	421
2088	531
2089	937
2090	185
2091	185
2092	446
2093	783
2094	264
2095	394
2096	671
2097	955
2098	891
2099	601
2100	345
2101	388
2102	925
2103	990
2104	915
2105	931
2106	735
2107	558
2108	168
2109	356
2110	339
2111	232
2112	283
2113	367
2114	206
2115	964
2116	632
2117	310
2118	256
2119	886
2120	541
2121	819
2122	144
2123	241
2124	409
2125	303
2126	646
2127	968
2128	712
2129	802
2130	886
2131	554
2132	585
2133	567
2134	564
2135	349
2136	406
2137	994
2138	94
2139	36
2140	409
2141	856
2142	498
2143	765
2144	988
2145	431
2146	872
2147	596
2148	236
2149	430
2150	304
2151	773
2152	486
2153	83
2154	299
2155	387
2156	223
2157	312
2158	850
2159	695
2160	938
2161	946
2162	240
2163	49
2164	50
2165	122
2166	625
2167	702
2168	378
2169	496
2170	812
2171	558
2172	425
2173	10
2174	41
2175	900
2176	135
2177	508
2178	212
2179	166
2180	169
2181	764
2182	926
2183	479
2184	824
2185	335
2186	148
2187	400
2188	963
2189	355
2190	870
2191	190
2192	104
2193	293
2194	817
2195	652
2196	225
2197	206
2198	942
2199	967
2200	537
2201	700
2202	862
2203	350
2204	594
2205	853
2206	619
2207	943
2208	384
2209	807
2210	59
2211	490
2212	301
2213	333
2214	885
2215	816
2216	844
2217	202
2218	866
2219	485
2220	549
2221	564
2222	262
2223	652
2224	88
2225	987
2226	708
2227	934
2228	855
2229	71
2230	378
2231	947
2232	206
2233	261
2234	452
2235	686
2236	502
2237	568
2238	44
2239	209
2240	16
2241	549
2242	360
2243	449
2244	709
2245	104
2246	108
2247	451
2248	514
2249	443
2250	797
2251	260
2252	872
2253	394
2254	327
2255	840
2256	606
2257	271
2258	77
2259	400
2260	321
2261	943
2262	467
2263	981
2264	789
2265	965
2266	682
2267	573
2268	33
2269	397
2270	136
2271	498
2272	205
2273	168
2274	816
2275	880
2276	30
2277	44
2278	640
2279	370
2280	700
2281	43
2282	356
2283	627
2284	974
2285	544
2286	917
2287	726
2288	332
2289	672
2290	697
2291	994
2292	13
2293	834
2294	820
2295	967
2296	893
2297	738
2298	958
2299	501
2300	605
2301	180
2302	521
2303	639
2304	120
2305	304
2306	419
2307	353
2308	37
2309	213
2310	598
2311	56
2312	266
2313	614
2314	13
2315	134
2316	537
2317	618
2318	267
2319	430
2320	973
2321	415
2322	669
2323	726
2324	321
2325	563
2326	673
2327	238
2328	473
2329	158
2330	627
2331	935
2332	138
2333	758
2334	677
2335	437
2336	176
2337	87
2338	338
2339	149
2340	99
2341	458
2342	448
2343	694
2344	443
2345	793
2346	743
2347	170
2348	308
2349	959
2350	352
2351	877
2352	905
2353	183
2354	645
2355	726
2356	629
2357	701
2358	118
2359	772
2360	609
2361	213
2362	362
2363	972
2364	57
2365	899
2366	790
2367	638
2368	60
2369	133
2370	743
2371	136
2372	845
2373	179
2374	319
2375	88
2376	139
2377	936
2378	533
2379	678
2380	955
2381	227
2382	418
2383	731
2384	678
2385	993
2386	287
2387	460
2388	812
2389	829
2390	539
2391	356
2392	409
2393	684
2394	831
2395	645
2396	78
2397	110
2398	960
2399	417
2400	934
2401	859
2402	977
2403	877
2404	666
2405	666
2406	713
2407	545
2408	504
2409	773
2410	291
2411	750
2412	839
2413	116
2414	980
2415	988
2416	65
2417	601
2418	293
2419	421
2420	808
2421	608
2422	785
2423	976
2424	451
2425	656
2426	132
2427	425
2428	84
2429	926
2430	217
2431	790
2432	434
2433	573
2434	595
2435	600
2436	439
2437	572
2438	194
2439	550
2440	439
2441	419
2442	845
2443	632
2444	133
2445	870
2446	951
2447	897
2448	47
2449	818
2450	594
2451	920
2452	703
2453	187
2454	457
2455	226
2456	372
2457	662
2458	390
2459	405
2460	675
2461	252
2462	796
2463	588
2464	765
2465	757
2466	777
2467	375
2468	105
2469	883
2470	446
2471	405
2472	354
2473	301
2474	451
2475	683
2476	899
2477	959
2478	288
2479	548
2480	305
2481	495
2482	165
2483	416
2484	862
2485	444
2486	908
2487	903
2488	29
2489	11
2490	248
2491	647
2492	906
2493	966
2494	364
2495	346
2496	673
2497	232
2498	676
2499	190
2500	484
2501	60
2502	375
2503	553
2504	847
2505	478
2506	216
2507	760
2508	630
2509	436
2510	719
2511	730
2512	651
2513	397
2514	913
2515	843
2516	602
2517	589
2518	506
2519	671
2520	750
2521	700
2522	482
2523	218
2524	637
2525	711
2526	382
2527	722
2528	513
2529	483
2530	80
2531	277
2532	917
2533	659
2534	555
2535	26
2536	714
2537	849
2538	125
2539	514
2540	564
2541	527
2542	100
2543	551
2544	946
2545	685
2546	325
2547	601
2548	867
2549	545
2550	462
2551	889
2552	244
2553	579
2554	461
2555	361
2556	72
2557	930
2558	446
2559	922
2560	110
2561	855
2562	957
2563	254
2564	163
2565	180
2566	685
2567	436
2568	770
2569	761
2570	20
2571	110
2572	533
2573	959
2574	704
2575	238
2576	988
2577	384
2578	67
2579	472
2580	495
2581	696
2582	962
2583	450
2584	488
2585	20
2586	799
2587	412
2588	946
2589	29
2590	840
2591	566
2592	804
2593	941
2594	475
2595	550
2596	47
2597	321
2598	450
2599	186
2600	77
2601	493
2602	87
2603	879
2604	664
2605	459
2606	241
2607	712
2608	875
2609	344
2610	368
2611	181
2612	448
2613	469
2614	949
2615	884
2616	357
2617	816
2618	813
2619	829
2620	933
2621	845
2622	964
2623	553
2624	284
2625	769
2626	726
2627	660
2628	484
2629	467
2630	323
2631	179
2632	940
2633	163
2634	359
2635	441
2636	506
2637	926
2638	775
2639	429
2640	339
2641	277
2642	464
2643	945
2644	643
2645	224
2646	73
2647	419
2648	231
2649	760
2650	192
2651	936
2652	593
2653	255
2654	46
2655	456
2656	522
2657	260
2658	19
2659	669
2660	236
2661	672
2662	833
2663	725
2664	386
2665	503
2666	715
2667	631
2668	58
2669	912
2670	371
2671	871
2672	542
2673	269
2674	655
2675	649
2676	789
2677	990
2678	336
2679	289
2680	269
2681	251
2682	423
2683	817
2684	578
2685	29
2686	646
2687	852
2688	569
2689	443
2690	878
2691	601
2692	906
2693	753
2694	773
2695	46
2696	300
2697	75
2698	889
2699	998
2700	204
2701	702
2702	656
2703	392
2704	884
2705	332
2706	536
2707	954
2708	749
2709	574
2710	10
2711	24
2712	756
2713	633
2714	531
2715	897
2716	477
2717	804
2718	592
2719	191
2720	475
2721	970
2722	601
2723	58
2724	839
2725	962
2726	803
2727	815
2728	88
2729	293
2730	967
2731	147
2732	95
2733	661
2734	87
2735	677
2736	245
2737	469
2738	813
2739	96
2740	954
2741	396
2742	113
2743	13
2744	71
2745	687
2746	485
2747	713
2748	791
2749	480
2750	573
2751	571
2752	967
2753	383
2754	503
2755	643
2756	175
2757	748
2758	63
2759	474
2760	78
2761	944
2762	909
2763	472
2764	873
2765	286
2766	154
2767	565
2768	174
2769	758
2770	303
2771	590
2772	361
2773	763
2774	192
2775	977
2776	675
2777	698
2778	912
2779	332
2780	617
2781	481
2782	170
2783	134
2784	377
2785	596
2786	690
2787	752
2788	760
2789	81
2790	152
2791	466
2792	312
2793	545
2794	566
2795	939
2796	402
2797	428
2798	264
2799	504
2800	637
2801	965
2802	480
2803	645
2804	396
2805	940
2806	725
2807	823
2808	837
2809	724
2810	573
2811	954
2812	435
2813	604
2814	628
2815	293
2816	212
2817	267
2818	650
2819	71
2820	379
2821	856
2822	138
2823	245
2824	183
2825	72
2826	684
2827	186
2828	277
2829	282
2830	617
2831	312
2832	673
2833	167
2834	255
2835	482
2836	512
2837	527
2838	763
2839	279
2840	318
2841	491
2842	37
2843	243
2844	595
2845	741
2846	30
2847	586
2848	44
2849	314
2850	218
2851	414
2852	653
2853	956
2854	920
2855	297
2856	392
2857	636
2858	461
2859	547
2860	871
2861	511
2862	679
2863	637
2864	521
2865	859
2866	283
2867	285
2868	716
2869	681
2870	221
2871	957
2872	707
2873	425
2874	157
2875	701
2876	965
2877	90
2878	159
2879	436
2880	55
2881	296
2882	427
2883	419
2884	359
2885	270
2886	614
2887	831
2888	796
2889	561
2890	44
2891	606
2892	744
2893	149
2894	707
2895	696
2896	741
2897	207
2898	473
2899	188
2900	660
2901	707
2902	370
2903	329
2904	907
2905	348
2906	808
2907	897
2908	228
2909	286
2910	811
2911	412
2912	829
2913	992
2914	762
2915	444
2916	416
2917	363
2918	288
2919	567
2920	580
2921	280
2922	563
2923	560
2924	913
2925	638
2926	853
2927	703
2928	821
2929	622
2930	98
2931	797
2932	750
2933	430
2934	76
2935	902
2936	135
2937	298
2938	355
2939	720
2940	301
2941	69
2942	857
2943	504
2944	885
2945	825
2946	271
2947	338
2948	256
2949	264
2950	712
2951	107
2952	256
2953	691
2954	205
2955	75
2956	623
2957	657
2958	339
2959	572
2960	717
2961	557
2962	999
2963	804
2964	819
2965	911
2966	133
2967	467
2968	36
2969	998
2970	336
2971	381
2972	504
2973	804
2974	601
2975	866
2976	382
2977	461
2978	26
2979	476
2980	893
2981	752
2982	551
2983	454
2984	51
2985	416
2986	690
2987	32
2988	944
2989	78
2990	160
2991	344
2992	891
2993	666
2994	532
2995	86
2996	806
2997	49
2998	376
2999	510
3000	451
Classes	200
Teachers	100
1	51
2	99
3	57
4	81
5	57
6	99
7	56
8	25
9	52
10	62
11	37
12	81
13	43
14	16
15	11
16	39
17	89
18	74
19	86
20	65
21	91
22	85
23	33
24	8
25	47
26	89
27	98
28	39
29	94
30	65
31	24
32	44
33	98
34	33
35	80
36	8
37	17
38	76
39	52
40	94
41	44
42	5
43	88
44	55
45	55
46	10
47	79
48	3
49	16
50	96
51	14
52	13
53	1
54	69
55	60
56	22
57	19
58	31
59	69
60	37
61	86
62	1
63	72
64	17
65	75
66	48
67	10
68	23
69	53
70	26
71	36
72	2
73	54
74	56
75	100
76	63
77	87
78	80
79	6
80	34
81	27
82	92
83	77
84	4
85	95
86	82
87	28
88	21
89	54
90	77
91	87
92	27
93	53
94	6
95	35
96	38
97	50
98	96
99	18
100	75
101	13
102	19
103	11
104	85
105	21
106	61
107	2
108	22
109	63
110	92
111	95
112	42
113	43
114	9
115	38
116	4
117	72
118	82
119	7
120	91
121	100
122	76
123	32
124	40
125	32
126	51
127	28
128	61
129	62
130	50
131	23
132	59
133	90
134	12
135	88
136	29
137	48
138	5
139	30
140	46
141	45
142	83
143	59
144	41
145	14
146	49
147	7
148	41
149	35
150	20
151	60
152	97
153	31
154	3
155	34
156	26
157	20
158	49
159	12
160	73
161	15
162	83
163	58
164	73
165	40
166	93
167	71
168	18
169	15
170	68
171	97
172	66
173	36
174	90
175	84
176	67
177	24
178	84
179	9
180	42
181	46
182	78
183	78
184	58
185	47
186	70
187	93
188	79
189	66
190	45
191	25
192	29
193	30
194	67
195	64
196	70
197	68
198	64
199	74
200	71
