Class Times	30
Rooms	1000
1	48
2	638
3	660
4	222
5	948
6	528
7	726
8	756
9	918
10	850
11	51
12	386
13	799
14	668
15	242
16	690
17	831
18	517
19	853
20	329
21	898
22	495
23	340
24	785
25	241
26	284
27	914
28	543
29	672
30	147
31	511
32	641
33	621
34	779
35	173
36	297
37	283
38	126
39	936
40	580
41	472
42	575
43	420
44	380
45	297
46	468
47	102
48	397
49	344
50	193
51	799
52	78
53	525
54	691
55	448
56	800
57	122
58	236
59	736
60	199
61	250
62	265
63	729
64	681
65	569
66	295
67	804
68	916
69	155
70	577
71	146
72	998
73	728
74	321
75	286
76	275
77	350
78	496
79	721
80	199
81	476
82	523
83	61
84	958
85	688
86	222
87	490
88	689
89	897
90	380
91	239
92	532
93	463
94	969
95	109
96	265
97	736
98	187
99	93
100	648
101	239
102	291
103	401
104	780
105	147
106	783
107	808
108	717
109	301
110	831
111	702
112	52
113	578
114	481
115	309
116	892
117	625
118	717
119	701
120	311
121	448
122	816
123	323
124	34
125	773
126	864
127	532
128	292
129	357
130	29
131	239
132	988
133	470
134	593
135	871
136	499
137	578
138	995
139	365
140	389
141	836
142	775
143	158
144	836
145	393
146	453
147	787
148	605
149	525
150	116
151	267
152	641
153	409
154	479
155	717
156	801
157	829
158	718
159	911
160	483
161	950
162	92
163	753
164	423
165	164
166	107
167	358
168	326
169	837
170	502
171	787
172	509
173	788
174	723
175	175
176	825
177	564
178	781
179	954
180	255
181	880
182	814
183	825
184	944
185	123
186	247
187	666
188	800
189	274
190	843
191	928
192	237
193	80
194	383
195	809
196	680
197	187
198	954
199	426
200	646
201	579
202	549
203	151
204	819
205	579
206	137
207	537
208	59
209	175
210	426
211	204
212	552
213	173
214	188
215	922
216	979
217	147
218	353
219	291
220	641
221	503
222	775
223	291
224	692
225	242
226	56
227	914
228	868
229	747
230	548
231	712
232	51
233	101
234	818
235	346
236	439
237	921
238	40
239	158
240	228
241	758
242	221
243	110
244	943
245	328
246	606
247	724
248	839
249	962
250	525
251	137
252	612
253	921
254	753
255	960
256	581
257	680
258	667
259	407
260	816
261	268
262	157
263	792
264	106
265	539
266	125
267	216
268	116
269	230
270	633
271	720
272	572
273	409
274	309
275	779
276	308
277	606
278	823
279	661
280	874
281	323
282	385
283	403
284	347
285	118
286	532
287	937
288	222
289	370
290	884
291	217
292	239
293	768
294	38
295	175
296	567
297	991
298	596
299	509
300	423
301	172
302	449
303	151
304	189
305	314
306	180
307	725
308	663
309	243
310	932
311	422
312	239
313	670
314	586
315	344
316	631
317	460
318	10
319	925
320	285
321	771
322	993
323	466
324	168
325	458
326	463
327	884
328	380
329	978
330	946
331	330
332	366
333	28
334	539
335	206
336	317
337	383
338	823
339	748
340	493
341	429
342	564
343	791
344	479
345	332
346	242
347	327
348	910
349	765
350	152
351	567
352	775
353	920
354	834
355	357
356	203
357	767
358	205
359	249
360	23
361	822
362	162
363	464
364	849
365	164
366	293
367	906
368	146
369	368
370	566
371	438
372	12
373	184
374	760
375	889
376	797
377	726
378	54
379	97
380	919
381	308
382	775
383	630
384	744
385	227
386	599
387	829
388	12
389	591
390	909
391	152
392	717
393	437
394	201
395	175
396	630
397	279
398	272
399	176
400	537
401	989
402	942
403	678
404	17
405	471
406	77
407	233
408	356
409	325
410	745
411	678
412	984
413	820
414	614
415	704
416	184
417	538
418	13
419	580
420	614
421	19
422	18
423	539
424	30
425	977
426	271
427	876
428	101
429	810
430	634
431	147
432	274
433	628
434	310
435	738
436	773
437	239
438	292
439	161
440	173
441	658
442	248
443	521
444	503
445	19
446	192
447	866
448	673
449	55
450	379
451	807
452	998
453	179
454	475
455	468
456	198
457	949
458	36
459	310
460	534
461	99
462	634
463	823
464	222
465	950
466	477
467	382
468	447
469	702
470	427
471	180
472	167
473	65
474	65
475	225
476	47
477	938
478	36
479	848
480	290
481	391
482	54
483	341
484	468
485	698
486	65
487	264
488	946
489	126
490	338
491	522
492	255
493	669
494	650
495	422
496	21
497	175
498	76
499	534
500	500
501	544
502	350
503	600
504	751
505	482
506	493
507	514
508	656
509	922
510	703
511	182
512	142
513	531
514	708
515	482
516	278
517	208
518	507
519	320
520	81
521	891
522	962
523	413
524	149
525	363
526	319
527	903
528	704
529	218
530	944
531	35
532	719
533	371
534	618
535	99
536	572
537	990
538	54
539	878
540	811
541	380
542	148
543	820
544	216
545	951
546	90
547	239
548	107
549	398
550	145
551	995
552	373
553	565
554	875
555	97
556	150
557	517
558	211
559	362
560	845
561	495
562	277
563	865
564	227
565	53
566	34
567	563
568	770
569	423
570	627
571	368
572	502
573	102
574	804
575	814
576	903
577	587
578	513
579	276
580	755
581	251
582	451
583	159
584	436
585	950
586	452
587	737
588	113
589	970
590	587
591	514
592	601
593	651
594	726
595	548
596	11
597	368
598	316
599	908
600	435
601	617
602	949
603	52
604	995
605	526
606	150
607	378
608	775
609	998
610	892
611	230
612	687
613	750
614	83
615	738
616	816
617	946
618	236
619	337
620	584
621	235
622	727
623	58
624	289
625	833
626	327
627	941
628	536
629	512
630	570
631	173
632	564
633	882
634	768
635	694
636	796
637	461
638	901
639	997
640	34
641	399
642	537
643	778
644	782
645	766
646	776
647	68
648	14
649	441
650	701
651	853
652	24
653	324
654	297
655	156
656	905
657	998
658	387
659	238
660	874
661	889
662	853
663	474
664	208
665	55
666	284
667	109
668	195
669	711
670	708
671	73
672	217
673	836
674	348
675	63
676	938
677	440
678	791
679	142
680	764
681	140
682	521
683	379
684	852
685	892
686	294
687	740
688	170
689	727
690	117
691	378
692	848
693	784
694	490
695	416
696	129
697	666
698	354
699	599
700	21
701	248
702	505
703	408
704	658
705	275
706	927
707	820
708	939
709	697
710	195
711	647
712	312
713	798
714	794
715	605
716	51
717	20
718	89
719	35
720	423
721	54
722	317
723	640
724	722
725	329
726	532
727	258
728	622
729	876
730	954
731	223
732	68
733	245
734	280
735	372
736	123
737	805
738	72
739	955
740	98
741	359
742	627
743	41
744	852
745	358
746	852
747	338
748	479
749	151
750	977
751	741
752	155
753	810
754	749
755	688
756	940
757	319
758	963
759	497
760	910
761	421
762	394
763	78
764	643
765	651
766	622
767	890
768	143
769	772
770	48
771	770
772	168
773	270
774	67
775	188
776	982
777	404
778	997
779	339
780	807
781	867
782	879
783	618
784	367
785	59
786	601
787	705
788	403
789	374
790	79
791	324
792	627
793	256
794	725
795	378
796	811
797	685
798	604
799	38
800	659
801	44
802	390
803	583
804	113
805	85
806	906
807	241
808	393
809	619
810	802
811	165
812	212
813	786
814	495
815	627
816	502
817	890
818	575
819	85
820	729
821	904
822	482
823	397
824	891
825	371
826	26
827	661
828	758
829	764
830	450
831	506
832	328
833	101
834	478
835	122
836	71
837	76
838	137
839	15
840	434
841	565
842	369
843	378
844	510
845	146
846	617
847	447
848	294
849	445
850	144
851	140
852	148
853	442
854	427
855	532
856	534
857	221
858	794
859	662
860	846
861	437
862	545
863	701
864	33
865	440
866	516
867	208
868	161
869	561
870	779
871	528
872	78
873	371
874	114
875	733
876	285
877	643
878	986
879	648
880	99
881	255
882	384
883	419
884	304
885	736
886	689
887	713
888	834
889	286
890	254
891	381
892	833
893	727
894	268
895	704
896	172
897	675
898	403
899	279
900	552
901	408
902	464
903	175
904	647
905	824
906	559
907	749
908	301
909	997
910	208
911	160
912	218
913	742
914	996
915	33
916	717
917	293
918	742
919	993
920	454
921	316
922	740
923	806
924	725
925	489
926	103
927	778
928	145
929	940
930	961
931	162
932	337
933	85
934	270
935	936
936	976
937	381
938	635
939	226
940	919
941	663
942	196
943	415
944	682
945	207
946	917
947	503
948	207
949	619
950	566
951	752
952	862
953	682
954	12
955	861
956	807
957	157
958	606
959	861
960	542
961	76
962	102
963	669
964	650
965	833
966	622
967	324
968	352
969	488
970	945
971	168
972	903
973	270
974	765
975	802
976	16
977	761
978	54
979	754
980	831
981	912
982	663
983	792
984	965
985	411
986	653
987	960
988	343
989	492
990	690
991	541
992	599
993	22
994	243
995	529
996	631
997	445
998	596
999	284
1000	805
Classes	100
Teachers	50
1	46
2	30
3	34
4	5
5	15
6	37
7	41
8	21
9	46
10	32
11	29
12	49
13	26
14	39
15	43
16	13
17	16
18	20
19	40
20	20
21	40
22	34
23	50
24	17
25	4
26	39
27	2
28	31
29	1
30	7
31	43
32	17
33	19
34	48
35	11
36	26
37	6
38	21
39	3
40	2
41	41
42	5
43	3
44	27
45	38
46	18
47	37
48	25
49	45
50	8
51	22
52	45
53	18
54	6
55	50
56	24
57	10
58	31
59	22
60	35
61	14
62	48
63	24
64	42
65	12
66	28
67	32
68	25
69	36
70	7
71	14
72	10
73	4
74	44
75	44
76	35
77	36
78	27
79	12
80	1
81	42
82	29
83	19
84	23
85	13
86	30
87	11
88	16
89	9
90	28
91	8
92	47
93	23
94	15
95	47
96	49
97	9
98	38
99	33
100	33
