Class Times	30
Rooms	1000
1	594
2	439
3	818
4	772
5	522
6	924
7	488
8	273
9	63
10	139
11	535
12	918
13	643
14	987
15	181
16	732
17	585
18	127
19	425
20	416
21	416
22	687
23	103
24	912
25	884
26	472
27	432
28	685
29	366
30	217
31	453
32	275
33	483
34	954
35	978
36	161
37	271
38	473
39	205
40	436
41	805
42	190
43	326
44	877
45	342
46	302
47	625
48	682
49	200
50	555
51	327
52	109
53	341
54	211
55	736
56	895
57	780
58	68
59	509
60	693
61	811
62	418
63	33
64	53
65	452
66	624
67	771
68	77
69	825
70	151
71	844
72	103
73	376
74	640
75	509
76	574
77	490
78	199
79	767
80	136
81	480
82	819
83	848
84	897
85	547
86	620
87	425
88	381
89	481
90	867
91	383
92	632
93	106
94	979
95	629
96	796
97	690
98	476
99	884
100	647
101	236
102	923
103	135
104	828
105	957
106	217
107	731
108	585
109	954
110	79
111	879
112	956
113	458
114	382
115	957
116	494
117	471
118	130
119	626
120	743
121	943
122	474
123	526
124	130
125	65
126	788
127	437
128	77
129	456
130	48
131	908
132	398
133	470
134	668
135	43
136	460
137	881
138	874
139	25
140	948
141	661
142	485
143	948
144	414
145	244
146	61
147	352
148	840
149	199
150	131
151	938
152	948
153	621
154	219
155	423
156	872
157	400
158	832
159	814
160	663
161	982
162	504
163	898
164	242
165	579
166	441
167	374
168	841
169	86
170	63
171	75
172	704
173	330
174	20
175	138
176	544
177	535
178	563
179	121
180	770
181	794
182	471
183	631
184	659
185	321
186	340
187	256
188	848
189	509
190	592
191	108
192	484
193	231
194	702
195	764
196	798
197	857
198	775
199	910
200	499
201	30
202	835
203	971
204	827
205	974
206	254
207	460
208	626
209	162
210	164
211	483
212	102
213	15
214	866
215	27
216	473
217	766
218	368
219	272
220	134
221	241
222	689
223	840
224	631
225	783
226	566
227	938
228	501
229	635
230	401
231	684
232	563
233	525
234	653
235	866
236	117
237	614
238	295
239	267
240	46
241	93
242	932
243	62
244	798
245	732
246	21
247	265
248	759
249	309
250	262
251	343
252	896
253	117
254	407
255	48
256	224
257	671
258	377
259	874
260	920
261	116
262	852
263	830
264	617
265	922
266	19
267	991
268	429
269	608
270	347
271	868
272	132
273	523
274	218
275	162
276	725
277	859
278	887
279	953
280	598
281	212
282	798
283	175
284	132
285	521
286	464
287	899
288	399
289	318
290	441
291	809
292	973
293	808
294	611
295	623
296	850
297	204
298	695
299	706
300	903
301	302
302	867
303	994
304	522
305	464
306	605
307	679
308	326
309	949
310	759
311	154
312	290
313	170
314	753
315	703
316	380
317	359
318	668
319	535
320	108
321	339
322	635
323	361
324	337
325	104
326	94
327	58
328	83
329	439
330	977
331	887
332	537
333	308
334	801
335	415
336	458
337	317
338	168
339	19
340	911
341	231
342	371
343	178
344	977
345	409
346	273
347	193
348	306
349	611
350	844
351	175
352	54
353	604
354	333
355	394
356	662
357	286
358	132
359	561
360	93
361	224
362	356
363	311
364	660
365	36
366	352
367	328
368	538
369	12
370	200
371	517
372	998
373	400
374	814
375	874
376	902
377	962
378	40
379	437
380	286
381	434
382	592
383	366
384	415
385	49
386	184
387	722
388	136
389	792
390	411
391	377
392	864
393	411
394	244
395	384
396	887
397	886
398	822
399	16
400	493
401	139
402	188
403	45
404	123
405	829
406	631
407	686
408	683
409	590
410	694
411	735
412	731
413	135
414	357
415	666
416	767
417	733
418	314
419	95
420	715
421	955
422	310
423	950
424	149
425	803
426	232
427	883
428	924
429	731
430	87
431	183
432	390
433	621
434	344
435	986
436	694
437	546
438	538
439	72
440	252
441	800
442	25
443	962
444	566
445	652
446	321
447	314
448	722
449	757
450	378
451	937
452	777
453	837
454	687
455	51
456	801
457	224
458	303
459	83
460	795
461	976
462	992
463	584
464	831
465	395
466	304
467	466
468	483
469	532
470	408
471	806
472	858
473	591
474	320
475	363
476	323
477	997
478	613
479	369
480	788
481	337
482	991
483	521
484	436
485	669
486	150
487	865
488	627
489	437
490	569
491	745
492	984
493	959
494	514
495	364
496	636
497	581
498	429
499	914
500	988
501	913
502	903
503	709
504	719
505	270
506	619
507	473
508	446
509	127
510	342
511	888
512	972
513	710
514	74
515	759
516	212
517	370
518	189
519	889
520	900
521	555
522	22
523	694
524	16
525	969
526	772
527	612
528	449
529	737
530	264
531	881
532	488
533	454
534	341
535	109
536	676
537	936
538	104
539	786
540	244
541	738
542	898
543	570
544	596
545	333
546	474
547	461
548	472
549	624
550	840
551	744
552	365
553	258
554	732
555	142
556	850
557	517
558	790
559	721
560	872
561	583
562	587
563	266
564	990
565	839
566	172
567	751
568	539
569	165
570	262
571	544
572	966
573	655
574	170
575	343
576	808
577	767
578	635
579	283
580	166
581	90
582	250
583	725
584	979
585	432
586	178
587	535
588	857
589	279
590	214
591	919
592	561
593	746
594	642
595	636
596	860
597	387
598	742
599	606
600	479
601	203
602	369
603	201
604	621
605	997
606	931
607	513
608	381
609	935
610	489
611	36
612	304
613	110
614	624
615	431
616	131
617	725
618	896
619	346
620	512
621	287
622	617
623	583
624	743
625	70
626	938
627	154
628	351
629	475
630	711
631	922
632	41
633	464
634	647
635	94
636	833
637	944
638	237
639	858
640	151
641	67
642	299
643	758
644	781
645	591
646	249
647	984
648	528
649	480
650	336
651	206
652	621
653	789
654	926
655	747
656	792
657	854
658	238
659	439
660	742
661	411
662	620
663	270
664	223
665	566
666	720
667	767
668	490
669	377
670	910
671	234
672	742
673	913
674	868
675	150
676	948
677	423
678	811
679	430
680	635
681	535
682	31
683	42
684	437
685	360
686	347
687	416
688	206
689	757
690	101
691	111
692	530
693	54
694	213
695	826
696	210
697	542
698	806
699	504
700	446
701	988
702	81
703	108
704	17
705	846
706	660
707	688
708	469
709	951
710	785
711	637
712	793
713	476
714	905
715	587
716	153
717	639
718	357
719	38
720	565
721	548
722	643
723	262
724	81
725	791
726	902
727	666
728	138
729	699
730	180
731	462
732	949
733	427
734	806
735	676
736	656
737	61
738	221
739	206
740	957
741	114
742	158
743	443
744	780
745	733
746	71
747	872
748	331
749	390
750	338
751	764
752	36
753	505
754	877
755	578
756	372
757	400
758	988
759	268
760	503
761	625
762	351
763	74
764	224
765	748
766	736
767	908
768	616
769	642
770	545
771	112
772	952
773	541
774	148
775	307
776	184
777	113
778	507
779	85
780	745
781	156
782	194
783	970
784	717
785	780
786	174
787	458
788	279
789	130
790	981
791	972
792	656
793	822
794	565
795	55
796	640
797	985
798	898
799	88
800	656
801	932
802	820
803	30
804	602
805	384
806	380
807	134
808	119
809	165
810	432
811	355
812	132
813	194
814	566
815	441
816	613
817	309
818	344
819	679
820	841
821	714
822	688
823	819
824	882
825	515
826	986
827	627
828	178
829	72
830	437
831	312
832	688
833	583
834	21
835	175
836	672
837	89
838	959
839	683
840	820
841	27
842	518
843	55
844	301
845	96
846	145
847	831
848	429
849	685
850	919
851	159
852	141
853	703
854	455
855	163
856	599
857	66
858	190
859	419
860	399
861	715
862	576
863	574
864	309
865	908
866	853
867	58
868	358
869	824
870	34
871	135
872	579
873	86
874	697
875	892
876	259
877	598
878	471
879	913
880	942
881	645
882	989
883	201
884	107
885	564
886	118
887	704
888	127
889	550
890	336
891	486
892	710
893	843
894	479
895	737
896	56
897	64
898	704
899	962
900	332
901	21
902	207
903	181
904	469
905	84
906	944
907	567
908	638
909	146
910	896
911	979
912	332
913	483
914	191
915	865
916	977
917	180
918	128
919	435
920	570
921	26
922	703
923	90
924	213
925	863
926	358
927	39
928	891
929	373
930	797
931	787
932	624
933	363
934	533
935	337
936	502
937	97
938	575
939	215
940	122
941	577
942	55
943	41
944	902
945	41
946	303
947	847
948	746
949	147
950	390
951	820
952	334
953	824
954	891
955	574
956	702
957	465
958	431
959	552
960	449
961	576
962	365
963	582
964	765
965	42
966	341
967	790
968	581
969	900
970	511
971	379
972	187
973	634
974	368
975	212
976	915
977	679
978	50
979	392
980	84
981	423
982	281
983	975
984	646
985	650
986	304
987	995
988	409
989	351
990	201
991	221
992	394
993	226
994	124
995	488
996	707
997	428
998	522
999	405
1000	818
Classes	100
Teachers	50
1	14
2	6
3	45
4	43
5	29
6	12
7	46
8	38
9	42
10	22
11	40
12	19
13	40
14	17
15	6
16	39
17	33
18	19
19	44
20	22
21	26
22	38
23	32
24	45
25	33
26	3
27	48
28	15
29	35
30	48
31	7
32	27
33	7
34	13
35	10
36	26
37	12
38	46
39	15
40	35
41	10
42	16
43	4
44	29
45	5
46	2
47	2
48	11
49	5
50	1
51	23
52	20
53	27
54	32
55	8
56	13
57	18
58	8
59	16
60	18
61	49
62	17
63	49
64	34
65	36
66	34
67	3
68	42
69	30
70	50
71	50
72	44
73	21
74	28
75	23
76	28
77	9
78	24
79	36
80	25
81	47
82	25
83	39
84	37
85	41
86	21
87	30
88	11
89	4
90	31
91	9
92	37
93	43
94	14
95	1
96	41
97	47
98	24
99	31
100	20
