Class Times	30
Rooms	800
1	697
2	909
3	151
4	350
5	640
6	739
7	37
8	509
9	451
10	528
11	556
12	622
13	394
14	167
15	568
16	787
17	683
18	984
19	877
20	712
21	756
22	977
23	41
24	578
25	590
26	894
27	574
28	805
29	866
30	333
31	68
32	364
33	871
34	482
35	628
36	471
37	252
38	669
39	43
40	376
41	751
42	89
43	791
44	659
45	886
46	362
47	537
48	447
49	802
50	520
51	246
52	669
53	232
54	797
55	614
56	339
57	742
58	240
59	498
60	913
61	275
62	823
63	424
64	589
65	260
66	28
67	10
68	267
69	196
70	381
71	474
72	815
73	405
74	938
75	145
76	748
77	734
78	458
79	865
80	209
81	962
82	537
83	337
84	417
85	687
86	180
87	21
88	901
89	352
90	884
91	644
92	196
93	469
94	386
95	628
96	993
97	281
98	970
99	398
100	692
101	622
102	618
103	350
104	621
105	596
106	957
107	423
108	66
109	665
110	376
111	888
112	902
113	933
114	398
115	48
116	973
117	192
118	580
119	511
120	382
121	864
122	82
123	177
124	345
125	656
126	903
127	415
128	597
129	433
130	270
131	819
132	114
133	640
134	23
135	948
136	821
137	639
138	267
139	838
140	219
141	461
142	185
143	644
144	752
145	570
146	820
147	988
148	649
149	431
150	688
151	504
152	429
153	232
154	797
155	246
156	163
157	910
158	414
159	699
160	646
161	210
162	478
163	763
164	269
165	409
166	418
167	396
168	495
169	464
170	428
171	278
172	832
173	713
174	989
175	346
176	764
177	313
178	428
179	216
180	592
181	111
182	625
183	64
184	422
185	738
186	937
187	715
188	692
189	995
190	403
191	379
192	512
193	783
194	845
195	565
196	624
197	339
198	132
199	758
200	363
201	532
202	675
203	995
204	484
205	321
206	914
207	77
208	179
209	720
210	370
211	850
212	954
213	570
214	374
215	310
216	671
217	623
218	678
219	524
220	115
221	131
222	526
223	545
224	754
225	22
226	700
227	93
228	442
229	866
230	640
231	378
232	768
233	646
234	602
235	328
236	540
237	145
238	578
239	223
240	325
241	521
242	630
243	457
244	69
245	338
246	894
247	208
248	268
249	706
250	618
251	216
252	683
253	193
254	88
255	763
256	950
257	158
258	718
259	217
260	141
261	329
262	283
263	692
264	517
265	151
266	855
267	676
268	462
269	419
270	702
271	168
272	509
273	649
274	441
275	269
276	96
277	913
278	455
279	163
280	980
281	757
282	197
283	174
284	468
285	941
286	822
287	791
288	711
289	867
290	609
291	608
292	456
293	354
294	289
295	287
296	995
297	991
298	375
299	586
300	961
301	362
302	280
303	677
304	334
305	849
306	305
307	112
308	821
309	488
310	583
311	22
312	839
313	958
314	812
315	22
316	115
317	651
318	577
319	298
320	435
321	33
322	646
323	321
324	900
325	428
326	847
327	448
328	245
329	275
330	572
331	123
332	624
333	450
334	760
335	585
336	980
337	276
338	176
339	305
340	917
341	882
342	303
343	917
344	700
345	42
346	282
347	681
348	352
349	669
350	193
351	64
352	292
353	733
354	597
355	644
356	981
357	971
358	588
359	924
360	250
361	556
362	98
363	222
364	372
365	955
366	879
367	152
368	39
369	587
370	256
371	142
372	224
373	441
374	976
375	518
376	502
377	510
378	922
379	656
380	653
381	514
382	283
383	194
384	916
385	167
386	515
387	826
388	707
389	546
390	950
391	263
392	213
393	695
394	508
395	486
396	400
397	174
398	480
399	696
400	170
401	135
402	922
403	394
404	591
405	140
406	426
407	49
408	576
409	621
410	53
411	908
412	523
413	858
414	324
415	796
416	360
417	630
418	919
419	44
420	879
421	580
422	100
423	207
424	77
425	489
426	552
427	871
428	993
429	798
430	926
431	995
432	415
433	568
434	306
435	407
436	798
437	607
438	631
439	762
440	568
441	387
442	67
443	997
444	951
445	31
446	523
447	667
448	671
449	465
450	872
451	157
452	703
453	264
454	651
455	812
456	924
457	733
458	361
459	819
460	774
461	142
462	630
463	858
464	345
465	567
466	913
467	206
468	930
469	465
470	743
471	281
472	450
473	287
474	923
475	840
476	576
477	379
478	42
479	426
480	834
481	128
482	390
483	843
484	132
485	934
486	987
487	613
488	769
489	212
490	191
491	300
492	810
493	381
494	59
495	474
496	722
497	999
498	34
499	169
500	837
501	451
502	705
503	192
504	135
505	121
506	322
507	664
508	916
509	232
510	982
511	679
512	322
513	103
514	760
515	479
516	512
517	644
518	393
519	379
520	103
521	13
522	173
523	285
524	203
525	683
526	858
527	986
528	172
529	175
530	81
531	761
532	122
533	931
534	96
535	629
536	176
537	490
538	68
539	637
540	375
541	672
542	796
543	673
544	895
545	80
546	274
547	281
548	67
549	196
550	661
551	43
552	852
553	799
554	544
555	176
556	514
557	429
558	590
559	851
560	246
561	531
562	745
563	818
564	133
565	239
566	637
567	174
568	99
569	446
570	312
571	674
572	288
573	875
574	367
575	898
576	196
577	869
578	740
579	340
580	557
581	343
582	703
583	201
584	231
585	474
586	909
587	605
588	684
589	162
590	410
591	352
592	554
593	458
594	178
595	849
596	559
597	275
598	965
599	565
600	778
601	740
602	971
603	912
604	728
605	344
606	512
607	226
608	424
609	641
610	503
611	893
612	848
613	564
614	522
615	753
616	786
617	663
618	981
619	224
620	778
621	771
622	428
623	900
624	304
625	524
626	767
627	927
628	996
629	59
630	999
631	877
632	482
633	285
634	928
635	381
636	435
637	603
638	289
639	966
640	891
641	847
642	223
643	433
644	673
645	883
646	159
647	155
648	486
649	698
650	338
651	833
652	201
653	396
654	89
655	613
656	810
657	794
658	186
659	622
660	86
661	498
662	562
663	476
664	912
665	177
666	450
667	296
668	361
669	906
670	564
671	542
672	698
673	517
674	106
675	56
676	209
677	304
678	86
679	713
680	972
681	421
682	659
683	553
684	767
685	448
686	109
687	529
688	541
689	651
690	883
691	463
692	617
693	83
694	659
695	358
696	966
697	935
698	396
699	605
700	456
701	339
702	470
703	972
704	146
705	233
706	990
707	684
708	941
709	289
710	532
711	636
712	816
713	399
714	45
715	300
716	279
717	456
718	502
719	162
720	50
721	610
722	894
723	484
724	320
725	811
726	992
727	381
728	498
729	383
730	685
731	169
732	62
733	875
734	117
735	29
736	388
737	431
738	847
739	577
740	356
741	874
742	273
743	56
744	993
745	66
746	708
747	269
748	870
749	41
750	178
751	716
752	435
753	692
754	121
755	301
756	501
757	83
758	133
759	833
760	702
761	577
762	495
763	83
764	461
765	972
766	150
767	204
768	830
769	463
770	73
771	577
772	794
773	841
774	301
775	721
776	312
777	200
778	819
779	817
780	912
781	605
782	549
783	621
784	785
785	796
786	804
787	232
788	373
789	746
790	842
791	880
792	648
793	527
794	705
795	745
796	145
797	27
798	628
799	338
800	706
Classes	100
Teachers	50
1	45
2	12
3	37
4	13
5	22
6	1
7	43
8	5
9	18
10	37
11	15
12	36
13	15
14	40
15	36
16	3
17	30
18	35
19	50
20	16
21	9
22	12
23	18
24	17
25	47
26	7
27	4
28	8
29	16
30	5
31	19
32	32
33	35
34	17
35	27
36	40
37	34
38	13
39	11
40	28
41	6
42	45
43	21
44	11
45	21
46	27
47	20
48	44
49	34
50	50
51	7
52	47
53	2
54	46
55	30
56	20
57	4
58	26
59	2
60	44
61	26
62	25
63	25
64	38
65	38
66	48
67	6
68	31
69	9
70	29
71	29
72	49
73	41
74	33
75	32
76	49
77	46
78	1
79	19
80	28
81	23
82	48
83	23
84	24
85	39
86	33
87	39
88	31
89	22
90	8
91	14
92	24
93	42
94	10
95	3
96	43
97	10
98	42
99	41
100	14
