Class Times	20
Rooms	10000
1	485
2	960
3	294
4	703
5	640
6	861
7	532
8	226
9	771
10	875
11	269
12	650
13	183
14	433
15	527
16	985
17	36
18	621
19	310
20	728
21	472
22	70
23	426
24	967
25	545
26	417
27	511
28	130
29	189
30	226
31	316
32	50
33	563
34	606
35	11
36	649
37	420
38	472
39	470
40	844
41	898
42	431
43	968
44	467
45	255
46	724
47	459
48	702
49	159
50	385
51	866
52	486
53	974
54	772
55	859
56	796
57	603
58	180
59	656
60	380
61	217
62	828
63	80
64	618
65	898
66	937
67	433
68	847
69	242
70	104
71	494
72	573
73	108
74	459
75	241
76	88
77	894
78	377
79	432
80	577
81	379
82	376
83	738
84	28
85	309
86	504
87	258
88	293
89	32
90	40
91	109
92	483
93	439
94	145
95	579
96	660
97	52
98	377
99	697
100	885
101	363
102	616
103	798
104	393
105	552
106	471
107	131
108	837
109	569
110	837
111	937
112	951
113	797
114	763
115	774
116	586
117	335
118	189
119	528
120	841
121	468
122	707
123	220
124	908
125	496
126	936
127	196
128	779
129	53
130	498
131	758
132	921
133	434
134	459
135	796
136	733
137	963
138	911
139	23
140	716
141	207
142	422
143	139
144	735
145	54
146	777
147	516
148	871
149	32
150	649
151	670
152	617
153	490
154	362
155	301
156	406
157	339
158	815
159	417
160	27
161	386
162	231
163	978
164	712
165	599
166	954
167	656
168	262
169	137
170	388
171	897
172	876
173	985
174	148
175	270
176	816
177	778
178	223
179	830
180	636
181	780
182	850
183	282
184	658
185	470
186	739
187	296
188	160
189	39
190	533
191	643
192	724
193	668
194	841
195	519
196	897
197	695
198	608
199	454
200	461
201	797
202	814
203	104
204	624
205	844
206	719
207	404
208	502
209	207
210	125
211	662
212	805
213	97
214	308
215	942
216	151
217	141
218	573
219	155
220	653
221	550
222	684
223	431
224	618
225	616
226	389
227	986
228	118
229	29
230	769
231	451
232	645
233	497
234	190
235	911
236	252
237	118
238	73
239	847
240	383
241	128
242	36
243	272
244	666
245	54
246	189
247	35
248	220
249	268
250	699
251	378
252	684
253	961
254	211
255	718
256	620
257	784
258	945
259	960
260	336
261	201
262	325
263	964
264	752
265	722
266	232
267	695
268	319
269	928
270	887
271	837
272	208
273	11
274	429
275	557
276	552
277	184
278	647
279	278
280	889
281	10
282	479
283	251
284	998
285	659
286	174
287	593
288	875
289	589
290	332
291	738
292	58
293	595
294	748
295	389
296	520
297	53
298	640
299	836
300	838
301	851
302	835
303	936
304	199
305	550
306	753
307	944
308	587
309	118
310	818
311	807
312	612
313	359
314	927
315	223
316	151
317	954
318	413
319	973
320	518
321	75
322	588
323	923
324	712
325	868
326	177
327	750
328	486
329	588
330	305
331	210
332	873
333	148
334	724
335	699
336	369
337	307
338	594
339	300
340	957
341	577
342	990
343	983
344	855
345	303
346	154
347	987
348	926
349	715
350	477
351	856
352	620
353	949
354	956
355	331
356	938
357	62
358	827
359	493
360	366
361	398
362	988
363	483
364	28
365	296
366	321
367	59
368	294
369	773
370	465
371	368
372	231
373	232
374	506
375	608
376	371
377	62
378	463
379	755
380	86
381	389
382	369
383	480
384	924
385	465
386	657
387	629
388	58
389	747
390	478
391	758
392	249
393	241
394	117
395	938
396	335
397	242
398	190
399	932
400	846
401	573
402	744
403	343
404	163
405	814
406	804
407	994
408	468
409	995
410	831
411	137
412	553
413	29
414	629
415	28
416	755
417	413
418	56
419	378
420	360
421	868
422	261
423	873
424	160
425	260
426	913
427	157
428	144
429	788
430	126
431	653
432	451
433	79
434	244
435	907
436	614
437	181
438	235
439	449
440	969
441	709
442	48
443	260
444	978
445	748
446	233
447	287
448	653
449	58
450	722
451	759
452	735
453	528
454	494
455	391
456	461
457	52
458	739
459	106
460	288
461	765
462	623
463	496
464	233
465	98
466	854
467	383
468	954
469	562
470	946
471	522
472	229
473	679
474	100
475	563
476	817
477	190
478	767
479	835
480	254
481	218
482	910
483	713
484	21
485	430
486	915
487	259
488	609
489	606
490	736
491	248
492	269
493	337
494	951
495	73
496	712
497	95
498	918
499	364
500	506
501	789
502	617
503	722
504	684
505	157
506	408
507	736
508	611
509	335
510	504
511	186
512	865
513	194
514	826
515	783
516	613
517	405
518	865
519	621
520	746
521	694
522	616
523	986
524	779
525	65
526	258
527	880
528	457
529	386
530	623
531	478
532	508
533	749
534	210
535	34
536	654
537	616
538	223
539	347
540	943
541	407
542	681
543	384
544	320
545	905
546	341
547	335
548	981
549	496
550	892
551	725
552	653
553	90
554	883
555	99
556	207
557	161
558	231
559	673
560	160
561	890
562	92
563	651
564	174
565	709
566	545
567	779
568	579
569	435
570	797
571	628
572	562
573	140
574	706
575	689
576	445
577	861
578	552
579	513
580	344
581	143
582	336
583	421
584	535
585	203
586	106
587	500
588	444
589	459
590	889
591	952
592	733
593	890
594	574
595	435
596	208
597	975
598	34
599	453
600	457
601	126
602	858
603	995
604	112
605	26
606	600
607	667
608	876
609	332
610	767
611	568
612	167
613	911
614	305
615	780
616	176
617	652
618	614
619	83
620	734
621	580
622	898
623	323
624	896
625	294
626	313
627	865
628	424
629	395
630	46
631	755
632	838
633	774
634	757
635	678
636	76
637	42
638	296
639	287
640	529
641	327
642	313
643	915
644	982
645	393
646	650
647	377
648	904
649	190
650	330
651	823
652	836
653	794
654	920
655	970
656	668
657	925
658	447
659	431
660	850
661	141
662	551
663	645
664	937
665	139
666	936
667	49
668	371
669	307
670	236
671	511
672	272
673	856
674	732
675	551
676	986
677	552
678	351
679	586
680	982
681	489
682	952
683	953
684	132
685	134
686	594
687	13
688	380
689	391
690	642
691	503
692	902
693	389
694	414
695	649
696	323
697	793
698	135
699	126
700	90
701	217
702	802
703	892
704	381
705	947
706	913
707	213
708	856
709	293
710	808
711	601
712	731
713	425
714	287
715	448
716	121
717	136
718	534
719	904
720	653
721	839
722	792
723	900
724	70
725	304
726	845
727	99
728	695
729	69
730	794
731	777
732	880
733	505
734	69
735	637
736	190
737	905
738	529
739	889
740	427
741	504
742	665
743	489
744	97
745	149
746	935
747	481
748	873
749	887
750	925
751	806
752	856
753	397
754	366
755	963
756	619
757	828
758	628
759	667
760	331
761	961
762	349
763	85
764	570
765	806
766	299
767	641
768	440
769	381
770	383
771	143
772	616
773	261
774	474
775	879
776	13
777	601
778	158
779	346
780	870
781	725
782	190
783	977
784	518
785	468
786	866
787	674
788	923
789	865
790	444
791	866
792	515
793	875
794	589
795	323
796	326
797	145
798	882
799	65
800	897
801	676
802	151
803	629
804	165
805	540
806	868
807	798
808	151
809	948
810	53
811	233
812	710
813	115
814	146
815	60
816	208
817	685
818	969
819	341
820	707
821	230
822	952
823	798
824	678
825	335
826	946
827	240
828	84
829	851
830	994
831	824
832	665
833	867
834	969
835	576
836	604
837	93
838	670
839	66
840	481
841	358
842	897
843	476
844	288
845	281
846	353
847	485
848	414
849	799
850	727
851	333
852	893
853	943
854	70
855	834
856	561
857	444
858	936
859	887
860	574
861	547
862	593
863	678
864	702
865	148
866	460
867	420
868	97
869	806
870	397
871	813
872	204
873	672
874	930
875	720
876	844
877	63
878	928
879	752
880	888
881	119
882	431
883	373
884	490
885	447
886	839
887	654
888	991
889	485
890	372
891	733
892	562
893	436
894	235
895	173
896	117
897	928
898	523
899	326
900	452
901	273
902	750
903	694
904	500
905	549
906	108
907	503
908	480
909	405
910	482
911	814
912	952
913	934
914	608
915	852
916	964
917	985
918	663
919	123
920	798
921	124
922	834
923	350
924	668
925	665
926	226
927	160
928	614
929	317
930	642
931	973
932	48
933	782
934	553
935	79
936	682
937	404
938	381
939	753
940	483
941	135
942	560
943	276
944	278
945	564
946	648
947	744
948	731
949	993
950	53
951	541
952	255
953	761
954	940
955	350
956	433
957	116
958	570
959	301
960	753
961	196
962	974
963	190
964	911
965	564
966	575
967	939
968	140
969	796
970	54
971	758
972	169
973	370
974	241
975	790
976	623
977	261
978	539
979	504
980	82
981	684
982	660
983	794
984	665
985	597
986	785
987	977
988	974
989	98
990	246
991	29
992	338
993	720
994	865
995	772
996	726
997	470
998	858
999	889
1000	640
1001	721
1002	508
1003	13
1004	554
1005	212
1006	213
1007	265
1008	116
1009	765
1010	247
1011	577
1012	205
1013	536
1014	41
1015	800
1016	572
1017	727
1018	196
1019	883
1020	874
1021	587
1022	263
1023	493
1024	570
1025	524
1026	215
1027	286
1028	969
1029	824
1030	955
1031	714
1032	535
1033	255
1034	69
1035	483
1036	506
1037	74
1038	969
1039	193
1040	390
1041	854
1042	218
1043	935
1044	755
1045	102
1046	465
1047	867
1048	983
1049	986
1050	211
1051	539
1052	647
1053	372
1054	96
1055	56
1056	456
1057	171
1058	225
1059	969
1060	972
1061	839
1062	610
1063	127
1064	224
1065	114
1066	248
1067	882
1068	733
1069	265
1070	581
1071	827
1072	318
1073	360
1074	520
1075	175
1076	428
1077	625
1078	596
1079	403
1080	286
1081	881
1082	348
1083	857
1084	427
1085	628
1086	877
1087	665
1088	867
1089	412
1090	75
1091	622
1092	180
1093	88
1094	377
1095	73
1096	527
1097	622
1098	109
1099	277
1100	249
1101	268
1102	453
1103	557
1104	614
1105	239
1106	116
1107	608
1108	49
1109	52
1110	224
1111	471
1112	162
1113	179
1114	88
1115	518
1116	293
1117	528
1118	966
1119	855
1120	897
1121	723
1122	889
1123	628
1124	206
1125	558
1126	691
1127	190
1128	408
1129	577
1130	41
1131	625
1132	683
1133	211
1134	749
1135	969
1136	981
1137	188
1138	714
1139	30
1140	739
1141	754
1142	737
1143	746
1144	207
1145	628
1146	120
1147	390
1148	754
1149	234
1150	266
1151	611
1152	872
1153	575
1154	689
1155	909
1156	235
1157	856
1158	894
1159	846
1160	495
1161	461
1162	590
1163	835
1164	93
1165	62
1166	832
1167	263
1168	204
1169	234
1170	853
1171	376
1172	638
1173	751
1174	830
1175	312
1176	563
1177	386
1178	857
1179	700
1180	915
1181	879
1182	878
1183	778
1184	641
1185	978
1186	598
1187	126
1188	129
1189	900
1190	662
1191	333
1192	999
1193	594
1194	796
1195	639
1196	555
1197	22
1198	271
1199	258
1200	665
1201	864
1202	501
1203	88
1204	565
1205	600
1206	818
1207	785
1208	203
1209	486
1210	719
1211	364
1212	762
1213	47
1214	653
1215	485
1216	547
1217	843
1218	50
1219	631
1220	854
1221	747
1222	399
1223	590
1224	475
1225	680
1226	495
1227	940
1228	320
1229	624
1230	897
1231	783
1232	960
1233	202
1234	840
1235	394
1236	316
1237	720
1238	214
1239	399
1240	252
1241	49
1242	598
1243	938
1244	142
1245	84
1246	913
1247	978
1248	650
1249	541
1250	275
1251	854
1252	729
1253	986
1254	74
1255	166
1256	868
1257	227
1258	148
1259	118
1260	733
1261	73
1262	513
1263	724
1264	859
1265	610
1266	709
1267	251
1268	931
1269	530
1270	931
1271	331
1272	975
1273	557
1274	166
1275	851
1276	872
1277	32
1278	133
1279	548
1280	663
1281	286
1282	753
1283	350
1284	868
1285	246
1286	984
1287	660
1288	524
1289	353
1290	678
1291	657
1292	679
1293	203
1294	529
1295	298
1296	296
1297	457
1298	106
1299	248
1300	565
1301	879
1302	784
1303	988
1304	843
1305	862
1306	373
1307	202
1308	584
1309	386
1310	801
1311	819
1312	104
1313	761
1314	982
1315	208
1316	507
1317	211
1318	22
1319	409
1320	418
1321	537
1322	830
1323	855
1324	852
1325	756
1326	296
1327	109
1328	811
1329	265
1330	352
1331	130
1332	288
1333	379
1334	540
1335	633
1336	144
1337	254
1338	745
1339	781
1340	605
1341	391
1342	263
1343	164
1344	160
1345	550
1346	147
1347	284
1348	539
1349	805
1350	723
1351	653
1352	330
1353	707
1354	483
1355	808
1356	505
1357	307
1358	423
1359	425
1360	35
1361	954
1362	420
1363	320
1364	524
1365	970
1366	271
1367	811
1368	740
1369	193
1370	908
1371	822
1372	611
1373	234
1374	687
1375	466
1376	813
1377	765
1378	141
1379	691
1380	892
1381	920
1382	989
1383	935
1384	321
1385	262
1386	490
1387	406
1388	46
1389	358
1390	702
1391	208
1392	503
1393	618
1394	825
1395	42
1396	485
1397	451
1398	348
1399	247
1400	468
1401	240
1402	858
1403	818
1404	384
1405	737
1406	35
1407	15
1408	675
1409	534
1410	537
1411	130
1412	170
1413	205
1414	548
1415	43
1416	66
1417	446
1418	553
1419	720
1420	88
1421	235
1422	91
1423	332
1424	615
1425	237
1426	700
1427	431
1428	120
1429	191
1430	649
1431	498
1432	509
1433	571
1434	515
1435	106
1436	234
1437	17
1438	182
1439	746
1440	985
1441	676
1442	871
1443	447
1444	32
1445	439
1446	938
1447	48
1448	524
1449	678
1450	561
1451	360
1452	409
1453	112
1454	223
1455	609
1456	922
1457	986
1458	455
1459	274
1460	117
1461	789
1462	448
1463	73
1464	484
1465	667
1466	992
1467	554
1468	596
1469	514
1470	990
1471	611
1472	439
1473	222
1474	825
1475	118
1476	942
1477	63
1478	480
1479	53
1480	498
1481	234
1482	941
1483	182
1484	298
1485	770
1486	66
1487	11
1488	481
1489	576
1490	597
1491	714
1492	461
1493	50
1494	475
1495	308
1496	569
1497	627
1498	191
1499	31
1500	298
1501	128
1502	635
1503	300
1504	128
1505	123
1506	781
1507	882
1508	679
1509	177
1510	577
1511	939
1512	475
1513	797
1514	537
1515	987
1516	812
1517	596
1518	65
1519	602
1520	609
1521	13
1522	186
1523	590
1524	993
1525	690
1526	707
1527	709
1528	247
1529	644
1530	28
1531	895
1532	923
1533	643
1534	702
1535	46
1536	290
1537	803
1538	280
1539	337
1540	56
1541	708
1542	76
1543	832
1544	372
1545	500
1546	444
1547	652
1548	484
1549	205
1550	394
1551	815
1552	687
1553	470
1554	367
1555	751
1556	536
1557	548
1558	336
1559	89
1560	126
1561	127
1562	51
1563	347
1564	943
1565	265
1566	709
1567	882
1568	245
1569	959
1570	812
1571	660
1572	508
1573	140
1574	956
1575	567
1576	596
1577	734
1578	402
1579	100
1580	864
1581	348
1582	778
1583	342
1584	379
1585	680
1586	604
1587	980
1588	990
1589	456
1590	396
1591	63
1592	387
1593	927
1594	713
1595	754
1596	894
1597	475
1598	362
1599	922
1600	41
1601	95
1602	569
1603	306
1604	975
1605	261
1606	103
1607	858
1608	978
1609	471
1610	163
1611	777
1612	576
1613	508
1614	364
1615	320
1616	824
1617	281
1618	985
1619	941
1620	88
1621	556
1622	638
1623	471
1624	318
1625	313
1626	961
1627	842
1628	300
1629	959
1630	143
1631	58
1632	340
1633	333
1634	463
1635	851
1636	503
1637	608
1638	322
1639	569
1640	41
1641	382
1642	351
1643	82
1644	172
1645	678
1646	138
1647	280
1648	366
1649	712
1650	194
1651	674
1652	24
1653	411
1654	64
1655	119
1656	425
1657	916
1658	524
1659	926
1660	691
1661	928
1662	736
1663	681
1664	44
1665	82
1666	121
1667	773
1668	153
1669	902
1670	511
1671	541
1672	73
1673	428
1674	367
1675	81
1676	473
1677	870
1678	465
1679	291
1680	149
1681	184
1682	549
1683	152
1684	763
1685	433
1686	619
1687	352
1688	672
1689	527
1690	481
1691	883
1692	370
1693	401
1694	773
1695	964
1696	90
1697	830
1698	201
1699	415
1700	719
1701	110
1702	126
1703	600
1704	643
1705	298
1706	748
1707	314
1708	812
1709	821
1710	169
1711	849
1712	287
1713	59
1714	781
1715	375
1716	331
1717	175
1718	674
1719	81
1720	307
1721	846
1722	604
1723	285
1724	223
1725	943
1726	348
1727	15
1728	30
1729	855
1730	620
1731	813
1732	743
1733	527
1734	620
1735	146
1736	899
1737	253
1738	580
1739	919
1740	657
1741	410
1742	635
1743	54
1744	949
1745	354
1746	835
1747	551
1748	570
1749	917
1750	585
1751	568
1752	757
1753	35
1754	929
1755	190
1756	285
1757	426
1758	883
1759	543
1760	784
1761	76
1762	155
1763	846
1764	250
1765	567
1766	392
1767	828
1768	212
1769	869
1770	360
1771	734
1772	156
1773	271
1774	570
1775	406
1776	947
1777	713
1778	346
1779	777
1780	65
1781	158
1782	22
1783	673
1784	199
1785	271
1786	93
1787	152
1788	426
1789	122
1790	844
1791	623
1792	176
1793	729
1794	868
1795	121
1796	807
1797	495
1798	560
1799	924
1800	660
1801	196
1802	904
1803	774
1804	94
1805	138
1806	729
1807	11
1808	258
1809	405
1810	233
1811	804
1812	472
1813	301
1814	438
1815	880
1816	111
1817	93
1818	871
1819	857
1820	697
1821	862
1822	691
1823	794
1824	579
1825	384
1826	42
1827	179
1828	419
1829	815
1830	288
1831	715
1832	941
1833	728
1834	771
1835	698
1836	774
1837	369
1838	297
1839	356
1840	42
1841	821
1842	938
1843	345
1844	997
1845	339
1846	302
1847	747
1848	538
1849	751
1850	606
1851	989
1852	850
1853	634
1854	713
1855	254
1856	443
1857	572
1858	803
1859	561
1860	589
1861	752
1862	962
1863	553
1864	38
1865	903
1866	622
1867	653
1868	316
1869	208
1870	255
1871	454
1872	648
1873	65
1874	799
1875	415
1876	337
1877	746
1878	424
1879	184
1880	393
1881	328
1882	709
1883	703
1884	504
1885	68
1886	159
1887	471
1888	889
1889	836
1890	345
1891	107
1892	292
1893	261
1894	908
1895	28
1896	233
1897	377
1898	159
1899	70
1900	779
1901	206
1902	390
1903	632
1904	99
1905	935
1906	993
1907	271
1908	634
1909	273
1910	63
1911	96
1912	347
1913	868
1914	72
1915	331
1916	466
1917	446
1918	161
1919	861
1920	158
1921	463
1922	811
1923	52
1924	135
1925	155
1926	932
1927	710
1928	80
1929	724
1930	15
1931	847
1932	844
1933	402
1934	323
1935	623
1936	461
1937	106
1938	693
1939	343
1940	81
1941	11
1942	153
1943	919
1944	848
1945	311
1946	607
1947	733
1948	744
1949	676
1950	23
1951	889
1952	150
1953	495
1954	749
1955	481
1956	362
1957	817
1958	405
1959	98
1960	582
1961	104
1962	185
1963	554
1964	267
1965	682
1966	111
1967	357
1968	822
1969	605
1970	778
1971	759
1972	413
1973	349
1974	286
1975	518
1976	747
1977	402
1978	676
1979	867
1980	696
1981	671
1982	278
1983	178
1984	817
1985	551
1986	297
1987	550
1988	129
1989	10
1990	219
1991	32
1992	333
1993	192
1994	445
1995	909
1996	799
1997	851
1998	911
1999	993
2000	145
2001	541
2002	736
2003	909
2004	72
2005	249
2006	834
2007	863
2008	956
2009	392
2010	634
2011	966
2012	827
2013	715
2014	100
2015	94
2016	708
2017	875
2018	822
2019	984
2020	536
2021	169
2022	239
2023	373
2024	902
2025	139
2026	268
2027	347
2028	75
2029	905
2030	267
2031	744
2032	588
2033	171
2034	150
2035	545
2036	289
2037	310
2038	802
2039	213
2040	794
2041	787
2042	224
2043	946
2044	779
2045	292
2046	485
2047	368
2048	219
2049	189
2050	460
2051	440
2052	995
2053	928
2054	654
2055	208
2056	188
2057	819
2058	737
2059	863
2060	759
2061	33
2062	338
2063	839
2064	900
2065	72
2066	316
2067	931
2068	791
2069	221
2070	829
2071	18
2072	353
2073	796
2074	171
2075	470
2076	948
2077	840
2078	813
2079	159
2080	105
2081	745
2082	935
2083	85
2084	355
2085	141
2086	799
2087	174
2088	964
2089	64
2090	17
2091	924
2092	797
2093	765
2094	834
2095	325
2096	179
2097	821
2098	534
2099	604
2100	503
2101	11
2102	921
2103	295
2104	500
2105	877
2106	576
2107	180
2108	301
2109	38
2110	176
2111	98
2112	715
2113	282
2114	390
2115	55
2116	270
2117	923
2118	891
2119	424
2120	472
2121	170
2122	721
2123	684
2124	901
2125	950
2126	941
2127	31
2128	619
2129	718
2130	479
2131	83
2132	758
2133	633
2134	366
2135	817
2136	986
2137	973
2138	536
2139	618
2140	783
2141	907
2142	13
2143	856
2144	448
2145	83
2146	459
2147	179
2148	450
2149	460
2150	234
2151	693
2152	145
2153	447
2154	930
2155	197
2156	63
2157	797
2158	810
2159	317
2160	821
2161	939
2162	212
2163	205
2164	619
2165	424
2166	305
2167	670
2168	139
2169	867
2170	500
2171	348
2172	995
2173	572
2174	619
2175	710
2176	873
2177	933
2178	342
2179	498
2180	122
2181	679
2182	322
2183	973
2184	345
2185	59
2186	85
2187	25
2188	388
2189	708
2190	141
2191	65
2192	955
2193	828
2194	329
2195	505
2196	653
2197	806
2198	555
2199	657
2200	598
2201	184
2202	920
2203	667
2204	426
2205	759
2206	940
2207	518
2208	186
2209	322
2210	173
2211	106
2212	279
2213	683
2214	461
2215	311
2216	383
2217	765
2218	412
2219	789
2220	949
2221	307
2222	301
2223	346
2224	481
2225	617
2226	749
2227	125
2228	797
2229	925
2230	91
2231	114
2232	783
2233	525
2234	642
2235	606
2236	867
2237	929
2238	166
2239	770
2240	253
2241	325
2242	303
2243	743
2244	265
2245	162
2246	255
2247	185
2248	375
2249	143
2250	441
2251	169
2252	954
2253	154
2254	565
2255	412
2256	777
2257	213
2258	615
2259	748
2260	741
2261	544
2262	676
2263	522
2264	325
2265	309
2266	519
2267	514
2268	570
2269	272
2270	627
2271	106
2272	11
2273	881
2274	958
2275	785
2276	86
2277	401
2278	558
2279	64
2280	470
2281	553
2282	899
2283	720
2284	846
2285	688
2286	863
2287	355
2288	327
2289	478
2290	804
2291	183
2292	336
2293	790
2294	302
2295	570
2296	147
2297	651
2298	826
2299	862
2300	437
2301	163
2302	606
2303	756
2304	480
2305	783
2306	791
2307	917
2308	37
2309	429
2310	399
2311	508
2312	916
2313	673
2314	708
2315	291
2316	843
2317	886
2318	623
2319	44
2320	767
2321	569
2322	624
2323	848
2324	541
2325	273
2326	663
2327	979
2328	662
2329	992
2330	910
2331	736
2332	964
2333	631
2334	338
2335	603
2336	89
2337	896
2338	755
2339	207
2340	118
2341	668
2342	295
2343	444
2344	493
2345	786
2346	413
2347	191
2348	369
2349	89
2350	166
2351	774
2352	529
2353	743
2354	78
2355	977
2356	434
2357	947
2358	476
2359	786
2360	558
2361	807
2362	578
2363	452
2364	337
2365	243
2366	893
2367	82
2368	621
2369	233
2370	930
2371	884
2372	716
2373	728
2374	544
2375	980
2376	733
2377	540
2378	663
2379	900
2380	875
2381	535
2382	178
2383	216
2384	342
2385	226
2386	284
2387	729
2388	708
2389	432
2390	863
2391	405
2392	640
2393	964
2394	748
2395	891
2396	104
2397	913
2398	407
2399	654
2400	508
2401	205
2402	690
2403	556
2404	110
2405	741
2406	952
2407	432
2408	584
2409	567
2410	199
2411	690
2412	636
2413	196
2414	754
2415	970
2416	282
2417	552
2418	548
2419	919
2420	255
2421	19
2422	534
2423	116
2424	334
2425	277
2426	879
2427	31
2428	128
2429	275
2430	30
2431	300
2432	722
2433	735
2434	735
2435	60
2436	174
2437	804
2438	503
2439	839
2440	823
2441	523
2442	779
2443	590
2444	856
2445	170
2446	518
2447	551
2448	765
2449	12
2450	526
2451	817
2452	223
2453	124
2454	66
2455	389
2456	229
2457	613
2458	623
2459	50
2460	121
2461	853
2462	281
2463	386
2464	986
2465	585
2466	545
2467	728
2468	980
2469	994
2470	433
2471	736
2472	899
2473	995
2474	722
2475	387
2476	791
2477	402
2478	246
2479	902
2480	44
2481	492
2482	25
2483	444
2484	180
2485	532
2486	923
2487	583
2488	270
2489	264
2490	232
2491	744
2492	351
2493	877
2494	204
2495	637
2496	656
2497	439
2498	667
2499	456
2500	637
2501	475
2502	315
2503	410
2504	564
2505	839
2506	332
2507	968
2508	201
2509	69
2510	631
2511	335
2512	583
2513	475
2514	925
2515	941
2516	753
2517	968
2518	713
2519	495
2520	11
2521	831
2522	235
2523	543
2524	37
2525	885
2526	785
2527	535
2528	824
2529	303
2530	423
2531	974
2532	845
2533	151
2534	521
2535	342
2536	869
2537	363
2538	894
2539	668
2540	734
2541	138
2542	597
2543	57
2544	72
2545	433
2546	806
2547	535
2548	355
2549	510
2550	15
2551	272
2552	468
2553	384
2554	869
2555	671
2556	848
2557	887
2558	270
2559	707
2560	196
2561	637
2562	455
2563	57
2564	865
2565	452
2566	676
2567	255
2568	52
2569	928
2570	704
2571	935
2572	777
2573	696
2574	639
2575	46
2576	221
2577	326
2578	562
2579	454
2580	372
2581	303
2582	487
2583	200
2584	114
2585	136
2586	768
2587	76
2588	164
2589	453
2590	696
2591	828
2592	103
2593	794
2594	683
2595	867
2596	181
2597	682
2598	509
2599	251
2600	665
2601	500
2602	505
2603	46
2604	125
2605	461
2606	774
2607	601
2608	190
2609	575
2610	763
2611	497
2612	474
2613	168
2614	684
2615	844
2616	384
2617	369
2618	365
2619	433
2620	339
2621	245
2622	363
2623	498
2624	333
2625	187
2626	140
2627	314
2628	451
2629	432
2630	668
2631	580
2632	706
2633	467
2634	23
2635	120
2636	100
2637	948
2638	543
2639	176
2640	883
2641	93
2642	119
2643	595
2644	402
2645	483
2646	984
2647	89
2648	384
2649	953
2650	587
2651	926
2652	799
2653	532
2654	496
2655	587
2656	126
2657	722
2658	134
2659	476
2660	318
2661	581
2662	984
2663	528
2664	939
2665	484
2666	933
2667	192
2668	617
2669	948
2670	567
2671	867
2672	793
2673	765
2674	510
2675	933
2676	801
2677	938
2678	282
2679	437
2680	112
2681	34
2682	324
2683	134
2684	191
2685	166
2686	827
2687	614
2688	880
2689	92
2690	376
2691	27
2692	407
2693	410
2694	670
2695	882
2696	179
2697	635
2698	925
2699	596
2700	618
2701	610
2702	199
2703	284
2704	736
2705	70
2706	263
2707	155
2708	616
2709	597
2710	795
2711	330
2712	805
2713	292
2714	85
2715	568
2716	186
2717	453
2718	435
2719	576
2720	162
2721	182
2722	422
2723	810
2724	183
2725	252
2726	928
2727	570
2728	827
2729	513
2730	151
2731	351
2732	409
2733	785
2734	696
2735	974
2736	143
2737	59
2738	922
2739	36
2740	470
2741	775
2742	681
2743	680
2744	927
2745	479
2746	460
2747	510
2748	522
2749	581
2750	400
2751	773
2752	302
2753	403
2754	12
2755	358
2756	44
2757	257
2758	574
2759	834
2760	387
2761	682
2762	736
2763	904
2764	429
2765	92
2766	534
2767	290
2768	248
2769	506
2770	281
2771	318
2772	630
2773	317
2774	710
2775	381
2776	180
2777	485
2778	840
2779	378
2780	645
2781	914
2782	812
2783	147
2784	367
2785	201
2786	768
2787	542
2788	235
2789	725
2790	17
2791	610
2792	164
2793	68
2794	861
2795	894
2796	932
2797	115
2798	188
2799	779
2800	822
2801	498
2802	900
2803	28
2804	983
2805	610
2806	725
2807	91
2808	136
2809	589
2810	852
2811	365
2812	516
2813	803
2814	582
2815	543
2816	743
2817	340
2818	849
2819	197
2820	36
2821	541
2822	228
2823	430
2824	936
2825	672
2826	719
2827	241
2828	89
2829	407
2830	58
2831	30
2832	837
2833	49
2834	916
2835	821
2836	558
2837	38
2838	259
2839	934
2840	23
2841	368
2842	75
2843	715
2844	92
2845	315
2846	532
2847	567
2848	996
2849	509
2850	865
2851	899
2852	704
2853	142
2854	175
2855	502
2856	954
2857	299
2858	62
2859	207
2860	909
2861	632
2862	929
2863	49
2864	587
2865	234
2866	336
2867	978
2868	51
2869	149
2870	820
2871	594
2872	32
2873	715
2874	481
2875	200
2876	952
2877	434
2878	357
2879	321
2880	435
2881	639
2882	765
2883	683
2884	776
2885	616
2886	124
2887	379
2888	717
2889	526
2890	710
2891	905
2892	756
2893	434
2894	535
2895	50
2896	811
2897	389
2898	525
2899	334
2900	916
2901	268
2902	450
2903	158
2904	760
2905	561
2906	208
2907	215
2908	643
2909	245
2910	862
2911	678
2912	873
2913	527
2914	68
2915	907
2916	70
2917	391
2918	448
2919	729
2920	177
2921	710
2922	638
2923	720
2924	563
2925	498
2926	594
2927	862
2928	309
2929	764
2930	354
2931	809
2932	539
2933	860
2934	842
2935	429
2936	272
2937	659
2938	967
2939	137
2940	69
2941	521
2942	64
2943	576
2944	207
2945	208
2946	947
2947	73
2948	993
2949	929
2950	355
2951	759
2952	737
2953	297
2954	943
2955	104
2956	605
2957	362
2958	32
2959	665
2960	453
2961	250
2962	397
2963	54
2964	800
2965	283
2966	800
2967	90
2968	176
2969	99
2970	832
2971	283
2972	633
2973	326
2974	513
2975	721
2976	71
2977	601
2978	793
2979	795
2980	732
2981	123
2982	44
2983	694
2984	667
2985	51
2986	439
2987	352
2988	133
2989	380
2990	667
2991	362
2992	276
2993	559
2994	824
2995	496
2996	844
2997	293
2998	265
2999	164
3000	400
3001	877
3002	657
3003	88
3004	552
3005	16
3006	575
3007	360
3008	351
3009	953
3010	504
3011	741
3012	559
3013	617
3014	808
3015	917
3016	268
3017	691
3018	153
3019	819
3020	393
3021	435
3022	71
3023	283
3024	433
3025	524
3026	408
3027	614
3028	269
3029	982
3030	588
3031	413
3032	18
3033	235
3034	843
3035	920
3036	739
3037	239
3038	887
3039	472
3040	850
3041	513
3042	276
3043	702
3044	65
3045	896
3046	632
3047	221
3048	451
3049	435
3050	405
3051	23
3052	617
3053	836
3054	847
3055	582
3056	707
3057	813
3058	113
3059	611
3060	374
3061	503
3062	523
3063	65
3064	634
3065	964
3066	829
3067	153
3068	936
3069	392
3070	732
3071	16
3072	694
3073	966
3074	228
3075	579
3076	593
3077	304
3078	619
3079	606
3080	173
3081	867
3082	857
3083	143
3084	370
3085	935
3086	162
3087	893
3088	458
3089	742
3090	876
3091	232
3092	993
3093	74
3094	343
3095	385
3096	967
3097	565
3098	816
3099	760
3100	462
3101	13
3102	661
3103	589
3104	935
3105	222
3106	408
3107	621
3108	536
3109	687
3110	966
3111	320
3112	163
3113	801
3114	75
3115	544
3116	807
3117	936
3118	638
3119	700
3120	526
3121	552
3122	25
3123	84
3124	319
3125	891
3126	688
3127	667
3128	924
3129	355
3130	278
3131	292
3132	120
3133	618
3134	978
3135	175
3136	931
3137	834
3138	679
3139	489
3140	822
3141	194
3142	839
3143	368
3144	545
3145	451
3146	40
3147	646
3148	404
3149	428
3150	510
3151	948
3152	159
3153	739
3154	699
3155	41
3156	224
3157	386
3158	621
3159	43
3160	832
3161	357
3162	680
3163	322
3164	781
3165	568
3166	537
3167	252
3168	895
3169	850
3170	984
3171	588
3172	273
3173	524
3174	670
3175	240
3176	801
3177	535
3178	272
3179	728
3180	499
3181	102
3182	193
3183	433
3184	352
3185	901
3186	105
3187	174
3188	714
3189	193
3190	323
3191	631
3192	260
3193	279
3194	40
3195	231
3196	158
3197	292
3198	303
3199	17
3200	203
3201	295
3202	498
3203	245
3204	177
3205	397
3206	425
3207	200
3208	560
3209	792
3210	869
3211	194
3212	348
3213	204
3214	992
3215	358
3216	221
3217	592
3218	682
3219	745
3220	854
3221	588
3222	26
3223	654
3224	907
3225	131
3226	604
3227	563
3228	133
3229	534
3230	308
3231	991
3232	877
3233	968
3234	126
3235	131
3236	704
3237	482
3238	307
3239	702
3240	742
3241	363
3242	96
3243	707
3244	999
3245	186
3246	411
3247	704
3248	784
3249	686
3250	101
3251	758
3252	721
3253	700
3254	607
3255	785
3256	178
3257	999
3258	446
3259	618
3260	377
3261	60
3262	367
3263	726
3264	889
3265	92
3266	922
3267	537
3268	597
3269	504
3270	390
3271	441
3272	577
3273	546
3274	902
3275	838
3276	668
3277	47
3278	401
3279	796
3280	788
3281	801
3282	199
3283	527
3284	920
3285	38
3286	425
3287	463
3288	697
3289	505
3290	159
3291	682
3292	546
3293	259
3294	137
3295	855
3296	561
3297	55
3298	901
3299	933
3300	589
3301	866
3302	707
3303	457
3304	925
3305	522
3306	102
3307	545
3308	909
3309	882
3310	323
3311	604
3312	928
3313	208
3314	706
3315	830
3316	143
3317	847
3318	753
3319	495
3320	608
3321	294
3322	404
3323	454
3324	659
3325	293
3326	959
3327	277
3328	764
3329	112
3330	642
3331	318
3332	192
3333	408
3334	285
3335	921
3336	503
3337	395
3338	342
3339	125
3340	331
3341	202
3342	875
3343	298
3344	119
3345	740
3346	23
3347	125
3348	203
3349	892
3350	515
3351	594
3352	812
3353	306
3354	691
3355	140
3356	145
3357	121
3358	100
3359	713
3360	355
3361	232
3362	359
3363	840
3364	196
3365	677
3366	566
3367	18
3368	382
3369	171
3370	779
3371	90
3372	92
3373	320
3374	652
3375	533
3376	151
3377	313
3378	580
3379	243
3380	199
3381	919
3382	616
3383	221
3384	905
3385	107
3386	890
3387	718
3388	20
3389	23
3390	656
3391	359
3392	259
3393	749
3394	806
3395	331
3396	515
3397	375
3398	872
3399	365
3400	409
3401	115
3402	635
3403	473
3404	899
3405	610
3406	698
3407	991
3408	423
3409	326
3410	469
3411	238
3412	132
3413	574
3414	538
3415	307
3416	170
3417	871
3418	24
3419	921
3420	768
3421	73
3422	970
3423	905
3424	852
3425	316
3426	603
3427	976
3428	778
3429	289
3430	223
3431	691
3432	927
3433	17
3434	283
3435	58
3436	907
3437	865
3438	702
3439	644
3440	72
3441	713
3442	547
3443	697
3444	587
3445	89
3446	578
3447	362
3448	147
3449	570
3450	759
3451	326
3452	382
3453	74
3454	703
3455	671
3456	56
3457	543
3458	372
3459	954
3460	221
3461	377
3462	108
3463	994
3464	382
3465	825
3466	351
3467	983
3468	952
3469	396
3470	216
3471	232
3472	76
3473	941
3474	769
3475	168
3476	970
3477	322
3478	307
3479	418
3480	372
3481	689
3482	282
3483	145
3484	975
3485	431
3486	293
3487	116
3488	559
3489	26
3490	309
3491	243
3492	333
3493	406
3494	747
3495	882
3496	208
3497	239
3498	340
3499	400
3500	789
3501	315
3502	434
3503	523
3504	872
3505	546
3506	128
3507	58
3508	751
3509	645
3510	691
3511	348
3512	645
3513	221
3514	737
3515	239
3516	701
3517	512
3518	220
3519	397
3520	929
3521	18
3522	620
3523	282
3524	854
3525	664
3526	271
3527	499
3528	641
3529	565
3530	217
3531	377
3532	677
3533	572
3534	87
3535	808
3536	942
3537	667
3538	669
3539	674
3540	239
3541	133
3542	454
3543	46
3544	429
3545	193
3546	115
3547	744
3548	192
3549	927
3550	600
3551	438
3552	800
3553	474
3554	342
3555	959
3556	508
3557	283
3558	288
3559	574
3560	853
3561	640
3562	519
3563	894
3564	909
3565	172
3566	822
3567	107
3568	810
3569	164
3570	254
3571	774
3572	411
3573	570
3574	65
3575	952
3576	816
3577	422
3578	717
3579	913
3580	242
3581	315
3582	578
3583	916
3584	842
3585	812
3586	997
3587	383
3588	997
3589	596
3590	480
3591	106
3592	899
3593	11
3594	488
3595	195
3596	746
3597	63
3598	758
3599	592
3600	93
3601	656
3602	302
3603	140
3604	297
3605	870
3606	954
3607	522
3608	650
3609	863
3610	47
3611	606
3612	139
3613	11
3614	38
3615	804
3616	966
3617	946
3618	724
3619	877
3620	872
3621	150
3622	590
3623	106
3624	61
3625	56
3626	663
3627	998
3628	239
3629	301
3630	485
3631	847
3632	946
3633	203
3634	290
3635	722
3636	337
3637	243
3638	470
3639	902
3640	178
3641	131
3642	279
3643	962
3644	130
3645	260
3646	115
3647	844
3648	233
3649	105
3650	165
3651	931
3652	580
3653	702
3654	354
3655	17
3656	972
3657	528
3658	527
3659	310
3660	470
3661	878
3662	219
3663	264
3664	600
3665	859
3666	304
3667	890
3668	332
3669	697
3670	885
3671	653
3672	827
3673	608
3674	146
3675	785
3676	559
3677	338
3678	84
3679	562
3680	950
3681	877
3682	811
3683	308
3684	373
3685	913
3686	870
3687	198
3688	228
3689	963
3690	608
3691	933
3692	744
3693	773
3694	489
3695	194
3696	204
3697	901
3698	254
3699	145
3700	397
3701	470
3702	274
3703	682
3704	635
3705	814
3706	450
3707	47
3708	195
3709	127
3710	980
3711	229
3712	603
3713	144
3714	259
3715	13
3716	472
3717	29
3718	952
3719	51
3720	634
3721	482
3722	633
3723	636
3724	141
3725	676
3726	909
3727	398
3728	774
3729	946
3730	200
3731	901
3732	470
3733	652
3734	415
3735	145
3736	656
3737	299
3738	916
3739	85
3740	146
3741	646
3742	634
3743	332
3744	850
3745	97
3746	709
3747	576
3748	31
3749	150
3750	858
3751	235
3752	24
3753	472
3754	147
3755	51
3756	956
3757	972
3758	496
3759	184
3760	590
3761	668
3762	319
3763	914
3764	832
3765	761
3766	522
3767	629
3768	91
3769	722
3770	754
3771	23
3772	24
3773	96
3774	393
3775	45
3776	389
3777	199
3778	513
3779	137
3780	350
3781	673
3782	15
3783	527
3784	725
3785	717
3786	143
3787	112
3788	672
3789	413
3790	43
3791	766
3792	499
3793	496
3794	994
3795	615
3796	205
3797	578
3798	74
3799	297
3800	406
3801	632
3802	474
3803	790
3804	695
3805	745
3806	290
3807	141
3808	925
3809	316
3810	956
3811	749
3812	929
3813	226
3814	128
3815	766
3816	562
3817	380
3818	224
3819	399
3820	671
3821	946
3822	95
3823	440
3824	767
3825	851
3826	556
3827	95
3828	798
3829	832
3830	361
3831	275
3832	168
3833	299
3834	476
3835	398
3836	262
3837	426
3838	948
3839	945
3840	979
3841	641
3842	33
3843	625
3844	775
3845	677
3846	326
3847	431
3848	530
3849	370
3850	735
3851	883
3852	497
3853	366
3854	973
3855	884
3856	877
3857	412
3858	89
3859	100
3860	36
3861	251
3862	262
3863	998
3864	838
3865	246
3866	888
3867	784
3868	602
3869	825
3870	855
3871	771
3872	806
3873	906
3874	478
3875	545
3876	467
3877	818
3878	641
3879	302
3880	937
3881	640
3882	427
3883	623
3884	951
3885	23
3886	392
3887	326
3888	784
3889	841
3890	928
3891	601
3892	135
3893	367
3894	643
3895	904
3896	314
3897	916
3898	169
3899	964
3900	200
3901	380
3902	385
3903	283
3904	112
3905	342
3906	825
3907	158
3908	560
3909	41
3910	504
3911	777
3912	367
3913	864
3914	80
3915	847
3916	649
3917	364
3918	49
3919	811
3920	161
3921	631
3922	314
3923	411
3924	387
3925	752
3926	22
3927	927
3928	409
3929	14
3930	895
3931	757
3932	502
3933	998
3934	195
3935	411
3936	937
3937	886
3938	723
3939	530
3940	751
3941	600
3942	628
3943	291
3944	924
3945	995
3946	678
3947	35
3948	418
3949	631
3950	896
3951	358
3952	100
3953	362
3954	538
3955	304
3956	382
3957	23
3958	833
3959	438
3960	81
3961	871
3962	446
3963	722
3964	558
3965	374
3966	420
3967	262
3968	368
3969	259
3970	175
3971	550
3972	330
3973	60
3974	887
3975	295
3976	458
3977	241
3978	593
3979	317
3980	180
3981	261
3982	457
3983	204
3984	820
3985	58
3986	390
3987	258
3988	771
3989	150
3990	20
3991	979
3992	639
3993	665
3994	758
3995	782
3996	229
3997	109
3998	198
3999	456
4000	301
4001	152
4002	152
4003	568
4004	391
4005	162
4006	603
4007	434
4008	972
4009	886
4010	210
4011	930
4012	692
4013	481
4014	607
4015	895
4016	829
4017	23
4018	103
4019	205
4020	117
4021	697
4022	137
4023	445
4024	649
4025	557
4026	16
4027	20
4028	583
4029	414
4030	958
4031	510
4032	93
4033	339
4034	111
4035	879
4036	388
4037	918
4038	759
4039	280
4040	50
4041	617
4042	604
4043	998
4044	744
4045	665
4046	565
4047	600
4048	33
4049	711
4050	488
4051	835
4052	193
4053	319
4054	819
4055	15
4056	838
4057	637
4058	428
4059	101
4060	991
4061	725
4062	132
4063	676
4064	335
4065	961
4066	847
4067	513
4068	417
4069	230
4070	708
4071	188
4072	451
4073	593
4074	743
4075	271
4076	210
4077	842
4078	347
4079	86
4080	326
4081	138
4082	705
4083	980
4084	423
4085	77
4086	850
4087	534
4088	676
4089	940
4090	914
4091	961
4092	334
4093	754
4094	516
4095	784
4096	400
4097	632
4098	281
4099	770
4100	810
4101	528
4102	768
4103	773
4104	737
4105	40
4106	635
4107	273
4108	531
4109	934
4110	331
4111	21
4112	224
4113	227
4114	126
4115	998
4116	773
4117	145
4118	415
4119	761
4120	11
4121	137
4122	932
4123	129
4124	849
4125	520
4126	151
4127	566
4128	181
4129	749
4130	528
4131	149
4132	531
4133	131
4134	293
4135	523
4136	114
4137	643
4138	15
4139	433
4140	164
4141	210
4142	385
4143	975
4144	855
4145	789
4146	817
4147	752
4148	719
4149	323
4150	74
4151	908
4152	299
4153	311
4154	103
4155	138
4156	251
4157	827
4158	831
4159	960
4160	553
4161	663
4162	975
4163	955
4164	795
4165	546
4166	650
4167	952
4168	140
4169	439
4170	20
4171	580
4172	333
4173	399
4174	53
4175	700
4176	39
4177	464
4178	255
4179	615
4180	722
4181	861
4182	925
4183	116
4184	986
4185	482
4186	65
4187	780
4188	351
4189	731
4190	93
4191	940
4192	108
4193	50
4194	649
4195	369
4196	565
4197	465
4198	703
4199	969
4200	849
4201	476
4202	400
4203	385
4204	792
4205	106
4206	293
4207	46
4208	698
4209	149
4210	500
4211	48
4212	770
4213	165
4214	491
4215	221
4216	440
4217	189
4218	146
4219	425
4220	975
4221	406
4222	844
4223	283
4224	515
4225	55
4226	462
4227	124
4228	243
4229	752
4230	163
4231	767
4232	675
4233	971
4234	704
4235	228
4236	946
4237	818
4238	335
4239	218
4240	430
4241	505
4242	665
4243	193
4244	438
4245	736
4246	681
4247	489
4248	936
4249	725
4250	214
4251	997
4252	489
4253	15
4254	514
4255	832
4256	227
4257	759
4258	885
4259	647
4260	202
4261	88
4262	404
4263	876
4264	688
4265	334
4266	961
4267	989
4268	882
4269	235
4270	36
4271	757
4272	359
4273	976
4274	905
4275	71
4276	966
4277	107
4278	597
4279	609
4280	380
4281	587
4282	317
4283	244
4284	433
4285	14
4286	816
4287	821
4288	781
4289	378
4290	487
4291	933
4292	593
4293	612
4294	272
4295	830
4296	753
4297	522
4298	399
4299	305
4300	822
4301	175
4302	341
4303	719
4304	96
4305	798
4306	588
4307	764
4308	932
4309	905
4310	419
4311	606
4312	952
4313	467
4314	579
4315	519
4316	909
4317	431
4318	991
4319	575
4320	447
4321	685
4322	795
4323	711
4324	930
4325	268
4326	248
4327	918
4328	986
4329	415
4330	617
4331	639
4332	495
4333	812
4334	322
4335	604
4336	104
4337	528
4338	58
4339	230
4340	871
4341	959
4342	33
4343	101
4344	526
4345	471
4346	836
4347	908
4348	95
4349	597
4350	767
4351	273
4352	475
4353	319
4354	139
4355	415
4356	958
4357	91
4358	620
4359	581
4360	88
4361	459
4362	838
4363	933
4364	890
4365	574
4366	245
4367	540
4368	70
4369	621
4370	553
4371	55
4372	511
4373	557
4374	820
4375	419
4376	28
4377	941
4378	545
4379	910
4380	342
4381	805
4382	662
4383	183
4384	673
4385	232
4386	746
4387	484
4388	312
4389	182
4390	80
4391	884
4392	956
4393	290
4394	593
4395	67
4396	970
4397	198
4398	228
4399	204
4400	720
4401	519
4402	773
4403	867
4404	983
4405	632
4406	211
4407	123
4408	484
4409	453
4410	412
4411	340
4412	578
4413	477
4414	135
4415	873
4416	647
4417	14
4418	859
4419	444
4420	442
4421	720
4422	218
4423	661
4424	299
4425	696
4426	434
4427	750
4428	730
4429	556
4430	960
4431	947
4432	650
4433	735
4434	520
4435	777
4436	637
4437	286
4438	287
4439	315
4440	183
4441	394
4442	322
4443	886
4444	255
4445	233
4446	984
4447	949
4448	273
4449	412
4450	108
4451	280
4452	379
4453	577
4454	540
4455	695
4456	382
4457	535
4458	166
4459	454
4460	216
4461	695
4462	22
4463	743
4464	563
4465	496
4466	989
4467	292
4468	792
4469	87
4470	239
4471	389
4472	335
4473	770
4474	977
4475	909
4476	475
4477	466
4478	673
4479	713
4480	886
4481	674
4482	796
4483	622
4484	711
4485	968
4486	364
4487	581
4488	815
4489	963
4490	61
4491	599
4492	916
4493	521
4494	158
4495	249
4496	543
4497	354
4498	246
4499	366
4500	134
4501	744
4502	893
4503	587
4504	938
4505	614
4506	846
4507	815
4508	834
4509	852
4510	822
4511	364
4512	747
4513	123
4514	653
4515	247
4516	415
4517	757
4518	164
4519	662
4520	591
4521	658
4522	588
4523	810
4524	144
4525	733
4526	280
4527	695
4528	769
4529	372
4530	207
4531	976
4532	43
4533	628
4534	22
4535	955
4536	197
4537	515
4538	776
4539	677
4540	373
4541	322
4542	661
4543	172
4544	139
4545	492
4546	316
4547	328
4548	893
4549	770
4550	872
4551	597
4552	959
4553	336
4554	168
4555	528
4556	672
4557	481
4558	412
4559	30
4560	226
4561	293
4562	887
4563	760
4564	544
4565	549
4566	719
4567	152
4568	975
4569	834
4570	955
4571	515
4572	178
4573	948
4574	699
4575	142
4576	739
4577	601
4578	299
4579	63
4580	896
4581	751
4582	653
4583	31
4584	727
4585	239
4586	353
4587	544
4588	477
4589	174
4590	249
4591	689
4592	821
4593	240
4594	216
4595	150
4596	257
4597	448
4598	648
4599	575
4600	17
4601	72
4602	579
4603	736
4604	197
4605	401
4606	275
4607	661
4608	755
4609	712
4610	811
4611	23
4612	634
4613	366
4614	521
4615	863
4616	313
4617	979
4618	125
4619	11
4620	715
4621	47
4622	764
4623	755
4624	600
4625	431
4626	907
4627	609
4628	838
4629	381
4630	301
4631	466
4632	35
4633	791
4634	758
4635	288
4636	671
4637	205
4638	361
4639	650
4640	192
4641	218
4642	959
4643	861
4644	728
4645	779
4646	506
4647	708
4648	214
4649	319
4650	593
4651	305
4652	732
4653	907
4654	427
4655	722
4656	289
4657	430
4658	141
4659	450
4660	557
4661	337
4662	57
4663	246
4664	613
4665	840
4666	240
4667	915
4668	756
4669	588
4670	261
4671	661
4672	883
4673	52
4674	801
4675	818
4676	446
4677	374
4678	706
4679	837
4680	303
4681	250
4682	781
4683	402
4684	415
4685	632
4686	409
4687	575
4688	904
4689	388
4690	154
4691	601
4692	295
4693	398
4694	402
4695	787
4696	86
4697	69
4698	296
4699	210
4700	760
4701	235
4702	546
4703	519
4704	804
4705	419
4706	804
4707	470
4708	689
4709	948
4710	789
4711	355
4712	468
4713	90
4714	844
4715	101
4716	469
4717	772
4718	437
4719	580
4720	836
4721	826
4722	646
4723	29
4724	663
4725	721
4726	851
4727	72
4728	997
4729	247
4730	455
4731	678
4732	590
4733	461
4734	865
4735	903
4736	989
4737	272
4738	192
4739	337
4740	313
4741	131
4742	442
4743	905
4744	106
4745	880
4746	345
4747	697
4748	139
4749	983
4750	659
4751	331
4752	833
4753	451
4754	226
4755	125
4756	636
4757	866
4758	51
4759	602
4760	786
4761	674
4762	430
4763	660
4764	825
4765	420
4766	54
4767	473
4768	779
4769	30
4770	623
4771	779
4772	178
4773	215
4774	246
4775	575
4776	930
4777	754
4778	981
4779	631
4780	775
4781	593
4782	114
4783	503
4784	536
4785	430
4786	458
4787	721
4788	189
4789	933
4790	527
4791	338
4792	900
4793	870
4794	807
4795	278
4796	981
4797	699
4798	12
4799	894
4800	720
4801	106
4802	828
4803	699
4804	528
4805	245
4806	516
4807	303
4808	720
4809	603
4810	412
4811	476
4812	891
4813	871
4814	212
4815	885
4816	929
4817	765
4818	133
4819	122
4820	487
4821	65
4822	752
4823	332
4824	153
4825	925
4826	25
4827	132
4828	405
4829	921
4830	989
4831	471
4832	728
4833	695
4834	543
4835	506
4836	157
4837	549
4838	577
4839	496
4840	284
4841	729
4842	441
4843	911
4844	59
4845	570
4846	853
4847	129
4848	327
4849	144
4850	72
4851	627
4852	155
4853	713
4854	764
4855	847
4856	567
4857	13
4858	33
4859	170
4860	325
4861	774
4862	649
4863	640
4864	956
4865	336
4866	359
4867	919
4868	794
4869	440
4870	956
4871	225
4872	368
4873	849
4874	354
4875	132
4876	221
4877	86
4878	580
4879	693
4880	240
4881	774
4882	125
4883	245
4884	982
4885	371
4886	61
4887	298
4888	426
4889	501
4890	299
4891	218
4892	606
4893	994
4894	377
4895	70
4896	895
4897	690
4898	949
4899	91
4900	396
4901	438
4902	66
4903	506
4904	896
4905	998
4906	656
4907	101
4908	985
4909	880
4910	255
4911	646
4912	810
4913	847
4914	761
4915	797
4916	794
4917	959
4918	132
4919	509
4920	808
4921	311
4922	508
4923	680
4924	630
4925	848
4926	513
4927	637
4928	181
4929	195
4930	214
4931	433
4932	571
4933	621
4934	734
4935	258
4936	52
4937	830
4938	873
4939	342
4940	272
4941	642
4942	866
4943	563
4944	182
4945	892
4946	821
4947	223
4948	717
4949	716
4950	256
4951	929
4952	318
4953	778
4954	520
4955	943
4956	825
4957	515
4958	852
4959	20
4960	620
4961	857
4962	680
4963	893
4964	932
4965	541
4966	339
4967	296
4968	639
4969	803
4970	817
4971	575
4972	816
4973	545
4974	900
4975	263
4976	286
4977	735
4978	848
4979	290
4980	592
4981	774
4982	908
4983	148
4984	323
4985	787
4986	101
4987	921
4988	397
4989	954
4990	957
4991	123
4992	994
4993	957
4994	957
4995	903
4996	650
4997	207
4998	683
4999	13
5000	449
5001	785
5002	871
5003	807
5004	235
5005	328
5006	715
5007	730
5008	709
5009	451
5010	601
5011	487
5012	861
5013	188
5014	428
5015	243
5016	382
5017	461
5018	875
5019	303
5020	666
5021	764
5022	795
5023	149
5024	25
5025	891
5026	428
5027	682
5028	797
5029	663
5030	492
5031	111
5032	792
5033	524
5034	795
5035	347
5036	822
5037	509
5038	542
5039	824
5040	958
5041	822
5042	161
5043	384
5044	529
5045	691
5046	296
5047	597
5048	203
5049	37
5050	117
5051	939
5052	630
5053	418
5054	185
5055	537
5056	40
5057	862
5058	855
5059	337
5060	30
5061	678
5062	717
5063	995
5064	34
5065	526
5066	504
5067	227
5068	924
5069	359
5070	534
5071	171
5072	710
5073	861
5074	181
5075	68
5076	604
5077	894
5078	692
5079	490
5080	711
5081	377
5082	637
5083	989
5084	131
5085	516
5086	561
5087	470
5088	961
5089	820
5090	440
5091	262
5092	962
5093	948
5094	380
5095	280
5096	336
5097	834
5098	369
5099	590
5100	96
5101	28
5102	383
5103	801
5104	536
5105	791
5106	766
5107	125
5108	645
5109	216
5110	708
5111	67
5112	759
5113	648
5114	619
5115	136
5116	191
5117	501
5118	590
5119	308
5120	957
5121	179
5122	634
5123	341
5124	964
5125	455
5126	277
5127	814
5128	392
5129	206
5130	523
5131	481
5132	698
5133	410
5134	982
5135	116
5136	616
5137	96
5138	499
5139	689
5140	783
5141	175
5142	718
5143	189
5144	859
5145	598
5146	542
5147	515
5148	53
5149	285
5150	44
5151	549
5152	275
5153	757
5154	452
5155	446
5156	590
5157	338
5158	192
5159	988
5160	391
5161	135
5162	669
5163	538
5164	500
5165	241
5166	715
5167	422
5168	911
5169	46
5170	30
5171	44
5172	815
5173	560
5174	494
5175	656
5176	583
5177	12
5178	949
5179	893
5180	319
5181	362
5182	504
5183	785
5184	845
5185	593
5186	568
5187	734
5188	387
5189	911
5190	10
5191	504
5192	881
5193	350
5194	882
5195	163
5196	533
5197	824
5198	712
5199	886
5200	319
5201	302
5202	857
5203	208
5204	813
5205	886
5206	475
5207	276
5208	12
5209	776
5210	463
5211	418
5212	796
5213	883
5214	448
5215	115
5216	163
5217	893
5218	855
5219	263
5220	477
5221	244
5222	276
5223	317
5224	992
5225	151
5226	925
5227	555
5228	979
5229	70
5230	777
5231	114
5232	257
5233	986
5234	761
5235	187
5236	780
5237	690
5238	752
5239	268
5240	798
5241	187
5242	494
5243	569
5244	487
5245	193
5246	53
5247	535
5248	738
5249	867
5250	778
5251	361
5252	409
5253	755
5254	723
5255	211
5256	470
5257	144
5258	569
5259	254
5260	433
5261	116
5262	317
5263	952
5264	298
5265	806
5266	268
5267	175
5268	831
5269	154
5270	244
5271	594
5272	378
5273	727
5274	297
5275	844
5276	212
5277	252
5278	368
5279	901
5280	949
5281	758
5282	154
5283	370
5284	789
5285	529
5286	216
5287	451
5288	74
5289	884
5290	403
5291	500
5292	31
5293	284
5294	836
5295	178
5296	219
5297	651
5298	810
5299	359
5300	427
5301	564
5302	515
5303	615
5304	654
5305	192
5306	690
5307	562
5308	442
5309	641
5310	331
5311	778
5312	483
5313	675
5314	794
5315	129
5316	236
5317	563
5318	610
5319	79
5320	826
5321	936
5322	668
5323	133
5324	54
5325	654
5326	568
5327	204
5328	31
5329	273
5330	56
5331	759
5332	112
5333	150
5334	875
5335	598
5336	922
5337	274
5338	115
5339	341
5340	765
5341	430
5342	36
5343	822
5344	44
5345	696
5346	589
5347	766
5348	46
5349	704
5350	143
5351	274
5352	643
5353	763
5354	600
5355	315
5356	415
5357	881
5358	557
5359	725
5360	491
5361	431
5362	731
5363	630
5364	316
5365	643
5366	98
5367	616
5368	299
5369	432
5370	342
5371	782
5372	518
5373	508
5374	843
5375	174
5376	799
5377	724
5378	353
5379	350
5380	229
5381	622
5382	643
5383	397
5384	720
5385	73
5386	730
5387	766
5388	555
5389	712
5390	911
5391	498
5392	605
5393	109
5394	750
5395	879
5396	694
5397	310
5398	325
5399	300
5400	259
5401	330
5402	557
5403	838
5404	57
5405	917
5406	866
5407	276
5408	73
5409	629
5410	148
5411	731
5412	286
5413	366
5414	310
5415	92
5416	364
5417	18
5418	750
5419	873
5420	242
5421	699
5422	584
5423	851
5424	558
5425	186
5426	810
5427	101
5428	476
5429	671
5430	737
5431	934
5432	820
5433	430
5434	105
5435	304
5436	214
5437	621
5438	159
5439	760
5440	637
5441	150
5442	442
5443	315
5444	262
5445	14
5446	311
5447	999
5448	603
5449	827
5450	343
5451	231
5452	771
5453	646
5454	188
5455	508
5456	651
5457	192
5458	224
5459	562
5460	354
5461	687
5462	356
5463	477
5464	788
5465	260
5466	505
5467	18
5468	424
5469	200
5470	296
5471	767
5472	412
5473	55
5474	667
5475	15
5476	604
5477	887
5478	915
5479	663
5480	207
5481	332
5482	510
5483	108
5484	149
5485	245
5486	424
5487	60
5488	709
5489	534
5490	312
5491	868
5492	431
5493	673
5494	513
5495	839
5496	584
5497	778
5498	282
5499	249
5500	975
5501	48
5502	783
5503	259
5504	715
5505	108
5506	634
5507	91
5508	312
5509	903
5510	539
5511	911
5512	479
5513	794
5514	951
5515	369
5516	547
5517	399
5518	572
5519	730
5520	448
5521	780
5522	989
5523	571
5524	686
5525	603
5526	600
5527	154
5528	199
5529	451
5530	946
5531	748
5532	955
5533	504
5534	741
5535	815
5536	856
5537	269
5538	335
5539	258
5540	829
5541	413
5542	189
5543	497
5544	476
5545	788
5546	906
5547	297
5548	830
5549	808
5550	518
5551	903
5552	316
5553	433
5554	940
5555	355
5556	478
5557	230
5558	426
5559	275
5560	729
5561	381
5562	845
5563	972
5564	322
5565	466
5566	406
5567	489
5568	388
5569	673
5570	623
5571	587
5572	304
5573	189
5574	906
5575	234
5576	17
5577	335
5578	993
5579	819
5580	372
5581	221
5582	861
5583	807
5584	322
5585	721
5586	906
5587	311
5588	570
5589	518
5590	796
5591	272
5592	56
5593	172
5594	163
5595	975
5596	647
5597	900
5598	962
5599	28
5600	584
5601	895
5602	305
5603	728
5604	512
5605	990
5606	660
5607	326
5608	48
5609	991
5610	592
5611	725
5612	807
5613	857
5614	617
5615	996
5616	327
5617	954
5618	643
5619	723
5620	227
5621	961
5622	811
5623	185
5624	13
5625	873
5626	718
5627	495
5628	75
5629	889
5630	234
5631	177
5632	690
5633	958
5634	39
5635	903
5636	206
5637	226
5638	97
5639	278
5640	890
5641	378
5642	192
5643	231
5644	265
5645	657
5646	918
5647	79
5648	301
5649	848
5650	977
5651	928
5652	789
5653	184
5654	304
5655	684
5656	777
5657	632
5658	78
5659	689
5660	819
5661	569
5662	570
5663	453
5664	338
5665	632
5666	673
5667	245
5668	126
5669	102
5670	803
5671	902
5672	818
5673	476
5674	262
5675	513
5676	391
5677	593
5678	376
5679	116
5680	67
5681	387
5682	533
5683	707
5684	369
5685	353
5686	983
5687	120
5688	802
5689	402
5690	278
5691	104
5692	975
5693	553
5694	704
5695	881
5696	700
5697	480
5698	473
5699	865
5700	372
5701	979
5702	542
5703	992
5704	445
5705	464
5706	140
5707	694
5708	893
5709	791
5710	401
5711	356
5712	990
5713	699
5714	511
5715	729
5716	959
5717	22
5718	835
5719	351
5720	809
5721	373
5722	952
5723	225
5724	846
5725	330
5726	802
5727	251
5728	899
5729	211
5730	647
5731	343
5732	543
5733	275
5734	805
5735	46
5736	504
5737	345
5738	384
5739	691
5740	942
5741	825
5742	197
5743	631
5744	221
5745	492
5746	185
5747	574
5748	725
5749	681
5750	103
5751	54
5752	452
5753	522
5754	138
5755	308
5756	520
5757	76
5758	398
5759	304
5760	100
5761	756
5762	842
5763	851
5764	146
5765	344
5766	450
5767	611
5768	480
5769	14
5770	175
5771	532
5772	968
5773	705
5774	730
5775	26
5776	746
5777	432
5778	456
5779	763
5780	682
5781	761
5782	521
5783	774
5784	20
5785	798
5786	292
5787	798
5788	76
5789	455
5790	602
5791	498
5792	805
5793	670
5794	963
5795	753
5796	781
5797	114
5798	657
5799	835
5800	552
5801	201
5802	175
5803	584
5804	412
5805	100
5806	345
5807	244
5808	130
5809	118
5810	98
5811	391
5812	529
5813	360
5814	287
5815	464
5816	766
5817	469
5818	185
5819	992
5820	945
5821	881
5822	180
5823	693
5824	982
5825	235
5826	896
5827	861
5828	683
5829	657
5830	929
5831	500
5832	417
5833	833
5834	435
5835	220
5836	838
5837	225
5838	357
5839	297
5840	21
5841	19
5842	56
5843	738
5844	936
5845	359
5846	111
5847	749
5848	366
5849	80
5850	925
5851	326
5852	987
5853	715
5854	869
5855	345
5856	276
5857	869
5858	593
5859	93
5860	938
5861	446
5862	468
5863	237
5864	432
5865	282
5866	780
5867	383
5868	33
5869	999
5870	301
5871	835
5872	282
5873	961
5874	451
5875	528
5876	933
5877	388
5878	53
5879	685
5880	863
5881	590
5882	837
5883	839
5884	624
5885	910
5886	624
5887	667
5888	996
5889	354
5890	47
5891	837
5892	91
5893	602
5894	490
5895	351
5896	634
5897	947
5898	214
5899	620
5900	388
5901	876
5902	190
5903	794
5904	24
5905	663
5906	675
5907	139
5908	765
5909	78
5910	504
5911	290
5912	861
5913	176
5914	500
5915	399
5916	710
5917	668
5918	43
5919	346
5920	415
5921	210
5922	635
5923	757
5924	432
5925	802
5926	46
5927	764
5928	95
5929	867
5930	779
5931	10
5932	351
5933	837
5934	353
5935	713
5936	102
5937	685
5938	113
5939	423
5940	831
5941	157
5942	889
5943	469
5944	191
5945	84
5946	600
5947	954
5948	567
5949	484
5950	702
5951	150
5952	609
5953	958
5954	387
5955	232
5956	700
5957	236
5958	689
5959	553
5960	96
5961	576
5962	525
5963	487
5964	150
5965	179
5966	354
5967	348
5968	628
5969	528
5970	969
5971	587
5972	158
5973	905
5974	531
5975	830
5976	720
5977	238
5978	50
5979	622
5980	624
5981	201
5982	823
5983	103
5984	699
5985	620
5986	538
5987	200
5988	448
5989	112
5990	697
5991	593
5992	705
5993	945
5994	850
5995	200
5996	494
5997	427
5998	455
5999	978
6000	936
6001	165
6002	834
6003	571
6004	851
6005	432
6006	208
6007	819
6008	808
6009	925
6010	784
6011	811
6012	277
6013	487
6014	666
6015	610
6016	704
6017	915
6018	63
6019	797
6020	744
6021	319
6022	125
6023	851
6024	181
6025	424
6026	963
6027	152
6028	690
6029	44
6030	167
6031	23
6032	510
6033	614
6034	217
6035	520
6036	204
6037	230
6038	924
6039	730
6040	769
6041	169
6042	926
6043	136
6044	352
6045	311
6046	310
6047	104
6048	656
6049	848
6050	503
6051	284
6052	687
6053	613
6054	349
6055	765
6056	659
6057	99
6058	767
6059	872
6060	638
6061	234
6062	337
6063	256
6064	376
6065	77
6066	812
6067	789
6068	665
6069	642
6070	392
6071	102
6072	989
6073	160
6074	587
6075	400
6076	781
6077	805
6078	230
6079	598
6080	435
6081	961
6082	758
6083	715
6084	149
6085	905
6086	586
6087	242
6088	821
6089	228
6090	785
6091	503
6092	251
6093	562
6094	349
6095	441
6096	513
6097	980
6098	913
6099	25
6100	529
6101	638
6102	609
6103	925
6104	150
6105	461
6106	981
6107	372
6108	917
6109	183
6110	194
6111	853
6112	815
6113	922
6114	181
6115	40
6116	328
6117	133
6118	794
6119	748
6120	777
6121	637
6122	592
6123	725
6124	777
6125	716
6126	836
6127	560
6128	694
6129	712
6130	372
6131	723
6132	508
6133	377
6134	258
6135	326
6136	970
6137	266
6138	331
6139	628
6140	982
6141	985
6142	964
6143	430
6144	272
6145	847
6146	565
6147	845
6148	619
6149	178
6150	550
6151	93
6152	869
6153	513
6154	232
6155	241
6156	578
6157	982
6158	518
6159	349
6160	319
6161	184
6162	719
6163	969
6164	930
6165	151
6166	186
6167	926
6168	203
6169	309
6170	909
6171	146
6172	229
6173	450
6174	356
6175	255
6176	927
6177	906
6178	579
6179	568
6180	225
6181	449
6182	342
6183	189
6184	815
6185	72
6186	148
6187	63
6188	724
6189	955
6190	534
6191	540
6192	687
6193	53
6194	974
6195	593
6196	956
6197	145
6198	640
6199	783
6200	22
6201	952
6202	992
6203	16
6204	194
6205	156
6206	20
6207	209
6208	349
6209	703
6210	978
6211	343
6212	46
6213	469
6214	832
6215	567
6216	676
6217	643
6218	124
6219	309
6220	107
6221	924
6222	909
6223	384
6224	320
6225	909
6226	498
6227	440
6228	298
6229	528
6230	693
6231	13
6232	681
6233	916
6234	923
6235	882
6236	695
6237	760
6238	644
6239	168
6240	415
6241	901
6242	284
6243	270
6244	402
6245	68
6246	567
6247	917
6248	199
6249	678
6250	712
6251	891
6252	355
6253	490
6254	566
6255	852
6256	645
6257	25
6258	501
6259	206
6260	984
6261	390
6262	311
6263	856
6264	709
6265	111
6266	19
6267	553
6268	931
6269	167
6270	941
6271	48
6272	47
6273	661
6274	258
6275	435
6276	24
6277	653
6278	568
6279	275
6280	966
6281	86
6282	701
6283	643
6284	278
6285	861
6286	364
6287	152
6288	769
6289	991
6290	720
6291	285
6292	732
6293	965
6294	651
6295	662
6296	163
6297	139
6298	661
6299	219
6300	249
6301	563
6302	909
6303	325
6304	60
6305	295
6306	838
6307	244
6308	768
6309	112
6310	441
6311	280
6312	978
6313	487
6314	28
6315	331
6316	109
6317	413
6318	759
6319	869
6320	635
6321	112
6322	680
6323	200
6324	225
6325	769
6326	76
6327	99
6328	517
6329	970
6330	265
6331	921
6332	58
6333	61
6334	948
6335	568
6336	794
6337	725
6338	918
6339	528
6340	745
6341	682
6342	377
6343	133
6344	962
6345	919
6346	724
6347	152
6348	219
6349	860
6350	523
6351	509
6352	192
6353	530
6354	95
6355	57
6356	24
6357	961
6358	275
6359	330
6360	686
6361	251
6362	322
6363	708
6364	457
6365	145
6366	303
6367	432
6368	966
6369	235
6370	478
6371	15
6372	92
6373	556
6374	611
6375	571
6376	136
6377	365
6378	433
6379	123
6380	738
6381	751
6382	969
6383	592
6384	24
6385	147
6386	882
6387	562
6388	484
6389	653
6390	183
6391	549
6392	569
6393	665
6394	361
6395	865
6396	980
6397	697
6398	270
6399	648
6400	202
6401	898
6402	620
6403	501
6404	107
6405	423
6406	829
6407	535
6408	727
6409	673
6410	781
6411	896
6412	578
6413	563
6414	351
6415	147
6416	965
6417	341
6418	390
6419	119
6420	225
6421	447
6422	992
6423	332
6424	735
6425	112
6426	69
6427	937
6428	21
6429	918
6430	788
6431	524
6432	802
6433	413
6434	15
6435	452
6436	185
6437	681
6438	996
6439	877
6440	964
6441	458
6442	411
6443	537
6444	342
6445	77
6446	691
6447	820
6448	215
6449	364
6450	103
6451	391
6452	572
6453	876
6454	949
6455	370
6456	715
6457	851
6458	186
6459	856
6460	344
6461	709
6462	814
6463	393
6464	318
6465	556
6466	146
6467	278
6468	980
6469	718
6470	157
6471	755
6472	777
6473	288
6474	891
6475	636
6476	680
6477	411
6478	825
6479	345
6480	304
6481	651
6482	610
6483	37
6484	629
6485	171
6486	249
6487	98
6488	365
6489	455
6490	675
6491	765
6492	412
6493	19
6494	982
6495	584
6496	193
6497	45
6498	34
6499	984
6500	421
6501	746
6502	608
6503	75
6504	920
6505	834
6506	244
6507	468
6508	556
6509	321
6510	891
6511	602
6512	705
6513	719
6514	169
6515	865
6516	303
6517	776
6518	667
6519	623
6520	825
6521	742
6522	638
6523	27
6524	717
6525	636
6526	146
6527	377
6528	269
6529	56
6530	738
6531	637
6532	907
6533	742
6534	149
6535	574
6536	950
6537	423
6538	349
6539	480
6540	879
6541	133
6542	946
6543	73
6544	302
6545	44
6546	327
6547	190
6548	894
6549	353
6550	434
6551	602
6552	631
6553	510
6554	451
6555	863
6556	861
6557	996
6558	159
6559	413
6560	443
6561	101
6562	338
6563	43
6564	436
6565	960
6566	594
6567	65
6568	520
6569	401
6570	980
6571	756
6572	114
6573	929
6574	146
6575	884
6576	339
6577	451
6578	285
6579	549
6580	767
6581	436
6582	686
6583	391
6584	334
6585	292
6586	696
6587	286
6588	759
6589	364
6590	562
6591	146
6592	63
6593	609
6594	679
6595	308
6596	862
6597	546
6598	400
6599	180
6600	519
6601	992
6602	777
6603	897
6604	208
6605	468
6606	937
6607	251
6608	397
6609	596
6610	297
6611	670
6612	459
6613	571
6614	220
6615	114
6616	290
6617	820
6618	347
6619	520
6620	519
6621	982
6622	523
6623	726
6624	524
6625	826
6626	618
6627	695
6628	89
6629	682
6630	593
6631	349
6632	602
6633	23
6634	694
6635	813
6636	543
6637	212
6638	940
6639	469
6640	792
6641	866
6642	745
6643	841
6644	902
6645	201
6646	841
6647	85
6648	27
6649	652
6650	656
6651	788
6652	474
6653	779
6654	591
6655	935
6656	657
6657	440
6658	59
6659	244
6660	391
6661	888
6662	736
6663	312
6664	524
6665	944
6666	523
6667	948
6668	215
6669	171
6670	737
6671	334
6672	977
6673	382
6674	347
6675	411
6676	182
6677	887
6678	20
6679	92
6680	681
6681	358
6682	383
6683	653
6684	880
6685	884
6686	805
6687	548
6688	248
6689	496
6690	384
6691	684
6692	679
6693	849
6694	293
6695	769
6696	830
6697	948
6698	873
6699	456
6700	227
6701	893
6702	350
6703	156
6704	396
6705	445
6706	938
6707	783
6708	245
6709	441
6710	85
6711	38
6712	105
6713	927
6714	673
6715	568
6716	783
6717	719
6718	600
6719	701
6720	331
6721	107
6722	824
6723	228
6724	927
6725	337
6726	911
6727	666
6728	423
6729	270
6730	187
6731	737
6732	142
6733	205
6734	717
6735	94
6736	302
6737	96
6738	483
6739	542
6740	267
6741	253
6742	760
6743	444
6744	940
6745	824
6746	297
6747	125
6748	513
6749	975
6750	17
6751	790
6752	712
6753	372
6754	136
6755	546
6756	452
6757	711
6758	243
6759	543
6760	419
6761	495
6762	198
6763	995
6764	593
6765	66
6766	798
6767	191
6768	99
6769	98
6770	586
6771	34
6772	947
6773	579
6774	326
6775	341
6776	477
6777	117
6778	536
6779	434
6780	368
6781	106
6782	733
6783	305
6784	206
6785	145
6786	153
6787	665
6788	431
6789	544
6790	553
6791	541
6792	918
6793	280
6794	482
6795	144
6796	258
6797	255
6798	672
6799	666
6800	588
6801	15
6802	262
6803	57
6804	424
6805	111
6806	913
6807	969
6808	403
6809	302
6810	431
6811	242
6812	950
6813	686
6814	467
6815	156
6816	50
6817	978
6818	797
6819	81
6820	268
6821	751
6822	933
6823	510
6824	102
6825	877
6826	447
6827	629
6828	665
6829	190
6830	251
6831	938
6832	755
6833	752
6834	228
6835	110
6836	128
6837	336
6838	629
6839	924
6840	318
6841	301
6842	683
6843	152
6844	685
6845	368
6846	84
6847	33
6848	119
6849	944
6850	906
6851	676
6852	180
6853	873
6854	351
6855	713
6856	107
6857	165
6858	339
6859	782
6860	511
6861	446
6862	44
6863	881
6864	468
6865	184
6866	398
6867	647
6868	269
6869	320
6870	720
6871	79
6872	258
6873	32
6874	892
6875	574
6876	927
6877	634
6878	117
6879	204
6880	314
6881	616
6882	433
6883	33
6884	602
6885	901
6886	145
6887	674
6888	379
6889	437
6890	760
6891	974
6892	784
6893	534
6894	488
6895	824
6896	672
6897	191
6898	966
6899	930
6900	310
6901	240
6902	556
6903	896
6904	835
6905	167
6906	494
6907	841
6908	332
6909	144
6910	77
6911	331
6912	678
6913	885
6914	541
6915	387
6916	889
6917	204
6918	519
6919	605
6920	769
6921	738
6922	213
6923	275
6924	394
6925	332
6926	375
6927	789
6928	585
6929	842
6930	648
6931	890
6932	965
6933	286
6934	711
6935	693
6936	504
6937	538
6938	955
6939	977
6940	778
6941	927
6942	56
6943	758
6944	749
6945	66
6946	116
6947	53
6948	767
6949	992
6950	445
6951	969
6952	25
6953	979
6954	78
6955	977
6956	620
6957	747
6958	768
6959	478
6960	322
6961	43
6962	498
6963	566
6964	285
6965	401
6966	802
6967	112
6968	362
6969	676
6970	785
6971	669
6972	563
6973	159
6974	174
6975	802
6976	617
6977	670
6978	79
6979	503
6980	91
6981	973
6982	486
6983	667
6984	80
6985	501
6986	680
6987	652
6988	66
6989	114
6990	89
6991	466
6992	508
6993	133
6994	921
6995	584
6996	180
6997	334
6998	476
6999	552
7000	117
7001	979
7002	700
7003	884
7004	152
7005	720
7006	327
7007	515
7008	220
7009	603
7010	151
7011	866
7012	371
7013	450
7014	99
7015	289
7016	771
7017	496
7018	821
7019	976
7020	418
7021	713
7022	651
7023	180
7024	387
7025	149
7026	294
7027	204
7028	101
7029	526
7030	103
7031	989
7032	602
7033	72
7034	624
7035	713
7036	147
7037	418
7038	761
7039	441
7040	345
7041	970
7042	450
7043	149
7044	640
7045	580
7046	834
7047	36
7048	363
7049	874
7050	299
7051	147
7052	725
7053	131
7054	407
7055	68
7056	855
7057	972
7058	652
7059	383
7060	164
7061	357
7062	657
7063	584
7064	441
7065	718
7066	905
7067	825
7068	915
7069	974
7070	958
7071	874
7072	881
7073	281
7074	496
7075	751
7076	34
7077	236
7078	69
7079	715
7080	363
7081	992
7082	927
7083	69
7084	502
7085	661
7086	106
7087	535
7088	36
7089	106
7090	134
7091	433
7092	350
7093	175
7094	326
7095	668
7096	234
7097	38
7098	314
7099	162
7100	382
7101	623
7102	343
7103	106
7104	779
7105	314
7106	69
7107	890
7108	662
7109	870
7110	516
7111	400
7112	290
7113	772
7114	647
7115	108
7116	271
7117	588
7118	624
7119	132
7120	712
7121	334
7122	404
7123	687
7124	231
7125	699
7126	228
7127	656
7128	905
7129	162
7130	233
7131	236
7132	411
7133	543
7134	271
7135	103
7136	209
7137	363
7138	450
7139	188
7140	360
7141	67
7142	377
7143	111
7144	713
7145	718
7146	992
7147	670
7148	34
7149	525
7150	844
7151	413
7152	408
7153	70
7154	835
7155	753
7156	716
7157	261
7158	901
7159	251
7160	653
7161	220
7162	684
7163	687
7164	459
7165	835
7166	903
7167	273
7168	461
7169	164
7170	586
7171	124
7172	576
7173	38
7174	267
7175	198
7176	186
7177	352
7178	711
7179	268
7180	123
7181	555
7182	562
7183	138
7184	246
7185	577
7186	746
7187	784
7188	381
7189	310
7190	967
7191	529
7192	923
7193	847
7194	570
7195	464
7196	806
7197	427
7198	362
7199	637
7200	115
7201	125
7202	563
7203	809
7204	182
7205	844
7206	669
7207	804
7208	462
7209	504
7210	768
7211	440
7212	982
7213	544
7214	977
7215	104
7216	423
7217	811
7218	275
7219	329
7220	748
7221	836
7222	443
7223	432
7224	80
7225	911
7226	633
7227	166
7228	986
7229	401
7230	643
7231	38
7232	825
7233	332
7234	999
7235	547
7236	463
7237	628
7238	329
7239	950
7240	654
7241	47
7242	443
7243	199
7244	383
7245	168
7246	300
7247	297
7248	598
7249	219
7250	393
7251	208
7252	214
7253	97
7254	279
7255	56
7256	70
7257	824
7258	741
7259	103
7260	857
7261	344
7262	961
7263	769
7264	465
7265	811
7266	833
7267	637
7268	980
7269	395
7270	33
7271	700
7272	657
7273	453
7274	858
7275	303
7276	444
7277	131
7278	812
7279	742
7280	757
7281	63
7282	569
7283	960
7284	882
7285	110
7286	598
7287	339
7288	785
7289	48
7290	869
7291	515
7292	835
7293	104
7294	825
7295	325
7296	838
7297	582
7298	930
7299	76
7300	661
7301	940
7302	390
7303	972
7304	457
7305	841
7306	593
7307	35
7308	217
7309	123
7310	150
7311	608
7312	64
7313	805
7314	527
7315	362
7316	82
7317	591
7318	120
7319	630
7320	478
7321	199
7322	372
7323	471
7324	804
7325	513
7326	451
7327	462
7328	766
7329	926
7330	146
7331	467
7332	670
7333	359
7334	47
7335	478
7336	775
7337	833
7338	699
7339	832
7340	55
7341	948
7342	971
7343	29
7344	145
7345	998
7346	637
7347	402
7348	742
7349	655
7350	230
7351	585
7352	720
7353	360
7354	961
7355	916
7356	175
7357	600
7358	990
7359	409
7360	783
7361	512
7362	181
7363	824
7364	617
7365	551
7366	777
7367	216
7368	588
7369	837
7370	819
7371	442
7372	451
7373	415
7374	884
7375	171
7376	423
7377	155
7378	463
7379	434
7380	498
7381	838
7382	322
7383	932
7384	571
7385	971
7386	35
7387	450
7388	575
7389	704
7390	126
7391	466
7392	122
7393	691
7394	906
7395	593
7396	501
7397	436
7398	141
7399	144
7400	938
7401	246
7402	748
7403	861
7404	790
7405	330
7406	762
7407	82
7408	846
7409	155
7410	897
7411	789
7412	655
7413	999
7414	758
7415	634
7416	248
7417	914
7418	602
7419	208
7420	781
7421	102
7422	356
7423	629
7424	366
7425	657
7426	524
7427	503
7428	959
7429	143
7430	911
7431	420
7432	665
7433	972
7434	20
7435	859
7436	478
7437	323
7438	248
7439	699
7440	640
7441	720
7442	484
7443	493
7444	807
7445	523
7446	85
7447	853
7448	931
7449	197
7450	654
7451	483
7452	220
7453	529
7454	757
7455	703
7456	404
7457	800
7458	61
7459	743
7460	322
7461	824
7462	147
7463	786
7464	411
7465	981
7466	965
7467	305
7468	985
7469	794
7470	754
7471	679
7472	486
7473	371
7474	290
7475	473
7476	446
7477	346
7478	839
7479	360
7480	212
7481	796
7482	129
7483	508
7484	654
7485	251
7486	454
7487	394
7488	26
7489	878
7490	809
7491	911
7492	873
7493	588
7494	988
7495	545
7496	526
7497	97
7498	877
7499	959
7500	363
7501	616
7502	608
7503	386
7504	721
7505	356
7506	972
7507	883
7508	85
7509	350
7510	710
7511	707
7512	508
7513	222
7514	190
7515	875
7516	593
7517	971
7518	411
7519	875
7520	762
7521	438
7522	167
7523	279
7524	38
7525	920
7526	120
7527	637
7528	314
7529	749
7530	524
7531	259
7532	549
7533	986
7534	654
7535	668
7536	990
7537	197
7538	480
7539	952
7540	461
7541	562
7542	212
7543	877
7544	248
7545	68
7546	298
7547	195
7548	764
7549	332
7550	101
7551	405
7552	518
7553	984
7554	228
7555	814
7556	668
7557	297
7558	938
7559	385
7560	93
7561	203
7562	780
7563	375
7564	226
7565	73
7566	25
7567	883
7568	864
7569	179
7570	789
7571	860
7572	265
7573	692
7574	658
7575	696
7576	998
7577	359
7578	469
7579	345
7580	322
7581	221
7582	424
7583	326
7584	299
7585	498
7586	906
7587	608
7588	322
7589	271
7590	407
7591	285
7592	634
7593	507
7594	746
7595	371
7596	463
7597	741
7598	393
7599	621
7600	924
7601	392
7602	405
7603	200
7604	855
7605	501
7606	825
7607	660
7608	320
7609	967
7610	330
7611	999
7612	164
7613	669
7614	506
7615	165
7616	767
7617	599
7618	856
7619	967
7620	631
7621	741
7622	618
7623	465
7624	467
7625	15
7626	826
7627	654
7628	860
7629	164
7630	390
7631	674
7632	852
7633	790
7634	863
7635	454
7636	598
7637	493
7638	754
7639	620
7640	580
7641	693
7642	401
7643	765
7644	943
7645	649
7646	745
7647	140
7648	998
7649	109
7650	753
7651	923
7652	606
7653	747
7654	980
7655	228
7656	459
7657	651
7658	359
7659	428
7660	559
7661	438
7662	481
7663	779
7664	954
7665	765
7666	969
7667	91
7668	139
7669	469
7670	280
7671	824
7672	516
7673	455
7674	161
7675	485
7676	261
7677	308
7678	734
7679	694
7680	916
7681	274
7682	518
7683	468
7684	135
7685	340
7686	253
7687	204
7688	328
7689	710
7690	211
7691	524
7692	642
7693	84
7694	978
7695	565
7696	693
7697	725
7698	92
7699	602
7700	286
7701	374
7702	733
7703	826
7704	770
7705	185
7706	334
7707	264
7708	407
7709	189
7710	463
7711	527
7712	993
7713	348
7714	863
7715	120
7716	289
7717	57
7718	15
7719	637
7720	440
7721	425
7722	906
7723	203
7724	510
7725	618
7726	618
7727	238
7728	650
7729	231
7730	86
7731	218
7732	906
7733	10
7734	385
7735	751
7736	109
7737	817
7738	962
7739	635
7740	423
7741	904
7742	346
7743	556
7744	669
7745	870
7746	772
7747	290
7748	947
7749	474
7750	137
7751	288
7752	497
7753	996
7754	771
7755	332
7756	602
7757	940
7758	149
7759	521
7760	510
7761	101
7762	418
7763	546
7764	370
7765	44
7766	981
7767	433
7768	652
7769	974
7770	721
7771	441
7772	691
7773	792
7774	577
7775	444
7776	961
7777	277
7778	300
7779	953
7780	187
7781	362
7782	651
7783	396
7784	544
7785	546
7786	516
7787	543
7788	77
7789	848
7790	543
7791	342
7792	477
7793	92
7794	843
7795	872
7796	951
7797	890
7798	105
7799	897
7800	821
7801	727
7802	954
7803	821
7804	763
7805	945
7806	301
7807	58
7808	856
7809	206
7810	280
7811	127
7812	887
7813	856
7814	577
7815	337
7816	832
7817	360
7818	884
7819	771
7820	841
7821	291
7822	281
7823	709
7824	685
7825	552
7826	254
7827	446
7828	914
7829	914
7830	562
7831	756
7832	265
7833	52
7834	36
7835	960
7836	804
7837	307
7838	70
7839	430
7840	853
7841	158
7842	429
7843	570
7844	284
7845	308
7846	166
7847	330
7848	48
7849	141
7850	805
7851	745
7852	597
7853	818
7854	131
7855	400
7856	84
7857	629
7858	105
7859	316
7860	481
7861	424
7862	647
7863	889
7864	432
7865	404
7866	385
7867	942
7868	226
7869	126
7870	154
7871	741
7872	294
7873	859
7874	304
7875	445
7876	607
7877	104
7878	111
7879	782
7880	330
7881	577
7882	501
7883	881
7884	157
7885	788
7886	73
7887	802
7888	259
7889	461
7890	51
7891	264
7892	420
7893	44
7894	444
7895	69
7896	281
7897	983
7898	862
7899	323
7900	939
7901	443
7902	158
7903	739
7904	847
7905	952
7906	631
7907	111
7908	685
7909	174
7910	200
7911	760
7912	734
7913	858
7914	144
7915	140
7916	772
7917	692
7918	738
7919	588
7920	791
7921	911
7922	144
7923	244
7924	662
7925	898
7926	888
7927	853
7928	506
7929	98
7930	811
7931	836
7932	854
7933	13
7934	441
7935	177
7936	817
7937	384
7938	558
7939	813
7940	711
7941	515
7942	897
7943	39
7944	462
7945	543
7946	492
7947	244
7948	872
7949	259
7950	961
7951	531
7952	546
7953	343
7954	188
7955	885
7956	438
7957	181
7958	46
7959	489
7960	937
7961	136
7962	391
7963	858
7964	921
7965	129
7966	867
7967	711
7968	553
7969	113
7970	224
7971	686
7972	847
7973	332
7974	386
7975	277
7976	444
7977	333
7978	68
7979	909
7980	637
7981	720
7982	840
7983	141
7984	411
7985	838
7986	710
7987	579
7988	433
7989	419
7990	976
7991	991
7992	494
7993	797
7994	663
7995	937
7996	429
7997	992
7998	375
7999	863
8000	666
8001	587
8002	251
8003	467
8004	119
8005	219
8006	493
8007	844
8008	820
8009	262
8010	259
8011	450
8012	50
8013	844
8014	903
8015	474
8016	70
8017	550
8018	94
8019	535
8020	522
8021	243
8022	957
8023	267
8024	229
8025	881
8026	962
8027	93
8028	895
8029	12
8030	820
8031	369
8032	454
8033	492
8034	613
8035	599
8036	42
8037	960
8038	154
8039	719
8040	736
8041	760
8042	31
8043	267
8044	813
8045	104
8046	843
8047	746
8048	194
8049	455
8050	262
8051	478
8052	500
8053	850
8054	229
8055	436
8056	999
8057	231
8058	966
8059	207
8060	203
8061	458
8062	725
8063	562
8064	21
8065	227
8066	372
8067	108
8068	613
8069	434
8070	717
8071	985
8072	964
8073	134
8074	539
8075	856
8076	756
8077	568
8078	301
8079	129
8080	647
8081	216
8082	598
8083	350
8084	369
8085	897
8086	13
8087	175
8088	266
8089	315
8090	63
8091	196
8092	269
8093	276
8094	250
8095	286
8096	628
8097	685
8098	772
8099	737
8100	51
8101	993
8102	784
8103	507
8104	929
8105	873
8106	345
8107	700
8108	34
8109	78
8110	210
8111	282
8112	144
8113	508
8114	418
8115	556
8116	643
8117	152
8118	244
8119	294
8120	360
8121	21
8122	412
8123	254
8124	15
8125	156
8126	23
8127	705
8128	822
8129	828
8130	277
8131	978
8132	749
8133	93
8134	904
8135	136
8136	528
8137	484
8138	527
8139	546
8140	798
8141	989
8142	244
8143	194
8144	842
8145	412
8146	576
8147	301
8148	222
8149	492
8150	447
8151	256
8152	22
8153	983
8154	380
8155	832
8156	875
8157	682
8158	297
8159	705
8160	694
8161	469
8162	887
8163	303
8164	184
8165	308
8166	772
8167	105
8168	320
8169	60
8170	406
8171	667
8172	842
8173	293
8174	786
8175	669
8176	518
8177	273
8178	747
8179	418
8180	242
8181	808
8182	322
8183	22
8184	392
8185	194
8186	582
8187	791
8188	582
8189	907
8190	912
8191	193
8192	917
8193	856
8194	467
8195	226
8196	894
8197	622
8198	337
8199	986
8200	569
8201	356
8202	185
8203	531
8204	522
8205	252
8206	13
8207	140
8208	567
8209	614
8210	787
8211	313
8212	528
8213	144
8214	509
8215	762
8216	204
8217	78
8218	291
8219	192
8220	472
8221	861
8222	574
8223	916
8224	24
8225	559
8226	305
8227	719
8228	466
8229	167
8230	356
8231	813
8232	639
8233	740
8234	144
8235	380
8236	677
8237	417
8238	457
8239	119
8240	605
8241	585
8242	747
8243	401
8244	46
8245	681
8246	80
8247	973
8248	490
8249	888
8250	525
8251	288
8252	91
8253	544
8254	911
8255	337
8256	320
8257	53
8258	666
8259	379
8260	600
8261	73
8262	908
8263	723
8264	209
8265	508
8266	821
8267	253
8268	958
8269	251
8270	770
8271	988
8272	968
8273	373
8274	21
8275	637
8276	856
8277	157
8278	161
8279	389
8280	457
8281	671
8282	452
8283	223
8284	356
8285	854
8286	935
8287	847
8288	162
8289	618
8290	686
8291	867
8292	126
8293	938
8294	348
8295	816
8296	841
8297	100
8298	725
8299	920
8300	46
8301	973
8302	931
8303	495
8304	724
8305	187
8306	82
8307	580
8308	218
8309	945
8310	320
8311	286
8312	899
8313	331
8314	494
8315	837
8316	951
8317	24
8318	241
8319	146
8320	800
8321	48
8322	121
8323	250
8324	185
8325	379
8326	139
8327	580
8328	459
8329	721
8330	976
8331	288
8332	234
8333	170
8334	583
8335	410
8336	611
8337	237
8338	422
8339	497
8340	57
8341	658
8342	91
8343	684
8344	769
8345	412
8346	721
8347	230
8348	349
8349	903
8350	528
8351	934
8352	581
8353	498
8354	486
8355	500
8356	283
8357	71
8358	227
8359	413
8360	60
8361	891
8362	556
8363	620
8364	46
8365	483
8366	904
8367	53
8368	506
8369	244
8370	62
8371	40
8372	624
8373	403
8374	196
8375	875
8376	283
8377	11
8378	983
8379	389
8380	942
8381	869
8382	18
8383	770
8384	756
8385	274
8386	131
8387	945
8388	575
8389	990
8390	289
8391	789
8392	368
8393	318
8394	461
8395	338
8396	130
8397	181
8398	597
8399	944
8400	817
8401	948
8402	177
8403	940
8404	624
8405	495
8406	983
8407	810
8408	162
8409	286
8410	312
8411	625
8412	969
8413	511
8414	61
8415	253
8416	611
8417	728
8418	584
8419	920
8420	953
8421	212
8422	437
8423	542
8424	813
8425	690
8426	443
8427	604
8428	144
8429	766
8430	372
8431	306
8432	397
8433	191
8434	418
8435	339
8436	358
8437	951
8438	563
8439	864
8440	476
8441	185
8442	26
8443	94
8444	457
8445	880
8446	676
8447	290
8448	251
8449	66
8450	890
8451	241
8452	431
8453	681
8454	868
8455	714
8456	345
8457	921
8458	696
8459	439
8460	22
8461	434
8462	552
8463	645
8464	357
8465	897
8466	311
8467	16
8468	432
8469	342
8470	61
8471	473
8472	572
8473	739
8474	169
8475	983
8476	891
8477	706
8478	356
8479	840
8480	632
8481	284
8482	252
8483	970
8484	270
8485	741
8486	968
8487	580
8488	566
8489	215
8490	88
8491	681
8492	151
8493	608
8494	238
8495	258
8496	437
8497	763
8498	286
8499	318
8500	508
8501	407
8502	646
8503	105
8504	588
8505	584
8506	646
8507	990
8508	88
8509	985
8510	651
8511	641
8512	345
8513	22
8514	545
8515	72
8516	451
8517	599
8518	325
8519	242
8520	792
8521	529
8522	337
8523	444
8524	964
8525	298
8526	496
8527	807
8528	294
8529	767
8530	853
8531	81
8532	566
8533	114
8534	747
8535	126
8536	90
8537	40
8538	636
8539	322
8540	599
8541	625
8542	164
8543	381
8544	547
8545	549
8546	303
8547	187
8548	896
8549	442
8550	195
8551	341
8552	390
8553	18
8554	777
8555	432
8556	473
8557	573
8558	184
8559	781
8560	274
8561	345
8562	426
8563	65
8564	219
8565	444
8566	889
8567	16
8568	271
8569	386
8570	732
8571	952
8572	445
8573	458
8574	255
8575	917
8576	699
8577	636
8578	455
8579	411
8580	984
8581	620
8582	938
8583	417
8584	968
8585	734
8586	69
8587	738
8588	118
8589	816
8590	760
8591	73
8592	168
8593	495
8594	200
8595	502
8596	532
8597	588
8598	791
8599	436
8600	312
8601	803
8602	373
8603	608
8604	348
8605	280
8606	161
8607	983
8608	475
8609	603
8610	549
8611	235
8612	833
8613	427
8614	885
8615	341
8616	981
8617	384
8618	387
8619	544
8620	630
8621	137
8622	754
8623	344
8624	423
8625	473
8626	743
8627	178
8628	937
8629	914
8630	124
8631	688
8632	264
8633	405
8634	985
8635	787
8636	233
8637	305
8638	849
8639	826
8640	395
8641	195
8642	785
8643	328
8644	892
8645	915
8646	102
8647	371
8648	92
8649	308
8650	710
8651	230
8652	286
8653	478
8654	208
8655	674
8656	356
8657	445
8658	690
8659	511
8660	631
8661	321
8662	449
8663	13
8664	77
8665	919
8666	457
8667	600
8668	343
8669	597
8670	267
8671	385
8672	708
8673	689
8674	473
8675	638
8676	320
8677	374
8678	618
8679	339
8680	911
8681	496
8682	530
8683	432
8684	985
8685	19
8686	731
8687	871
8688	791
8689	695
8690	31
8691	284
8692	996
8693	353
8694	900
8695	228
8696	206
8697	583
8698	239
8699	682
8700	529
8701	952
8702	302
8703	431
8704	984
8705	834
8706	320
8707	281
8708	610
8709	779
8710	670
8711	430
8712	670
8713	924
8714	573
8715	538
8716	879
8717	157
8718	663
8719	67
8720	733
8721	849
8722	542
8723	319
8724	638
8725	738
8726	14
8727	318
8728	335
8729	577
8730	823
8731	840
8732	194
8733	739
8734	181
8735	230
8736	921
8737	971
8738	154
8739	701
8740	74
8741	951
8742	267
8743	95
8744	86
8745	814
8746	79
8747	74
8748	767
8749	805
8750	706
8751	994
8752	450
8753	611
8754	915
8755	779
8756	351
8757	695
8758	207
8759	286
8760	670
8761	698
8762	927
8763	858
8764	384
8765	187
8766	585
8767	140
8768	875
8769	992
8770	476
8771	702
8772	507
8773	693
8774	753
8775	535
8776	186
8777	256
8778	10
8779	516
8780	16
8781	362
8782	705
8783	638
8784	563
8785	506
8786	909
8787	505
8788	696
8789	574
8790	570
8791	920
8792	364
8793	624
8794	904
8795	961
8796	578
8797	629
8798	161
8799	738
8800	626
8801	541
8802	439
8803	698
8804	760
8805	549
8806	857
8807	382
8808	468
8809	748
8810	824
8811	101
8812	300
8813	823
8814	952
8815	431
8816	622
8817	180
8818	195
8819	849
8820	608
8821	356
8822	251
8823	939
8824	486
8825	333
8826	943
8827	494
8828	602
8829	261
8830	751
8831	941
8832	853
8833	971
8834	651
8835	821
8836	490
8837	660
8838	595
8839	876
8840	868
8841	173
8842	257
8843	930
8844	844
8845	731
8846	591
8847	842
8848	619
8849	672
8850	298
8851	657
8852	483
8853	467
8854	39
8855	939
8856	165
8857	173
8858	523
8859	221
8860	214
8861	739
8862	77
8863	572
8864	853
8865	634
8866	409
8867	319
8868	741
8869	186
8870	665
8871	285
8872	120
8873	550
8874	502
8875	168
8876	507
8877	208
8878	532
8879	656
8880	987
8881	273
8882	222
8883	703
8884	358
8885	436
8886	674
8887	771
8888	251
8889	77
8890	590
8891	854
8892	833
8893	376
8894	71
8895	932
8896	945
8897	834
8898	762
8899	716
8900	834
8901	779
8902	789
8903	797
8904	883
8905	333
8906	553
8907	471
8908	270
8909	750
8910	506
8911	452
8912	600
8913	301
8914	136
8915	248
8916	602
8917	865
8918	365
8919	736
8920	141
8921	413
8922	40
8923	260
8924	995
8925	157
8926	684
8927	910
8928	147
8929	170
8930	23
8931	356
8932	992
8933	730
8934	482
8935	683
8936	374
8937	466
8938	926
8939	536
8940	685
8941	269
8942	623
8943	869
8944	185
8945	506
8946	723
8947	96
8948	652
8949	271
8950	902
8951	178
8952	151
8953	995
8954	878
8955	747
8956	870
8957	320
8958	426
8959	995
8960	496
8961	524
8962	54
8963	637
8964	297
8965	80
8966	738
8967	924
8968	639
8969	931
8970	455
8971	930
8972	723
8973	727
8974	44
8975	119
8976	758
8977	427
8978	679
8979	739
8980	268
8981	184
8982	103
8983	884
8984	26
8985	733
8986	749
8987	187
8988	507
8989	839
8990	202
8991	852
8992	713
8993	454
8994	55
8995	658
8996	369
8997	379
8998	227
8999	67
9000	368
9001	155
9002	528
9003	928
9004	488
9005	124
9006	158
9007	149
9008	546
9009	285
9010	776
9011	64
9012	821
9013	175
9014	784
9015	951
9016	10
9017	392
9018	80
9019	147
9020	220
9021	391
9022	32
9023	832
9024	474
9025	231
9026	133
9027	578
9028	425
9029	557
9030	335
9031	586
9032	413
9033	754
9034	412
9035	732
9036	379
9037	41
9038	907
9039	178
9040	799
9041	888
9042	135
9043	18
9044	179
9045	142
9046	117
9047	391
9048	51
9049	55
9050	566
9051	823
9052	629
9053	225
9054	43
9055	16
9056	943
9057	221
9058	294
9059	327
9060	36
9061	303
9062	744
9063	495
9064	743
9065	318
9066	996
9067	634
9068	168
9069	521
9070	633
9071	848
9072	180
9073	108
9074	41
9075	947
9076	497
9077	456
9078	468
9079	171
9080	570
9081	684
9082	436
9083	111
9084	888
9085	567
9086	290
9087	187
9088	84
9089	20
9090	312
9091	95
9092	197
9093	562
9094	898
9095	430
9096	217
9097	415
9098	622
9099	609
9100	459
9101	590
9102	945
9103	708
9104	24
9105	256
9106	973
9107	942
9108	698
9109	448
9110	617
9111	125
9112	370
9113	384
9114	866
9115	280
9116	537
9117	937
9118	893
9119	377
9120	70
9121	834
9122	955
9123	133
9124	215
9125	634
9126	906
9127	932
9128	662
9129	627
9130	315
9131	826
9132	93
9133	974
9134	268
9135	348
9136	169
9137	136
9138	237
9139	667
9140	873
9141	692
9142	539
9143	193
9144	78
9145	703
9146	263
9147	953
9148	512
9149	926
9150	996
9151	323
9152	559
9153	694
9154	146
9155	353
9156	824
9157	323
9158	417
9159	343
9160	898
9161	909
9162	122
9163	596
9164	902
9165	581
9166	320
9167	834
9168	687
9169	975
9170	633
9171	332
9172	271
9173	672
9174	430
9175	544
9176	738
9177	711
9178	687
9179	681
9180	859
9181	921
9182	28
9183	441
9184	110
9185	834
9186	387
9187	229
9188	157
9189	665
9190	899
9191	736
9192	21
9193	865
9194	887
9195	213
9196	486
9197	114
9198	294
9199	891
9200	137
9201	993
9202	926
9203	171
9204	286
9205	235
9206	418
9207	64
9208	24
9209	119
9210	163
9211	673
9212	587
9213	325
9214	754
9215	796
9216	291
9217	944
9218	227
9219	479
9220	890
9221	785
9222	925
9223	583
9224	530
9225	413
9226	96
9227	257
9228	244
9229	455
9230	988
9231	267
9232	709
9233	876
9234	306
9235	975
9236	42
9237	384
9238	468
9239	666
9240	432
9241	77
9242	98
9243	278
9244	144
9245	670
9246	762
9247	560
9248	116
9249	639
9250	945
9251	96
9252	341
9253	283
9254	814
9255	419
9256	917
9257	335
9258	97
9259	818
9260	451
9261	250
9262	603
9263	846
9264	979
9265	859
9266	502
9267	222
9268	930
9269	944
9270	965
9271	62
9272	238
9273	149
9274	573
9275	565
9276	102
9277	283
9278	602
9279	428
9280	99
9281	689
9282	259
9283	109
9284	655
9285	706
9286	276
9287	191
9288	964
9289	260
9290	491
9291	146
9292	688
9293	147
9294	491
9295	96
9296	502
9297	790
9298	100
9299	128
9300	787
9301	523
9302	524
9303	254
9304	403
9305	877
9306	837
9307	658
9308	493
9309	788
9310	354
9311	564
9312	594
9313	564
9314	255
9315	714
9316	955
9317	668
9318	463
9319	681
9320	463
9321	488
9322	913
9323	168
9324	188
9325	297
9326	588
9327	77
9328	925
9329	721
9330	384
9331	415
9332	967
9333	275
9334	412
9335	537
9336	177
9337	551
9338	549
9339	172
9340	299
9341	196
9342	962
9343	519
9344	843
9345	699
9346	354
9347	189
9348	663
9349	950
9350	12
9351	598
9352	754
9353	262
9354	851
9355	538
9356	559
9357	548
9358	842
9359	861
9360	137
9361	518
9362	397
9363	34
9364	102
9365	72
9366	268
9367	268
9368	728
9369	533
9370	277
9371	351
9372	571
9373	804
9374	941
9375	621
9376	236
9377	72
9378	553
9379	46
9380	633
9381	278
9382	445
9383	693
9384	664
9385	867
9386	958
9387	539
9388	508
9389	830
9390	238
9391	614
9392	749
9393	975
9394	562
9395	418
9396	746
9397	444
9398	429
9399	17
9400	453
9401	829
9402	767
9403	422
9404	776
9405	722
9406	809
9407	382
9408	275
9409	491
9410	587
9411	80
9412	601
9413	95
9414	610
9415	578
9416	221
9417	224
9418	399
9419	415
9420	863
9421	274
9422	835
9423	869
9424	725
9425	997
9426	480
9427	877
9428	727
9429	895
9430	496
9431	600
9432	280
9433	252
9434	482
9435	557
9436	743
9437	197
9438	915
9439	360
9440	826
9441	248
9442	449
9443	657
9444	384
9445	990
9446	481
9447	596
9448	741
9449	246
9450	644
9451	646
9452	603
9453	482
9454	486
9455	644
9456	324
9457	237
9458	326
9459	468
9460	361
9461	26
9462	564
9463	489
9464	658
9465	696
9466	817
9467	71
9468	792
9469	483
9470	65
9471	50
9472	54
9473	428
9474	805
9475	834
9476	377
9477	209
9478	930
9479	344
9480	818
9481	716
9482	352
9483	660
9484	216
9485	596
9486	473
9487	703
9488	100
9489	770
9490	388
9491	911
9492	305
9493	943
9494	658
9495	26
9496	617
9497	162
9498	679
9499	229
9500	535
9501	673
9502	407
9503	217
9504	514
9505	579
9506	798
9507	746
9508	837
9509	625
9510	971
9511	279
9512	569
9513	995
9514	654
9515	438
9516	26
9517	495
9518	834
9519	622
9520	368
9521	363
9522	244
9523	146
9524	427
9525	653
9526	856
9527	49
9528	398
9529	779
9530	717
9531	319
9532	808
9533	937
9534	254
9535	269
9536	128
9537	109
9538	688
9539	814
9540	468
9541	981
9542	887
9543	955
9544	783
9545	127
9546	542
9547	562
9548	904
9549	719
9550	701
9551	54
9552	633
9553	623
9554	41
9555	795
9556	201
9557	582
9558	607
9559	380
9560	210
9561	639
9562	878
9563	317
9564	310
9565	759
9566	88
9567	70
9568	200
9569	930
9570	916
9571	276
9572	728
9573	571
9574	837
9575	398
9576	428
9577	811
9578	672
9579	209
9580	924
9581	629
9582	198
9583	724
9584	483
9585	806
9586	422
9587	356
9588	126
9589	94
9590	723
9591	663
9592	579
9593	609
9594	687
9595	764
9596	328
9597	602
9598	464
9599	756
9600	299
9601	965
9602	42
9603	457
9604	523
9605	41
9606	406
9607	994
9608	943
9609	884
9610	246
9611	516
9612	353
9613	236
9614	413
9615	742
9616	458
9617	551
9618	593
9619	257
9620	706
9621	246
9622	601
9623	69
9624	803
9625	914
9626	775
9627	340
9628	213
9629	553
9630	222
9631	89
9632	279
9633	798
9634	992
9635	424
9636	583
9637	785
9638	562
9639	654
9640	976
9641	547
9642	330
9643	943
9644	608
9645	249
9646	970
9647	531
9648	407
9649	166
9650	987
9651	609
9652	466
9653	436
9654	91
9655	329
9656	980
9657	811
9658	187
9659	546
9660	931
9661	422
9662	471
9663	678
9664	55
9665	189
9666	346
9667	363
9668	204
9669	463
9670	610
9671	421
9672	863
9673	75
9674	248
9675	14
9676	651
9677	848
9678	635
9679	87
9680	797
9681	928
9682	96
9683	944
9684	452
9685	336
9686	572
9687	721
9688	159
9689	896
9690	895
9691	155
9692	363
9693	776
9694	949
9695	852
9696	587
9697	798
9698	778
9699	303
9700	706
9701	978
9702	531
9703	314
9704	524
9705	399
9706	412
9707	942
9708	220
9709	660
9710	458
9711	930
9712	526
9713	949
9714	852
9715	513
9716	837
9717	670
9718	759
9719	333
9720	50
9721	597
9722	163
9723	741
9724	638
9725	472
9726	171
9727	380
9728	625
9729	761
9730	598
9731	620
9732	266
9733	689
9734	296
9735	724
9736	188
9737	115
9738	208
9739	837
9740	507
9741	399
9742	54
9743	363
9744	649
9745	961
9746	297
9747	611
9748	34
9749	357
9750	631
9751	208
9752	893
9753	268
9754	15
9755	981
9756	289
9757	91
9758	842
9759	734
9760	610
9761	427
9762	510
9763	866
9764	410
9765	74
9766	603
9767	954
9768	456
9769	309
9770	340
9771	634
9772	774
9773	761
9774	388
9775	335
9776	654
9777	717
9778	670
9779	520
9780	784
9781	419
9782	97
9783	880
9784	901
9785	455
9786	602
9787	59
9788	414
9789	863
9790	229
9791	382
9792	357
9793	925
9794	339
9795	374
9796	920
9797	545
9798	590
9799	352
9800	246
9801	863
9802	228
9803	595
9804	332
9805	41
9806	681
9807	683
9808	646
9809	356
9810	818
9811	429
9812	923
9813	299
9814	825
9815	777
9816	743
9817	810
9818	759
9819	732
9820	611
9821	594
9822	659
9823	476
9824	920
9825	45
9826	99
9827	151
9828	458
9829	864
9830	928
9831	537
9832	25
9833	613
9834	856
9835	684
9836	433
9837	857
9838	825
9839	55
9840	46
9841	313
9842	112
9843	942
9844	34
9845	939
9846	834
9847	924
9848	705
9849	136
9850	302
9851	701
9852	19
9853	922
9854	20
9855	622
9856	241
9857	743
9858	945
9859	619
9860	444
9861	575
9862	929
9863	314
9864	932
9865	876
9866	692
9867	373
9868	621
9869	747
9870	903
9871	19
9872	220
9873	244
9874	509
9875	655
9876	678
9877	273
9878	163
9879	590
9880	911
9881	46
9882	586
9883	488
9884	991
9885	681
9886	412
9887	82
9888	902
9889	128
9890	547
9891	641
9892	808
9893	51
9894	34
9895	610
9896	291
9897	948
9898	30
9899	361
9900	945
9901	790
9902	268
9903	18
9904	639
9905	458
9906	330
9907	221
9908	759
9909	427
9910	299
9911	236
9912	156
9913	842
9914	865
9915	596
9916	56
9917	598
9918	760
9919	949
9920	770
9921	980
9922	241
9923	305
9924	965
9925	624
9926	249
9927	105
9928	821
9929	914
9930	377
9931	744
9932	602
9933	76
9934	658
9935	472
9936	965
9937	391
9938	41
9939	518
9940	274
9941	404
9942	823
9943	364
9944	784
9945	997
9946	848
9947	328
9948	325
9949	37
9950	645
9951	910
9952	692
9953	772
9954	659
9955	55
9956	583
9957	335
9958	97
9959	883
9960	402
9961	412
9962	394
9963	113
9964	469
9965	287
9966	953
9967	675
9968	624
9969	567
9970	737
9971	382
9972	179
9973	473
9974	698
9975	720
9976	290
9977	748
9978	30
9979	739
9980	297
9981	129
9982	969
9983	855
9984	38
9985	257
9986	223
9987	609
9988	633
9989	663
9990	396
9991	827
9992	494
9993	741
9994	738
9995	13
9996	86
9997	75
9998	915
9999	888
10000	339
Classes	200
Teachers	100
1	62
2	78
3	32
4	80
5	97
6	74
7	36
8	84
9	38
10	26
11	34
12	14
13	93
14	99
15	9
16	38
17	45
18	94
19	20
20	26
21	96
22	58
23	98
24	5
25	94
26	50
27	42
28	50
29	55
30	54
31	20
32	16
33	80
34	98
35	85
36	25
37	88
38	84
39	6
40	56
41	65
42	11
43	90
44	24
45	96
46	9
47	46
48	100
49	36
50	19
51	55
52	90
53	86
54	88
55	63
56	17
57	14
58	56
59	62
60	59
61	58
62	44
63	47
64	37
65	78
66	31
67	60
68	81
69	48
70	95
71	35
72	79
73	5
74	48
75	79
76	23
77	19
78	1
79	46
80	54
81	93
82	17
83	87
84	89
85	41
86	42
87	77
88	63
89	47
90	11
91	97
92	92
93	76
94	100
95	77
96	16
97	30
98	57
99	21
100	72
101	75
102	67
103	72
104	57
105	28
106	95
107	28
108	83
109	31
110	13
111	13
112	74
113	92
114	6
115	25
116	12
117	8
118	40
119	40
120	15
121	82
122	7
123	39
124	52
125	18
126	87
127	32
128	49
129	29
130	10
131	23
132	33
133	67
134	61
135	59
136	18
137	2
138	27
139	41
140	53
141	4
142	2
143	51
144	39
145	61
146	60
147	35
148	53
149	15
150	85
151	45
152	30
153	7
154	89
155	27
156	49
157	4
158	33
159	24
160	71
161	81
162	44
163	68
164	12
165	66
166	91
167	91
168	68
169	21
170	82
171	52
172	99
173	10
174	3
175	73
176	8
177	73
178	69
179	34
180	83
181	76
182	66
183	86
184	70
185	29
186	69
187	70
188	37
189	75
190	71
191	22
192	65
193	3
194	64
195	64
196	1
197	22
198	43
199	43
200	51
