Class Times	20
Rooms	10000
1	435
2	995
3	489
4	428
5	459
6	501
7	404
8	517
9	570
10	398
11	234
12	79
13	501
14	553
15	613
16	286
17	920
18	156
19	956
20	768
21	130
22	936
23	419
24	178
25	998
26	946
27	814
28	991
29	339
30	128
31	543
32	279
33	433
34	28
35	775
36	955
37	455
38	155
39	813
40	458
41	775
42	759
43	643
44	913
45	393
46	232
47	732
48	403
49	975
50	926
51	239
52	176
53	601
54	596
55	663
56	858
57	471
58	460
59	585
60	665
61	901
62	426
63	105
64	203
65	97
66	506
67	540
68	856
69	552
70	717
71	334
72	107
73	335
74	517
75	541
76	756
77	838
78	266
79	815
80	262
81	266
82	295
83	269
84	800
85	543
86	433
87	799
88	690
89	770
90	660
91	485
92	559
93	211
94	289
95	957
96	394
97	355
98	223
99	710
100	68
101	124
102	776
103	426
104	881
105	734
106	719
107	234
108	966
109	348
110	18
111	83
112	335
113	143
114	154
115	595
116	628
117	809
118	462
119	906
120	880
121	760
122	205
123	994
124	558
125	800
126	762
127	89
128	968
129	403
130	866
131	808
132	827
133	660
134	232
135	534
136	433
137	780
138	130
139	98
140	325
141	639
142	425
143	130
144	403
145	252
146	220
147	197
148	824
149	110
150	349
151	880
152	165
153	951
154	917
155	311
156	565
157	314
158	474
159	312
160	239
161	604
162	242
163	512
164	760
165	927
166	610
167	605
168	344
169	87
170	380
171	863
172	515
173	456
174	916
175	436
176	989
177	18
178	537
179	127
180	370
181	307
182	630
183	967
184	890
185	429
186	992
187	974
188	684
189	227
190	938
191	133
192	533
193	218
194	226
195	34
196	111
197	124
198	376
199	252
200	801
201	959
202	217
203	372
204	138
205	13
206	362
207	39
208	788
209	156
210	138
211	258
212	165
213	136
214	161
215	175
216	327
217	364
218	334
219	334
220	75
221	672
222	293
223	928
224	345
225	337
226	229
227	790
228	838
229	635
230	591
231	999
232	569
233	282
234	168
235	158
236	513
237	676
238	556
239	947
240	520
241	736
242	299
243	536
244	217
245	663
246	192
247	991
248	411
249	730
250	693
251	993
252	916
253	661
254	722
255	263
256	99
257	662
258	456
259	929
260	50
261	950
262	598
263	225
264	769
265	608
266	270
267	565
268	997
269	407
270	855
271	880
272	803
273	248
274	988
275	311
276	338
277	164
278	711
279	100
280	739
281	637
282	124
283	131
284	151
285	242
286	337
287	533
288	192
289	501
290	576
291	63
292	64
293	63
294	94
295	66
296	89
297	344
298	274
299	745
300	156
301	289
302	317
303	612
304	507
305	145
306	903
307	183
308	873
309	728
310	443
311	252
312	81
313	782
314	64
315	793
316	208
317	150
318	731
319	768
320	755
321	529
322	268
323	836
324	925
325	955
326	150
327	101
328	746
329	178
330	856
331	68
332	308
333	877
334	883
335	659
336	22
337	486
338	609
339	936
340	994
341	337
342	997
343	220
344	958
345	601
346	780
347	82
348	568
349	415
350	978
351	797
352	637
353	858
354	125
355	887
356	625
357	794
358	710
359	41
360	912
361	486
362	365
363	444
364	102
365	721
366	239
367	670
368	41
369	54
370	363
371	41
372	977
373	613
374	808
375	949
376	956
377	511
378	544
379	293
380	380
381	412
382	364
383	457
384	82
385	859
386	471
387	457
388	568
389	30
390	11
391	67
392	870
393	121
394	487
395	164
396	372
397	545
398	577
399	56
400	329
401	458
402	38
403	94
404	76
405	53
406	161
407	686
408	954
409	833
410	983
411	918
412	748
413	859
414	434
415	266
416	649
417	233
418	549
419	393
420	911
421	179
422	379
423	276
424	589
425	43
426	537
427	531
428	988
429	703
430	105
431	325
432	928
433	844
434	664
435	971
436	354
437	954
438	954
439	368
440	102
441	859
442	320
443	732
444	235
445	314
446	933
447	114
448	902
449	855
450	558
451	949
452	150
453	708
454	111
455	747
456	124
457	419
458	652
459	44
460	98
461	315
462	453
463	739
464	367
465	549
466	162
467	932
468	166
469	822
470	716
471	953
472	780
473	530
474	719
475	534
476	932
477	549
478	991
479	412
480	239
481	960
482	104
483	877
484	438
485	445
486	639
487	722
488	365
489	583
490	540
491	391
492	209
493	581
494	787
495	629
496	287
497	289
498	576
499	267
500	542
501	455
502	178
503	121
504	297
505	288
506	537
507	134
508	820
509	496
510	140
511	260
512	463
513	975
514	496
515	285
516	309
517	71
518	768
519	376
520	653
521	371
522	213
523	984
524	815
525	868
526	897
527	964
528	130
529	393
530	601
531	27
532	221
533	462
534	141
535	726
536	503
537	566
538	688
539	955
540	640
541	41
542	629
543	59
544	655
545	720
546	482
547	826
548	65
549	231
550	261
551	718
552	713
553	375
554	227
555	344
556	835
557	939
558	881
559	703
560	220
561	547
562	597
563	320
564	618
565	599
566	19
567	784
568	175
569	438
570	867
571	888
572	46
573	323
574	648
575	152
576	664
577	327
578	779
579	735
580	507
581	717
582	399
583	140
584	448
585	594
586	936
587	883
588	464
589	919
590	904
591	324
592	857
593	541
594	814
595	635
596	434
597	413
598	539
599	172
600	369
601	864
602	966
603	704
604	336
605	24
606	736
607	937
608	876
609	449
610	64
611	64
612	477
613	231
614	22
615	982
616	79
617	971
618	266
619	744
620	965
621	473
622	519
623	133
624	891
625	546
626	226
627	706
628	197
629	714
630	179
631	742
632	464
633	156
634	278
635	750
636	423
637	31
638	104
639	990
640	708
641	254
642	752
643	775
644	606
645	187
646	425
647	856
648	138
649	332
650	400
651	908
652	893
653	659
654	37
655	796
656	223
657	416
658	460
659	445
660	408
661	428
662	728
663	369
664	237
665	978
666	903
667	278
668	381
669	135
670	207
671	619
672	291
673	632
674	288
675	189
676	922
677	176
678	794
679	918
680	808
681	181
682	118
683	350
684	165
685	58
686	481
687	637
688	799
689	498
690	428
691	413
692	704
693	209
694	636
695	228
696	564
697	653
698	26
699	925
700	210
701	150
702	208
703	460
704	897
705	252
706	152
707	97
708	714
709	449
710	510
711	888
712	130
713	951
714	991
715	527
716	561
717	500
718	630
719	106
720	646
721	476
722	14
723	367
724	550
725	443
726	457
727	48
728	241
729	924
730	263
731	947
732	230
733	976
734	679
735	554
736	628
737	795
738	379
739	306
740	166
741	19
742	897
743	117
744	468
745	147
746	228
747	879
748	210
749	135
750	567
751	46
752	253
753	718
754	412
755	326
756	949
757	75
758	45
759	667
760	335
761	32
762	956
763	531
764	658
765	189
766	192
767	400
768	725
769	69
770	895
771	918
772	290
773	792
774	984
775	254
776	966
777	765
778	338
779	697
780	352
781	68
782	343
783	196
784	22
785	663
786	637
787	704
788	743
789	713
790	909
791	502
792	715
793	285
794	608
795	832
796	842
797	447
798	138
799	488
800	218
801	254
802	253
803	932
804	673
805	386
806	618
807	108
808	250
809	809
810	503
811	911
812	137
813	314
814	189
815	403
816	154
817	697
818	595
819	13
820	872
821	668
822	325
823	303
824	136
825	922
826	64
827	226
828	629
829	534
830	456
831	844
832	197
833	70
834	197
835	618
836	466
837	874
838	564
839	22
840	955
841	18
842	802
843	370
844	735
845	409
846	799
847	97
848	527
849	92
850	327
851	538
852	250
853	214
854	503
855	841
856	386
857	523
858	994
859	135
860	417
861	223
862	629
863	61
864	387
865	85
866	694
867	225
868	160
869	292
870	59
871	422
872	744
873	554
874	26
875	943
876	453
877	228
878	208
879	464
880	30
881	397
882	858
883	699
884	586
885	734
886	604
887	958
888	132
889	548
890	172
891	139
892	367
893	636
894	496
895	262
896	401
897	866
898	785
899	471
900	671
901	50
902	259
903	973
904	986
905	165
906	406
907	186
908	151
909	510
910	638
911	932
912	839
913	945
914	230
915	330
916	844
917	246
918	842
919	427
920	748
921	616
922	837
923	683
924	273
925	605
926	380
927	656
928	213
929	404
930	811
931	365
932	230
933	68
934	196
935	838
936	938
937	81
938	979
939	758
940	659
941	625
942	66
943	329
944	279
945	802
946	51
947	567
948	654
949	634
950	323
951	203
952	841
953	841
954	51
955	28
956	576
957	416
958	61
959	994
960	370
961	220
962	548
963	763
964	466
965	912
966	596
967	530
968	679
969	443
970	840
971	460
972	585
973	990
974	685
975	274
976	485
977	737
978	299
979	814
980	280
981	362
982	39
983	562
984	794
985	862
986	65
987	766
988	79
989	557
990	23
991	555
992	435
993	855
994	695
995	315
996	400
997	567
998	224
999	910
1000	430
1001	569
1002	931
1003	22
1004	984
1005	752
1006	111
1007	377
1008	706
1009	764
1010	684
1011	212
1012	638
1013	879
1014	600
1015	588
1016	948
1017	981
1018	635
1019	682
1020	744
1021	924
1022	555
1023	83
1024	129
1025	91
1026	273
1027	113
1028	618
1029	209
1030	79
1031	813
1032	719
1033	611
1034	866
1035	419
1036	512
1037	122
1038	468
1039	611
1040	477
1041	662
1042	155
1043	156
1044	863
1045	485
1046	153
1047	490
1048	894
1049	986
1050	500
1051	118
1052	275
1053	970
1054	163
1055	258
1056	692
1057	361
1058	353
1059	719
1060	300
1061	640
1062	110
1063	725
1064	897
1065	122
1066	229
1067	114
1068	409
1069	936
1070	220
1071	454
1072	284
1073	30
1074	11
1075	415
1076	864
1077	899
1078	907
1079	327
1080	326
1081	87
1082	589
1083	608
1084	699
1085	306
1086	742
1087	150
1088	31
1089	78
1090	722
1091	986
1092	478
1093	798
1094	831
1095	132
1096	491
1097	987
1098	857
1099	647
1100	965
1101	992
1102	915
1103	244
1104	230
1105	333
1106	192
1107	267
1108	451
1109	299
1110	15
1111	571
1112	992
1113	480
1114	563
1115	208
1116	770
1117	253
1118	179
1119	116
1120	958
1121	93
1122	887
1123	129
1124	140
1125	796
1126	409
1127	930
1128	883
1129	348
1130	717
1131	261
1132	873
1133	461
1134	635
1135	296
1136	146
1137	538
1138	172
1139	167
1140	472
1141	48
1142	927
1143	60
1144	328
1145	149
1146	46
1147	900
1148	416
1149	893
1150	625
1151	727
1152	342
1153	14
1154	962
1155	604
1156	549
1157	89
1158	620
1159	546
1160	913
1161	740
1162	656
1163	833
1164	951
1165	98
1166	375
1167	260
1168	679
1169	685
1170	952
1171	501
1172	526
1173	872
1174	194
1175	753
1176	29
1177	176
1178	125
1179	804
1180	882
1181	63
1182	243
1183	198
1184	263
1185	741
1186	949
1187	391
1188	428
1189	188
1190	357
1191	24
1192	737
1193	333
1194	756
1195	856
1196	837
1197	643
1198	94
1199	193
1200	877
1201	40
1202	761
1203	885
1204	665
1205	834
1206	689
1207	954
1208	373
1209	306
1210	631
1211	444
1212	87
1213	712
1214	618
1215	717
1216	80
1217	827
1218	889
1219	911
1220	348
1221	512
1222	973
1223	837
1224	586
1225	390
1226	656
1227	735
1228	58
1229	942
1230	779
1231	880
1232	703
1233	203
1234	769
1235	502
1236	659
1237	585
1238	276
1239	287
1240	572
1241	109
1242	652
1243	755
1244	514
1245	405
1246	618
1247	404
1248	602
1249	38
1250	395
1251	407
1252	953
1253	767
1254	171
1255	819
1256	863
1257	744
1258	375
1259	86
1260	982
1261	234
1262	130
1263	925
1264	55
1265	827
1266	550
1267	969
1268	287
1269	515
1270	950
1271	82
1272	712
1273	276
1274	780
1275	288
1276	426
1277	84
1278	967
1279	115
1280	63
1281	706
1282	51
1283	968
1284	485
1285	433
1286	690
1287	609
1288	105
1289	606
1290	146
1291	402
1292	307
1293	150
1294	197
1295	20
1296	730
1297	296
1298	585
1299	336
1300	152
1301	219
1302	363
1303	651
1304	816
1305	599
1306	655
1307	995
1308	588
1309	909
1310	213
1311	824
1312	213
1313	433
1314	210
1315	31
1316	12
1317	802
1318	620
1319	305
1320	222
1321	273
1322	746
1323	720
1324	247
1325	971
1326	725
1327	960
1328	932
1329	876
1330	454
1331	510
1332	559
1333	767
1334	849
1335	906
1336	499
1337	73
1338	227
1339	334
1340	259
1341	557
1342	426
1343	993
1344	266
1345	415
1346	669
1347	482
1348	31
1349	174
1350	488
1351	683
1352	691
1353	246
1354	868
1355	640
1356	338
1357	575
1358	486
1359	24
1360	650
1361	37
1362	110
1363	863
1364	915
1365	367
1366	832
1367	810
1368	700
1369	605
1370	286
1371	868
1372	759
1373	378
1374	332
1375	370
1376	953
1377	170
1378	709
1379	267
1380	816
1381	517
1382	874
1383	570
1384	31
1385	245
1386	924
1387	299
1388	37
1389	507
1390	161
1391	841
1392	568
1393	95
1394	801
1395	306
1396	159
1397	763
1398	765
1399	233
1400	64
1401	965
1402	760
1403	242
1404	300
1405	121
1406	140
1407	801
1408	394
1409	942
1410	20
1411	620
1412	79
1413	347
1414	973
1415	764
1416	88
1417	598
1418	916
1419	763
1420	736
1421	881
1422	338
1423	789
1424	947
1425	62
1426	166
1427	405
1428	690
1429	88
1430	362
1431	635
1432	337
1433	291
1434	257
1435	637
1436	342
1437	548
1438	758
1439	598
1440	84
1441	470
1442	974
1443	727
1444	320
1445	67
1446	550
1447	148
1448	776
1449	556
1450	783
1451	394
1452	762
1453	431
1454	72
1455	883
1456	985
1457	878
1458	832
1459	132
1460	451
1461	408
1462	465
1463	184
1464	464
1465	736
1466	315
1467	579
1468	244
1469	554
1470	830
1471	775
1472	703
1473	397
1474	891
1475	111
1476	617
1477	451
1478	854
1479	328
1480	593
1481	951
1482	756
1483	541
1484	683
1485	229
1486	456
1487	62
1488	115
1489	765
1490	327
1491	564
1492	387
1493	751
1494	155
1495	617
1496	688
1497	869
1498	991
1499	284
1500	477
1501	187
1502	39
1503	874
1504	132
1505	80
1506	515
1507	326
1508	85
1509	724
1510	30
1511	483
1512	467
1513	821
1514	230
1515	271
1516	597
1517	686
1518	841
1519	111
1520	772
1521	988
1522	423
1523	232
1524	71
1525	841
1526	482
1527	601
1528	315
1529	90
1530	170
1531	254
1532	64
1533	162
1534	239
1535	726
1536	99
1537	80
1538	491
1539	515
1540	626
1541	674
1542	351
1543	746
1544	504
1545	355
1546	596
1547	429
1548	811
1549	236
1550	64
1551	914
1552	241
1553	756
1554	771
1555	413
1556	773
1557	236
1558	474
1559	836
1560	513
1561	730
1562	51
1563	534
1564	606
1565	339
1566	969
1567	710
1568	176
1569	963
1570	196
1571	191
1572	557
1573	375
1574	42
1575	744
1576	68
1577	771
1578	659
1579	698
1580	436
1581	167
1582	222
1583	398
1584	789
1585	545
1586	82
1587	85
1588	657
1589	244
1590	752
1591	614
1592	790
1593	384
1594	520
1595	147
1596	574
1597	634
1598	718
1599	23
1600	420
1601	885
1602	411
1603	839
1604	399
1605	980
1606	898
1607	726
1608	663
1609	621
1610	963
1611	48
1612	358
1613	255
1614	604
1615	658
1616	963
1617	503
1618	415
1619	829
1620	401
1621	247
1622	409
1623	175
1624	500
1625	728
1626	701
1627	169
1628	145
1629	902
1630	486
1631	379
1632	258
1633	375
1634	429
1635	879
1636	536
1637	150
1638	486
1639	823
1640	264
1641	901
1642	702
1643	82
1644	177
1645	539
1646	117
1647	944
1648	227
1649	351
1650	198
1651	391
1652	934
1653	781
1654	509
1655	457
1656	961
1657	633
1658	250
1659	45
1660	269
1661	274
1662	234
1663	796
1664	85
1665	947
1666	983
1667	332
1668	147
1669	437
1670	138
1671	913
1672	357
1673	654
1674	565
1675	886
1676	503
1677	826
1678	754
1679	796
1680	597
1681	292
1682	251
1683	168
1684	713
1685	12
1686	853
1687	733
1688	717
1689	811
1690	917
1691	518
1692	399
1693	421
1694	597
1695	775
1696	99
1697	20
1698	615
1699	839
1700	867
1701	418
1702	508
1703	605
1704	459
1705	390
1706	151
1707	759
1708	211
1709	403
1710	742
1711	927
1712	831
1713	465
1714	537
1715	353
1716	956
1717	943
1718	391
1719	559
1720	324
1721	685
1722	919
1723	788
1724	343
1725	356
1726	452
1727	503
1728	850
1729	462
1730	843
1731	527
1732	843
1733	764
1734	38
1735	812
1736	401
1737	939
1738	332
1739	332
1740	44
1741	432
1742	622
1743	391
1744	484
1745	406
1746	987
1747	89
1748	509
1749	132
1750	799
1751	608
1752	284
1753	844
1754	467
1755	299
1756	792
1757	98
1758	746
1759	556
1760	46
1761	600
1762	804
1763	66
1764	444
1765	983
1766	799
1767	491
1768	985
1769	229
1770	171
1771	671
1772	185
1773	599
1774	977
1775	420
1776	479
1777	17
1778	983
1779	153
1780	655
1781	11
1782	840
1783	883
1784	577
1785	696
1786	106
1787	710
1788	45
1789	840
1790	216
1791	582
1792	961
1793	826
1794	695
1795	609
1796	346
1797	209
1798	402
1799	917
1800	520
1801	348
1802	785
1803	806
1804	220
1805	437
1806	234
1807	572
1808	675
1809	564
1810	937
1811	728
1812	551
1813	738
1814	812
1815	784
1816	273
1817	710
1818	313
1819	600
1820	293
1821	116
1822	332
1823	469
1824	282
1825	580
1826	637
1827	44
1828	387
1829	539
1830	199
1831	174
1832	617
1833	646
1834	784
1835	149
1836	982
1837	844
1838	938
1839	568
1840	876
1841	233
1842	538
1843	719
1844	613
1845	795
1846	754
1847	516
1848	720
1849	851
1850	834
1851	259
1852	210
1853	290
1854	167
1855	496
1856	424
1857	45
1858	402
1859	942
1860	682
1861	560
1862	547
1863	128
1864	946
1865	132
1866	634
1867	328
1868	876
1869	363
1870	257
1871	377
1872	818
1873	606
1874	97
1875	86
1876	505
1877	884
1878	815
1879	388
1880	901
1881	637
1882	286
1883	213
1884	71
1885	181
1886	476
1887	985
1888	287
1889	138
1890	517
1891	966
1892	553
1893	335
1894	471
1895	644
1896	268
1897	764
1898	583
1899	30
1900	19
1901	583
1902	844
1903	49
1904	635
1905	782
1906	531
1907	747
1908	115
1909	731
1910	338
1911	470
1912	316
1913	334
1914	459
1915	915
1916	102
1917	989
1918	679
1919	947
1920	593
1921	284
1922	270
1923	914
1924	704
1925	535
1926	243
1927	353
1928	299
1929	233
1930	576
1931	163
1932	839
1933	348
1934	982
1935	766
1936	293
1937	420
1938	511
1939	594
1940	86
1941	169
1942	92
1943	112
1944	967
1945	801
1946	967
1947	129
1948	471
1949	308
1950	104
1951	186
1952	524
1953	424
1954	54
1955	191
1956	242
1957	165
1958	431
1959	494
1960	994
1961	486
1962	661
1963	25
1964	656
1965	84
1966	129
1967	693
1968	495
1969	333
1970	162
1971	926
1972	395
1973	67
1974	248
1975	797
1976	37
1977	518
1978	594
1979	400
1980	448
1981	447
1982	46
1983	395
1984	39
1985	812
1986	618
1987	981
1988	896
1989	310
1990	896
1991	462
1992	646
1993	799
1994	415
1995	838
1996	514
1997	876
1998	576
1999	957
2000	581
2001	129
2002	942
2003	80
2004	452
2005	607
2006	517
2007	935
2008	490
2009	174
2010	862
2011	350
2012	205
2013	865
2014	194
2015	805
2016	414
2017	94
2018	719
2019	852
2020	151
2021	544
2022	224
2023	394
2024	271
2025	645
2026	851
2027	294
2028	64
2029	788
2030	758
2031	482
2032	861
2033	325
2034	200
2035	468
2036	221
2037	389
2038	980
2039	918
2040	472
2041	473
2042	451
2043	18
2044	779
2045	970
2046	825
2047	742
2048	568
2049	100
2050	588
2051	997
2052	489
2053	358
2054	50
2055	396
2056	930
2057	974
2058	380
2059	384
2060	770
2061	785
2062	500
2063	956
2064	953
2065	521
2066	703
2067	814
2068	891
2069	819
2070	128
2071	122
2072	640
2073	575
2074	760
2075	920
2076	750
2077	881
2078	349
2079	692
2080	518
2081	992
2082	824
2083	909
2084	610
2085	188
2086	906
2087	887
2088	391
2089	435
2090	191
2091	316
2092	121
2093	964
2094	898
2095	652
2096	581
2097	73
2098	12
2099	829
2100	620
2101	422
2102	529
2103	201
2104	194
2105	644
2106	331
2107	355
2108	977
2109	675
2110	602
2111	389
2112	619
2113	152
2114	182
2115	785
2116	781
2117	532
2118	986
2119	562
2120	540
2121	906
2122	719
2123	739
2124	101
2125	460
2126	291
2127	366
2128	335
2129	756
2130	760
2131	968
2132	714
2133	383
2134	808
2135	337
2136	934
2137	77
2138	417
2139	226
2140	100
2141	569
2142	570
2143	347
2144	17
2145	237
2146	654
2147	266
2148	67
2149	664
2150	298
2151	426
2152	282
2153	38
2154	595
2155	960
2156	730
2157	513
2158	707
2159	180
2160	926
2161	50
2162	773
2163	767
2164	955
2165	999
2166	211
2167	761
2168	17
2169	838
2170	407
2171	207
2172	98
2173	580
2174	815
2175	417
2176	784
2177	188
2178	567
2179	938
2180	766
2181	388
2182	790
2183	497
2184	168
2185	42
2186	549
2187	550
2188	933
2189	332
2190	507
2191	425
2192	428
2193	280
2194	141
2195	192
2196	398
2197	459
2198	372
2199	200
2200	646
2201	524
2202	432
2203	479
2204	620
2205	127
2206	306
2207	808
2208	378
2209	357
2210	910
2211	222
2212	752
2213	400
2214	984
2215	595
2216	443
2217	525
2218	879
2219	870
2220	312
2221	83
2222	461
2223	407
2224	903
2225	456
2226	11
2227	549
2228	195
2229	366
2230	841
2231	619
2232	565
2233	440
2234	753
2235	692
2236	400
2237	76
2238	977
2239	119
2240	670
2241	480
2242	663
2243	908
2244	951
2245	743
2246	446
2247	741
2248	921
2249	624
2250	910
2251	95
2252	342
2253	616
2254	979
2255	336
2256	147
2257	991
2258	507
2259	487
2260	999
2261	714
2262	745
2263	927
2264	464
2265	440
2266	419
2267	571
2268	328
2269	776
2270	723
2271	795
2272	358
2273	882
2274	415
2275	195
2276	725
2277	828
2278	728
2279	681
2280	209
2281	53
2282	925
2283	33
2284	512
2285	436
2286	898
2287	23
2288	733
2289	41
2290	268
2291	473
2292	409
2293	631
2294	136
2295	957
2296	96
2297	850
2298	622
2299	713
2300	721
2301	553
2302	76
2303	700
2304	961
2305	492
2306	912
2307	313
2308	470
2309	533
2310	327
2311	15
2312	726
2313	535
2314	147
2315	514
2316	828
2317	296
2318	286
2319	791
2320	219
2321	736
2322	78
2323	388
2324	843
2325	443
2326	546
2327	346
2328	435
2329	71
2330	390
2331	75
2332	257
2333	97
2334	282
2335	37
2336	171
2337	65
2338	994
2339	636
2340	35
2341	882
2342	955
2343	420
2344	207
2345	201
2346	163
2347	615
2348	258
2349	76
2350	846
2351	187
2352	633
2353	128
2354	178
2355	628
2356	613
2357	601
2358	278
2359	757
2360	486
2361	254
2362	946
2363	581
2364	993
2365	375
2366	205
2367	321
2368	767
2369	236
2370	360
2371	485
2372	401
2373	848
2374	889
2375	560
2376	870
2377	260
2378	435
2379	320
2380	535
2381	327
2382	439
2383	800
2384	110
2385	921
2386	685
2387	298
2388	385
2389	936
2390	787
2391	37
2392	131
2393	733
2394	411
2395	511
2396	186
2397	495
2398	479
2399	876
2400	940
2401	823
2402	725
2403	249
2404	193
2405	671
2406	638
2407	15
2408	121
2409	675
2410	253
2411	126
2412	962
2413	54
2414	50
2415	992
2416	835
2417	952
2418	650
2419	893
2420	760
2421	741
2422	865
2423	596
2424	595
2425	521
2426	154
2427	935
2428	84
2429	984
2430	540
2431	270
2432	182
2433	893
2434	924
2435	331
2436	394
2437	304
2438	630
2439	854
2440	910
2441	190
2442	686
2443	72
2444	552
2445	153
2446	920
2447	716
2448	138
2449	503
2450	211
2451	133
2452	385
2453	168
2454	924
2455	830
2456	63
2457	446
2458	498
2459	936
2460	560
2461	79
2462	931
2463	206
2464	449
2465	90
2466	303
2467	389
2468	928
2469	429
2470	328
2471	404
2472	648
2473	208
2474	102
2475	683
2476	83
2477	120
2478	259
2479	152
2480	854
2481	239
2482	406
2483	204
2484	41
2485	469
2486	37
2487	747
2488	771
2489	486
2490	137
2491	925
2492	806
2493	385
2494	468
2495	502
2496	115
2497	720
2498	18
2499	361
2500	495
2501	561
2502	254
2503	465
2504	766
2505	157
2506	591
2507	371
2508	588
2509	410
2510	884
2511	549
2512	876
2513	139
2514	135
2515	202
2516	328
2517	608
2518	102
2519	543
2520	364
2521	706
2522	768
2523	693
2524	697
2525	628
2526	652
2527	482
2528	28
2529	203
2530	743
2531	798
2532	153
2533	721
2534	493
2535	805
2536	772
2537	666
2538	26
2539	686
2540	783
2541	59
2542	628
2543	855
2544	992
2545	937
2546	679
2547	24
2548	379
2549	637
2550	792
2551	518
2552	666
2553	367
2554	575
2555	596
2556	328
2557	740
2558	991
2559	368
2560	386
2561	127
2562	263
2563	29
2564	253
2565	208
2566	133
2567	187
2568	85
2569	203
2570	962
2571	103
2572	824
2573	928
2574	624
2575	517
2576	815
2577	627
2578	448
2579	338
2580	68
2581	446
2582	630
2583	863
2584	714
2585	635
2586	844
2587	445
2588	210
2589	953
2590	571
2591	175
2592	792
2593	724
2594	347
2595	536
2596	127
2597	907
2598	101
2599	474
2600	213
2601	520
2602	235
2603	611
2604	48
2605	296
2606	293
2607	51
2608	130
2609	386
2610	251
2611	137
2612	277
2613	333
2614	730
2615	812
2616	278
2617	502
2618	451
2619	552
2620	631
2621	365
2622	437
2623	583
2624	51
2625	60
2626	634
2627	277
2628	48
2629	785
2630	13
2631	459
2632	829
2633	608
2634	345
2635	862
2636	60
2637	958
2638	312
2639	846
2640	218
2641	624
2642	767
2643	277
2644	724
2645	906
2646	810
2647	629
2648	511
2649	288
2650	499
2651	471
2652	682
2653	405
2654	350
2655	325
2656	132
2657	427
2658	816
2659	153
2660	986
2661	824
2662	403
2663	695
2664	166
2665	444
2666	544
2667	135
2668	813
2669	762
2670	208
2671	760
2672	690
2673	518
2674	650
2675	635
2676	790
2677	848
2678	838
2679	988
2680	242
2681	318
2682	795
2683	883
2684	407
2685	832
2686	309
2687	498
2688	952
2689	642
2690	717
2691	383
2692	693
2693	165
2694	938
2695	18
2696	200
2697	186
2698	802
2699	744
2700	48
2701	642
2702	964
2703	833
2704	267
2705	532
2706	691
2707	283
2708	880
2709	938
2710	887
2711	238
2712	279
2713	252
2714	541
2715	213
2716	650
2717	649
2718	407
2719	445
2720	332
2721	502
2722	750
2723	149
2724	466
2725	734
2726	58
2727	108
2728	307
2729	246
2730	333
2731	467
2732	583
2733	10
2734	270
2735	860
2736	981
2737	502
2738	693
2739	191
2740	850
2741	990
2742	682
2743	928
2744	395
2745	528
2746	750
2747	329
2748	70
2749	448
2750	506
2751	558
2752	607
2753	51
2754	274
2755	10
2756	307
2757	64
2758	497
2759	750
2760	658
2761	769
2762	77
2763	256
2764	170
2765	745
2766	706
2767	137
2768	484
2769	709
2770	420
2771	37
2772	940
2773	76
2774	335
2775	373
2776	355
2777	491
2778	989
2779	40
2780	748
2781	761
2782	222
2783	611
2784	605
2785	107
2786	282
2787	663
2788	807
2789	540
2790	396
2791	168
2792	25
2793	13
2794	743
2795	973
2796	91
2797	517
2798	665
2799	933
2800	659
2801	503
2802	194
2803	516
2804	766
2805	558
2806	762
2807	372
2808	563
2809	620
2810	812
2811	649
2812	83
2813	861
2814	717
2815	67
2816	219
2817	585
2818	38
2819	506
2820	353
2821	907
2822	192
2823	902
2824	368
2825	54
2826	841
2827	558
2828	285
2829	656
2830	199
2831	309
2832	357
2833	900
2834	618
2835	746
2836	817
2837	555
2838	342
2839	967
2840	811
2841	443
2842	472
2843	295
2844	176
2845	486
2846	852
2847	839
2848	262
2849	70
2850	18
2851	435
2852	55
2853	224
2854	47
2855	961
2856	872
2857	506
2858	178
2859	22
2860	335
2861	375
2862	483
2863	484
2864	498
2865	763
2866	948
2867	180
2868	31
2869	111
2870	170
2871	487
2872	614
2873	559
2874	380
2875	347
2876	534
2877	47
2878	97
2879	150
2880	46
2881	118
2882	780
2883	520
2884	33
2885	921
2886	189
2887	424
2888	744
2889	547
2890	378
2891	964
2892	857
2893	600
2894	388
2895	642
2896	219
2897	925
2898	557
2899	570
2900	826
2901	764
2902	598
2903	420
2904	637
2905	343
2906	835
2907	590
2908	354
2909	778
2910	762
2911	698
2912	154
2913	910
2914	225
2915	947
2916	451
2917	543
2918	701
2919	234
2920	373
2921	844
2922	953
2923	32
2924	842
2925	81
2926	536
2927	340
2928	427
2929	907
2930	40
2931	554
2932	316
2933	978
2934	435
2935	732
2936	745
2937	749
2938	503
2939	522
2940	944
2941	402
2942	145
2943	24
2944	963
2945	638
2946	640
2947	770
2948	845
2949	413
2950	257
2951	615
2952	363
2953	922
2954	330
2955	646
2956	352
2957	132
2958	498
2959	199
2960	399
2961	605
2962	457
2963	195
2964	852
2965	829
2966	298
2967	13
2968	138
2969	819
2970	110
2971	334
2972	899
2973	626
2974	815
2975	165
2976	399
2977	111
2978	272
2979	931
2980	233
2981	12
2982	252
2983	588
2984	910
2985	381
2986	343
2987	882
2988	163
2989	657
2990	500
2991	348
2992	781
2993	505
2994	235
2995	124
2996	810
2997	568
2998	708
2999	921
3000	51
3001	272
3002	933
3003	78
3004	331
3005	242
3006	913
3007	457
3008	337
3009	198
3010	628
3011	148
3012	480
3013	361
3014	949
3015	68
3016	30
3017	510
3018	837
3019	589
3020	814
3021	841
3022	242
3023	94
3024	624
3025	941
3026	117
3027	734
3028	752
3029	519
3030	375
3031	649
3032	613
3033	757
3034	579
3035	502
3036	806
3037	65
3038	601
3039	733
3040	336
3041	534
3042	287
3043	13
3044	533
3045	48
3046	45
3047	102
3048	63
3049	841
3050	698
3051	510
3052	583
3053	47
3054	243
3055	301
3056	832
3057	859
3058	811
3059	930
3060	717
3061	798
3062	118
3063	559
3064	281
3065	313
3066	397
3067	91
3068	494
3069	406
3070	423
3071	538
3072	25
3073	959
3074	472
3075	984
3076	845
3077	258
3078	86
3079	743
3080	159
3081	63
3082	877
3083	842
3084	805
3085	396
3086	292
3087	74
3088	647
3089	581
3090	769
3091	886
3092	17
3093	377
3094	43
3095	830
3096	314
3097	355
3098	267
3099	703
3100	857
3101	473
3102	949
3103	818
3104	706
3105	265
3106	106
3107	648
3108	650
3109	469
3110	487
3111	18
3112	988
3113	777
3114	982
3115	700
3116	195
3117	649
3118	430
3119	103
3120	543
3121	113
3122	526
3123	402
3124	37
3125	929
3126	380
3127	415
3128	937
3129	913
3130	87
3131	505
3132	628
3133	218
3134	279
3135	637
3136	755
3137	645
3138	651
3139	703
3140	477
3141	172
3142	374
3143	446
3144	393
3145	798
3146	820
3147	987
3148	486
3149	688
3150	30
3151	308
3152	146
3153	459
3154	241
3155	280
3156	646
3157	117
3158	522
3159	824
3160	562
3161	477
3162	509
3163	451
3164	344
3165	152
3166	750
3167	328
3168	142
3169	535
3170	433
3171	379
3172	487
3173	184
3174	879
3175	806
3176	274
3177	179
3178	459
3179	250
3180	82
3181	257
3182	393
3183	197
3184	579
3185	489
3186	825
3187	279
3188	585
3189	548
3190	735
3191	370
3192	560
3193	933
3194	468
3195	42
3196	108
3197	624
3198	630
3199	661
3200	725
3201	93
3202	720
3203	546
3204	85
3205	71
3206	444
3207	399
3208	452
3209	712
3210	293
3211	858
3212	996
3213	391
3214	496
3215	445
3216	842
3217	761
3218	253
3219	102
3220	380
3221	253
3222	94
3223	150
3224	222
3225	264
3226	903
3227	687
3228	971
3229	70
3230	959
3231	527
3232	819
3233	22
3234	305
3235	204
3236	284
3237	118
3238	468
3239	449
3240	799
3241	375
3242	623
3243	266
3244	851
3245	92
3246	214
3247	256
3248	595
3249	924
3250	392
3251	917
3252	331
3253	818
3254	56
3255	496
3256	239
3257	250
3258	308
3259	323
3260	537
3261	643
3262	337
3263	539
3264	382
3265	155
3266	850
3267	695
3268	418
3269	399
3270	985
3271	178
3272	243
3273	49
3274	241
3275	508
3276	124
3277	639
3278	652
3279	903
3280	944
3281	115
3282	100
3283	995
3284	25
3285	992
3286	300
3287	254
3288	330
3289	938
3290	445
3291	594
3292	108
3293	931
3294	917
3295	193
3296	483
3297	296
3298	732
3299	308
3300	578
3301	437
3302	750
3303	901
3304	83
3305	227
3306	469
3307	797
3308	409
3309	202
3310	80
3311	95
3312	734
3313	836
3314	831
3315	801
3316	856
3317	33
3318	201
3319	389
3320	443
3321	215
3322	913
3323	332
3324	111
3325	14
3326	348
3327	955
3328	516
3329	827
3330	643
3331	579
3332	374
3333	909
3334	233
3335	838
3336	218
3337	98
3338	294
3339	439
3340	101
3341	49
3342	825
3343	445
3344	740
3345	973
3346	479
3347	215
3348	152
3349	391
3350	501
3351	515
3352	60
3353	940
3354	901
3355	608
3356	134
3357	497
3358	870
3359	922
3360	579
3361	615
3362	665
3363	994
3364	447
3365	993
3366	96
3367	926
3368	671
3369	486
3370	903
3371	686
3372	892
3373	63
3374	887
3375	843
3376	408
3377	188
3378	724
3379	261
3380	208
3381	320
3382	700
3383	743
3384	81
3385	404
3386	705
3387	46
3388	117
3389	104
3390	402
3391	363
3392	615
3393	628
3394	180
3395	433
3396	315
3397	737
3398	606
3399	346
3400	987
3401	247
3402	335
3403	84
3404	803
3405	900
3406	461
3407	937
3408	504
3409	390
3410	638
3411	921
3412	998
3413	685
3414	614
3415	422
3416	847
3417	229
3418	512
3419	718
3420	211
3421	68
3422	773
3423	811
3424	757
3425	894
3426	152
3427	895
3428	943
3429	42
3430	499
3431	82
3432	957
3433	483
3434	498
3435	632
3436	995
3437	416
3438	127
3439	409
3440	294
3441	782
3442	819
3443	489
3444	855
3445	712
3446	621
3447	207
3448	749
3449	565
3450	938
3451	343
3452	795
3453	113
3454	923
3455	181
3456	418
3457	189
3458	323
3459	124
3460	676
3461	706
3462	726
3463	164
3464	209
3465	239
3466	342
3467	507
3468	114
3469	691
3470	76
3471	461
3472	639
3473	846
3474	720
3475	914
3476	646
3477	993
3478	129
3479	35
3480	876
3481	868
3482	830
3483	998
3484	183
3485	316
3486	321
3487	261
3488	559
3489	960
3490	758
3491	386
3492	853
3493	127
3494	724
3495	969
3496	120
3497	10
3498	410
3499	572
3500	425
3501	405
3502	904
3503	96
3504	619
3505	874
3506	560
3507	819
3508	60
3509	388
3510	680
3511	426
3512	353
3513	826
3514	776
3515	190
3516	402
3517	462
3518	211
3519	319
3520	743
3521	141
3522	292
3523	207
3524	818
3525	927
3526	565
3527	195
3528	625
3529	696
3530	472
3531	417
3532	494
3533	792
3534	497
3535	552
3536	84
3537	533
3538	394
3539	444
3540	374
3541	182
3542	342
3543	683
3544	690
3545	924
3546	923
3547	404
3548	760
3549	339
3550	235
3551	113
3552	364
3553	54
3554	304
3555	281
3556	632
3557	365
3558	577
3559	828
3560	342
3561	464
3562	623
3563	269
3564	649
3565	898
3566	401
3567	569
3568	678
3569	924
3570	799
3571	218
3572	312
3573	162
3574	654
3575	422
3576	819
3577	186
3578	529
3579	26
3580	478
3581	485
3582	798
3583	904
3584	593
3585	252
3586	450
3587	259
3588	114
3589	621
3590	897
3591	908
3592	509
3593	918
3594	404
3595	347
3596	930
3597	481
3598	362
3599	799
3600	909
3601	710
3602	707
3603	354
3604	363
3605	957
3606	903
3607	962
3608	148
3609	498
3610	741
3611	770
3612	986
3613	921
3614	813
3615	25
3616	603
3617	539
3618	714
3619	793
3620	638
3621	845
3622	486
3623	235
3624	351
3625	292
3626	408
3627	153
3628	930
3629	136
3630	375
3631	45
3632	587
3633	686
3634	824
3635	14
3636	199
3637	274
3638	995
3639	147
3640	228
3641	182
3642	195
3643	431
3644	462
3645	326
3646	200
3647	288
3648	451
3649	778
3650	368
3651	433
3652	273
3653	178
3654	28
3655	757
3656	217
3657	893
3658	912
3659	155
3660	36
3661	145
3662	801
3663	632
3664	291
3665	445
3666	236
3667	476
3668	586
3669	352
3670	565
3671	899
3672	574
3673	86
3674	771
3675	164
3676	898
3677	125
3678	731
3679	73
3680	223
3681	970
3682	276
3683	734
3684	608
3685	356
3686	334
3687	138
3688	114
3689	596
3690	21
3691	432
3692	560
3693	523
3694	86
3695	662
3696	308
3697	506
3698	577
3699	929
3700	378
3701	400
3702	740
3703	316
3704	34
3705	907
3706	229
3707	60
3708	478
3709	119
3710	740
3711	236
3712	876
3713	116
3714	127
3715	286
3716	973
3717	485
3718	671
3719	781
3720	67
3721	581
3722	730
3723	730
3724	379
3725	768
3726	463
3727	358
3728	546
3729	509
3730	410
3731	258
3732	971
3733	255
3734	163
3735	431
3736	226
3737	168
3738	944
3739	343
3740	473
3741	12
3742	57
3743	614
3744	360
3745	295
3746	998
3747	917
3748	373
3749	296
3750	515
3751	157
3752	824
3753	79
3754	660
3755	442
3756	342
3757	813
3758	353
3759	233
3760	901
3761	883
3762	152
3763	363
3764	889
3765	902
3766	606
3767	508
3768	663
3769	222
3770	571
3771	753
3772	406
3773	401
3774	795
3775	470
3776	349
3777	614
3778	861
3779	826
3780	699
3781	530
3782	242
3783	544
3784	449
3785	437
3786	604
3787	994
3788	196
3789	692
3790	693
3791	478
3792	617
3793	587
3794	175
3795	622
3796	809
3797	371
3798	890
3799	102
3800	903
3801	66
3802	785
3803	608
3804	810
3805	752
3806	531
3807	422
3808	327
3809	331
3810	372
3811	889
3812	811
3813	911
3814	280
3815	80
3816	175
3817	152
3818	717
3819	232
3820	367
3821	417
3822	936
3823	100
3824	89
3825	303
3826	534
3827	813
3828	688
3829	365
3830	407
3831	488
3832	319
3833	168
3834	925
3835	21
3836	196
3837	797
3838	159
3839	391
3840	306
3841	770
3842	611
3843	865
3844	802
3845	195
3846	209
3847	252
3848	199
3849	205
3850	650
3851	107
3852	193
3853	549
3854	64
3855	247
3856	662
3857	703
3858	816
3859	134
3860	399
3861	337
3862	842
3863	30
3864	938
3865	11
3866	800
3867	805
3868	601
3869	907
3870	168
3871	17
3872	794
3873	560
3874	216
3875	849
3876	114
3877	747
3878	272
3879	633
3880	773
3881	379
3882	199
3883	417
3884	13
3885	10
3886	143
3887	352
3888	933
3889	244
3890	617
3891	721
3892	401
3893	316
3894	669
3895	782
3896	972
3897	736
3898	282
3899	612
3900	422
3901	925
3902	706
3903	55
3904	513
3905	555
3906	313
3907	551
3908	884
3909	332
3910	847
3911	163
3912	177
3913	918
3914	937
3915	903
3916	708
3917	525
3918	45
3919	447
3920	957
3921	899
3922	136
3923	330
3924	953
3925	104
3926	718
3927	118
3928	320
3929	491
3930	144
3931	621
3932	772
3933	946
3934	963
3935	292
3936	270
3937	108
3938	912
3939	850
3940	185
3941	321
3942	381
3943	525
3944	955
3945	119
3946	435
3947	291
3948	173
3949	395
3950	621
3951	252
3952	963
3953	539
3954	418
3955	416
3956	380
3957	281
3958	533
3959	533
3960	732
3961	829
3962	662
3963	521
3964	119
3965	567
3966	357
3967	419
3968	625
3969	45
3970	148
3971	201
3972	378
3973	117
3974	190
3975	227
3976	158
3977	234
3978	335
3979	708
3980	98
3981	830
3982	33
3983	475
3984	61
3985	191
3986	738
3987	399
3988	793
3989	572
3990	857
3991	502
3992	119
3993	856
3994	486
3995	112
3996	463
3997	70
3998	25
3999	402
4000	755
4001	959
4002	840
4003	248
4004	425
4005	82
4006	793
4007	677
4008	721
4009	405
4010	85
4011	153
4012	782
4013	628
4014	550
4015	887
4016	356
4017	914
4018	577
4019	393
4020	979
4021	28
4022	860
4023	551
4024	334
4025	452
4026	202
4027	81
4028	807
4029	85
4030	181
4031	843
4032	24
4033	285
4034	86
4035	360
4036	376
4037	583
4038	164
4039	982
4040	917
4041	870
4042	564
4043	222
4044	309
4045	446
4046	545
4047	613
4048	149
4049	703
4050	737
4051	34
4052	704
4053	506
4054	509
4055	276
4056	189
4057	150
4058	215
4059	485
4060	185
4061	212
4062	751
4063	844
4064	762
4065	529
4066	29
4067	366
4068	671
4069	619
4070	338
4071	781
4072	972
4073	141
4074	298
4075	912
4076	570
4077	356
4078	923
4079	142
4080	474
4081	804
4082	118
4083	814
4084	110
4085	76
4086	650
4087	678
4088	955
4089	185
4090	363
4091	390
4092	858
4093	87
4094	842
4095	822
4096	862
4097	443
4098	686
4099	142
4100	753
4101	496
4102	105
4103	720
4104	632
4105	488
4106	583
4107	773
4108	816
4109	78
4110	722
4111	602
4112	719
4113	182
4114	560
4115	551
4116	624
4117	632
4118	314
4119	419
4120	74
4121	171
4122	776
4123	169
4124	273
4125	392
4126	496
4127	848
4128	469
4129	323
4130	79
4131	476
4132	425
4133	128
4134	18
4135	58
4136	34
4137	456
4138	218
4139	966
4140	35
4141	409
4142	200
4143	799
4144	658
4145	396
4146	406
4147	282
4148	952
4149	467
4150	640
4151	359
4152	305
4153	903
4154	508
4155	994
4156	18
4157	365
4158	291
4159	960
4160	467
4161	153
4162	184
4163	761
4164	507
4165	382
4166	413
4167	832
4168	434
4169	631
4170	144
4171	822
4172	725
4173	402
4174	38
4175	431
4176	466
4177	593
4178	94
4179	317
4180	542
4181	64
4182	86
4183	38
4184	174
4185	860
4186	384
4187	53
4188	579
4189	221
4190	258
4191	966
4192	193
4193	982
4194	388
4195	962
4196	307
4197	60
4198	856
4199	249
4200	324
4201	405
4202	659
4203	260
4204	697
4205	686
4206	102
4207	68
4208	226
4209	942
4210	436
4211	795
4212	99
4213	780
4214	217
4215	459
4216	837
4217	768
4218	647
4219	791
4220	211
4221	56
4222	605
4223	239
4224	829
4225	135
4226	729
4227	396
4228	327
4229	872
4230	522
4231	511
4232	311
4233	69
4234	620
4235	645
4236	136
4237	563
4238	260
4239	389
4240	388
4241	138
4242	41
4243	319
4244	658
4245	892
4246	800
4247	788
4248	184
4249	882
4250	849
4251	55
4252	409
4253	694
4254	763
4255	960
4256	90
4257	550
4258	553
4259	787
4260	791
4261	122
4262	992
4263	937
4264	418
4265	831
4266	109
4267	629
4268	649
4269	255
4270	764
4271	156
4272	719
4273	361
4274	291
4275	75
4276	710
4277	391
4278	523
4279	376
4280	394
4281	395
4282	472
4283	170
4284	647
4285	38
4286	239
4287	463
4288	509
4289	87
4290	29
4291	202
4292	462
4293	302
4294	81
4295	598
4296	206
4297	270
4298	139
4299	322
4300	764
4301	880
4302	722
4303	375
4304	219
4305	364
4306	545
4307	90
4308	787
4309	153
4310	888
4311	636
4312	745
4313	445
4314	803
4315	888
4316	693
4317	265
4318	769
4319	898
4320	114
4321	904
4322	56
4323	159
4324	191
4325	453
4326	953
4327	58
4328	230
4329	557
4330	877
4331	453
4332	246
4333	678
4334	95
4335	274
4336	469
4337	967
4338	890
4339	980
4340	166
4341	960
4342	874
4343	352
4344	913
4345	346
4346	619
4347	427
4348	121
4349	624
4350	369
4351	60
4352	658
4353	786
4354	67
4355	660
4356	812
4357	478
4358	388
4359	768
4360	373
4361	236
4362	853
4363	951
4364	863
4365	843
4366	777
4367	444
4368	50
4369	656
4370	78
4371	803
4372	31
4373	855
4374	707
4375	755
4376	404
4377	391
4378	46
4379	140
4380	455
4381	94
4382	573
4383	533
4384	220
4385	576
4386	175
4387	470
4388	820
4389	90
4390	258
4391	604
4392	505
4393	748
4394	644
4395	448
4396	130
4397	671
4398	311
4399	776
4400	310
4401	622
4402	18
4403	372
4404	746
4405	259
4406	376
4407	65
4408	562
4409	842
4410	216
4411	460
4412	535
4413	492
4414	608
4415	998
4416	393
4417	496
4418	224
4419	165
4420	280
4421	812
4422	131
4423	903
4424	993
4425	483
4426	603
4427	165
4428	306
4429	339
4430	519
4431	610
4432	224
4433	895
4434	502
4435	702
4436	636
4437	484
4438	313
4439	775
4440	731
4441	563
4442	197
4443	473
4444	467
4445	626
4446	811
4447	895
4448	810
4449	687
4450	205
4451	534
4452	548
4453	633
4454	214
4455	745
4456	580
4457	602
4458	94
4459	789
4460	484
4461	914
4462	862
4463	607
4464	624
4465	962
4466	490
4467	10
4468	747
4469	100
4470	783
4471	450
4472	954
4473	748
4474	623
4475	643
4476	773
4477	809
4478	896
4479	120
4480	338
4481	534
4482	556
4483	779
4484	333
4485	624
4486	281
4487	746
4488	57
4489	356
4490	679
4491	770
4492	952
4493	122
4494	760
4495	897
4496	485
4497	401
4498	509
4499	670
4500	236
4501	541
4502	467
4503	231
4504	799
4505	381
4506	629
4507	258
4508	219
4509	391
4510	522
4511	200
4512	462
4513	243
4514	850
4515	978
4516	440
4517	253
4518	22
4519	37
4520	342
4521	230
4522	899
4523	472
4524	544
4525	191
4526	512
4527	946
4528	613
4529	28
4530	735
4531	865
4532	704
4533	657
4534	686
4535	807
4536	767
4537	746
4538	501
4539	11
4540	728
4541	699
4542	673
4543	507
4544	479
4545	195
4546	357
4547	381
4548	885
4549	700
4550	329
4551	784
4552	400
4553	522
4554	959
4555	819
4556	337
4557	562
4558	284
4559	650
4560	367
4561	98
4562	185
4563	157
4564	173
4565	497
4566	904
4567	250
4568	819
4569	673
4570	598
4571	288
4572	82
4573	13
4574	396
4575	891
4576	834
4577	587
4578	940
4579	969
4580	767
4581	824
4582	67
4583	927
4584	467
4585	806
4586	979
4587	869
4588	325
4589	700
4590	660
4591	180
4592	796
4593	992
4594	489
4595	647
4596	949
4597	975
4598	847
4599	120
4600	491
4601	837
4602	48
4603	631
4604	618
4605	874
4606	286
4607	343
4608	237
4609	829
4610	944
4611	900
4612	394
4613	150
4614	707
4615	415
4616	164
4617	779
4618	241
4619	762
4620	464
4621	635
4622	281
4623	66
4624	817
4625	964
4626	887
4627	271
4628	207
4629	892
4630	843
4631	544
4632	87
4633	786
4634	631
4635	850
4636	757
4637	520
4638	350
4639	101
4640	927
4641	201
4642	332
4643	142
4644	236
4645	444
4646	506
4647	604
4648	920
4649	14
4650	895
4651	634
4652	630
4653	726
4654	983
4655	24
4656	791
4657	332
4658	778
4659	493
4660	400
4661	714
4662	860
4663	609
4664	494
4665	52
4666	528
4667	337
4668	556
4669	584
4670	653
4671	811
4672	781
4673	272
4674	760
4675	957
4676	158
4677	443
4678	508
4679	317
4680	326
4681	80
4682	780
4683	945
4684	995
4685	130
4686	118
4687	996
4688	130
4689	747
4690	407
4691	199
4692	405
4693	754
4694	725
4695	599
4696	119
4697	911
4698	195
4699	24
4700	982
4701	911
4702	302
4703	159
4704	505
4705	639
4706	87
4707	762
4708	414
4709	71
4710	96
4711	920
4712	689
4713	619
4714	600
4715	749
4716	321
4717	444
4718	283
4719	988
4720	326
4721	20
4722	208
4723	24
4724	558
4725	161
4726	35
4727	630
4728	332
4729	380
4730	82
4731	558
4732	367
4733	754
4734	207
4735	401
4736	643
4737	393
4738	622
4739	635
4740	952
4741	777
4742	400
4743	121
4744	606
4745	767
4746	215
4747	350
4748	613
4749	130
4750	286
4751	57
4752	29
4753	831
4754	265
4755	800
4756	307
4757	210
4758	243
4759	137
4760	126
4761	684
4762	571
4763	154
4764	443
4765	922
4766	213
4767	535
4768	789
4769	833
4770	919
4771	251
4772	499
4773	505
4774	229
4775	741
4776	745
4777	467
4778	385
4779	909
4780	780
4781	45
4782	549
4783	82
4784	493
4785	156
4786	399
4787	564
4788	836
4789	490
4790	493
4791	699
4792	274
4793	55
4794	692
4795	541
4796	636
4797	438
4798	14
4799	337
4800	505
4801	34
4802	318
4803	553
4804	886
4805	630
4806	846
4807	282
4808	563
4809	189
4810	556
4811	522
4812	614
4813	761
4814	644
4815	819
4816	109
4817	482
4818	383
4819	526
4820	318
4821	372
4822	577
4823	800
4824	647
4825	19
4826	50
4827	708
4828	952
4829	82
4830	376
4831	926
4832	456
4833	556
4834	898
4835	774
4836	262
4837	602
4838	299
4839	417
4840	314
4841	559
4842	107
4843	113
4844	711
4845	84
4846	372
4847	641
4848	294
4849	760
4850	779
4851	693
4852	73
4853	311
4854	617
4855	853
4856	118
4857	941
4858	522
4859	726
4860	54
4861	454
4862	221
4863	363
4864	305
4865	85
4866	390
4867	206
4868	455
4869	579
4870	559
4871	247
4872	940
4873	379
4874	604
4875	847
4876	823
4877	189
4878	894
4879	485
4880	458
4881	241
4882	934
4883	497
4884	381
4885	506
4886	936
4887	171
4888	503
4889	189
4890	268
4891	294
4892	938
4893	972
4894	957
4895	625
4896	786
4897	173
4898	329
4899	281
4900	261
4901	693
4902	245
4903	569
4904	325
4905	501
4906	625
4907	477
4908	100
4909	104
4910	496
4911	617
4912	378
4913	842
4914	564
4915	952
4916	280
4917	384
4918	633
4919	233
4920	225
4921	339
4922	385
4923	432
4924	920
4925	329
4926	717
4927	709
4928	552
4929	879
4930	211
4931	500
4932	895
4933	388
4934	166
4935	826
4936	312
4937	160
4938	490
4939	998
4940	707
4941	784
4942	310
4943	589
4944	556
4945	629
4946	480
4947	924
4948	871
4949	394
4950	307
4951	890
4952	928
4953	202
4954	911
4955	899
4956	93
4957	853
4958	802
4959	119
4960	176
4961	634
4962	946
4963	612
4964	333
4965	309
4966	380
4967	129
4968	181
4969	139
4970	557
4971	399
4972	464
4973	474
4974	700
4975	929
4976	82
4977	682
4978	969
4979	878
4980	732
4981	661
4982	514
4983	884
4984	828
4985	843
4986	548
4987	739
4988	52
4989	453
4990	54
4991	354
4992	922
4993	827
4994	267
4995	605
4996	816
4997	326
4998	175
4999	870
5000	886
5001	377
5002	521
5003	661
5004	740
5005	690
5006	685
5007	114
5008	406
5009	98
5010	294
5011	735
5012	776
5013	966
5014	422
5015	218
5016	46
5017	356
5018	603
5019	506
5020	295
5021	372
5022	440
5023	954
5024	775
5025	752
5026	393
5027	15
5028	297
5029	104
5030	463
5031	564
5032	712
5033	454
5034	192
5035	846
5036	398
5037	511
5038	889
5039	187
5040	667
5041	415
5042	756
5043	249
5044	229
5045	548
5046	108
5047	903
5048	587
5049	663
5050	753
5051	685
5052	726
5053	507
5054	566
5055	471
5056	86
5057	256
5058	726
5059	990
5060	998
5061	746
5062	175
5063	138
5064	690
5065	455
5066	281
5067	499
5068	51
5069	489
5070	618
5071	742
5072	920
5073	165
5074	24
5075	433
5076	75
5077	229
5078	84
5079	638
5080	473
5081	103
5082	25
5083	798
5084	850
5085	639
5086	399
5087	899
5088	518
5089	664
5090	820
5091	764
5092	925
5093	83
5094	25
5095	455
5096	451
5097	746
5098	717
5099	997
5100	279
5101	819
5102	453
5103	560
5104	876
5105	822
5106	921
5107	571
5108	589
5109	401
5110	513
5111	711
5112	356
5113	21
5114	491
5115	648
5116	119
5117	129
5118	856
5119	216
5120	740
5121	535
5122	259
5123	768
5124	521
5125	917
5126	273
5127	432
5128	860
5129	160
5130	942
5131	395
5132	262
5133	212
5134	937
5135	473
5136	598
5137	893
5138	532
5139	239
5140	393
5141	335
5142	616
5143	899
5144	323
5145	118
5146	332
5147	265
5148	905
5149	543
5150	740
5151	249
5152	261
5153	589
5154	895
5155	192
5156	188
5157	39
5158	911
5159	220
5160	70
5161	17
5162	710
5163	71
5164	282
5165	912
5166	846
5167	33
5168	670
5169	425
5170	735
5171	875
5172	496
5173	300
5174	743
5175	659
5176	258
5177	870
5178	512
5179	23
5180	753
5181	812
5182	416
5183	678
5184	29
5185	488
5186	50
5187	241
5188	80
5189	95
5190	791
5191	46
5192	305
5193	618
5194	891
5195	909
5196	663
5197	556
5198	466
5199	353
5200	367
5201	577
5202	50
5203	471
5204	945
5205	40
5206	673
5207	191
5208	313
5209	654
5210	822
5211	429
5212	126
5213	265
5214	858
5215	447
5216	266
5217	830
5218	932
5219	777
5220	661
5221	253
5222	172
5223	152
5224	144
5225	597
5226	807
5227	396
5228	635
5229	69
5230	487
5231	750
5232	246
5233	742
5234	950
5235	694
5236	480
5237	65
5238	582
5239	864
5240	968
5241	922
5242	620
5243	114
5244	415
5245	135
5246	532
5247	159
5248	23
5249	964
5250	145
5251	711
5252	592
5253	810
5254	230
5255	350
5256	516
5257	632
5258	527
5259	37
5260	563
5261	394
5262	958
5263	571
5264	754
5265	631
5266	486
5267	188
5268	676
5269	291
5270	213
5271	568
5272	223
5273	152
5274	821
5275	430
5276	622
5277	79
5278	509
5279	986
5280	902
5281	32
5282	347
5283	685
5284	330
5285	451
5286	39
5287	687
5288	141
5289	118
5290	693
5291	824
5292	132
5293	402
5294	804
5295	770
5296	309
5297	899
5298	327
5299	315
5300	227
5301	504
5302	718
5303	299
5304	297
5305	791
5306	688
5307	323
5308	137
5309	91
5310	491
5311	605
5312	616
5313	757
5314	987
5315	596
5316	75
5317	527
5318	421
5319	729
5320	729
5321	171
5322	361
5323	110
5324	900
5325	467
5326	383
5327	754
5328	291
5329	818
5330	115
5331	40
5332	640
5333	151
5334	747
5335	727
5336	550
5337	28
5338	818
5339	780
5340	198
5341	400
5342	95
5343	507
5344	617
5345	629
5346	316
5347	395
5348	481
5349	992
5350	317
5351	941
5352	637
5353	585
5354	303
5355	294
5356	835
5357	287
5358	639
5359	929
5360	596
5361	417
5362	336
5363	287
5364	96
5365	948
5366	151
5367	95
5368	913
5369	492
5370	930
5371	546
5372	547
5373	826
5374	954
5375	416
5376	594
5377	680
5378	253
5379	687
5380	667
5381	385
5382	30
5383	715
5384	260
5385	155
5386	361
5387	102
5388	159
5389	397
5390	339
5391	514
5392	114
5393	674
5394	380
5395	414
5396	695
5397	896
5398	902
5399	912
5400	450
5401	808
5402	881
5403	425
5404	712
5405	94
5406	210
5407	133
5408	104
5409	671
5410	728
5411	658
5412	974
5413	346
5414	936
5415	463
5416	829
5417	851
5418	278
5419	652
5420	159
5421	898
5422	810
5423	62
5424	642
5425	253
5426	193
5427	190
5428	904
5429	13
5430	782
5431	157
5432	485
5433	154
5434	439
5435	830
5436	446
5437	554
5438	663
5439	372
5440	933
5441	971
5442	835
5443	755
5444	61
5445	317
5446	201
5447	372
5448	99
5449	501
5450	532
5451	54
5452	437
5453	896
5454	828
5455	244
5456	879
5457	184
5458	67
5459	827
5460	397
5461	460
5462	132
5463	152
5464	884
5465	482
5466	309
5467	988
5468	833
5469	975
5470	443
5471	118
5472	763
5473	754
5474	371
5475	712
5476	701
5477	735
5478	776
5479	244
5480	249
5481	231
5482	692
5483	808
5484	24
5485	126
5486	991
5487	379
5488	779
5489	144
5490	76
5491	621
5492	985
5493	555
5494	368
5495	978
5496	894
5497	971
5498	924
5499	302
5500	586
5501	679
5502	313
5503	907
5504	419
5505	911
5506	248
5507	354
5508	13
5509	367
5510	544
5511	942
5512	792
5513	397
5514	757
5515	799
5516	883
5517	281
5518	231
5519	174
5520	931
5521	704
5522	619
5523	542
5524	147
5525	996
5526	716
5527	674
5528	81
5529	38
5530	506
5531	375
5532	934
5533	672
5534	406
5535	698
5536	456
5537	301
5538	326
5539	695
5540	281
5541	165
5542	717
5543	12
5544	731
5545	392
5546	20
5547	51
5548	430
5549	609
5550	805
5551	209
5552	427
5553	145
5554	622
5555	471
5556	435
5557	34
5558	573
5559	752
5560	847
5561	471
5562	796
5563	291
5564	758
5565	265
5566	733
5567	604
5568	433
5569	682
5570	89
5571	877
5572	247
5573	266
5574	315
5575	773
5576	570
5577	808
5578	882
5579	974
5580	302
5581	149
5582	488
5583	677
5584	644
5585	202
5586	812
5587	434
5588	606
5589	844
5590	86
5591	682
5592	150
5593	339
5594	174
5595	475
5596	305
5597	592
5598	24
5599	227
5600	389
5601	35
5602	682
5603	358
5604	53
5605	543
5606	980
5607	735
5608	705
5609	553
5610	303
5611	623
5612	191
5613	177
5614	173
5615	863
5616	580
5617	446
5618	690
5619	402
5620	642
5621	922
5622	419
5623	656
5624	633
5625	892
5626	386
5627	785
5628	108
5629	659
5630	332
5631	897
5632	73
5633	499
5634	898
5635	909
5636	531
5637	249
5638	842
5639	421
5640	657
5641	295
5642	59
5643	202
5644	986
5645	411
5646	641
5647	829
5648	90
5649	607
5650	579
5651	146
5652	373
5653	608
5654	249
5655	260
5656	67
5657	229
5658	662
5659	273
5660	561
5661	273
5662	66
5663	490
5664	361
5665	742
5666	464
5667	979
5668	289
5669	206
5670	705
5671	425
5672	626
5673	851
5674	672
5675	639
5676	903
5677	381
5678	899
5679	868
5680	610
5681	435
5682	329
5683	619
5684	115
5685	565
5686	874
5687	472
5688	190
5689	985
5690	489
5691	83
5692	662
5693	464
5694	704
5695	112
5696	448
5697	973
5698	234
5699	759
5700	25
5701	141
5702	271
5703	65
5704	921
5705	981
5706	295
5707	558
5708	925
5709	505
5710	521
5711	196
5712	913
5713	577
5714	140
5715	447
5716	846
5717	569
5718	610
5719	581
5720	802
5721	830
5722	667
5723	89
5724	379
5725	888
5726	950
5727	375
5728	208
5729	294
5730	785
5731	610
5732	672
5733	547
5734	745
5735	106
5736	734
5737	22
5738	33
5739	122
5740	259
5741	403
5742	588
5743	346
5744	258
5745	991
5746	22
5747	878
5748	457
5749	111
5750	775
5751	406
5752	386
5753	928
5754	155
5755	658
5756	210
5757	654
5758	605
5759	637
5760	296
5761	763
5762	891
5763	292
5764	845
5765	670
5766	446
5767	153
5768	732
5769	913
5770	358
5771	348
5772	115
5773	872
5774	725
5775	865
5776	524
5777	378
5778	370
5779	885
5780	435
5781	327
5782	957
5783	409
5784	785
5785	191
5786	97
5787	132
5788	392
5789	97
5790	799
5791	696
5792	496
5793	825
5794	323
5795	454
5796	16
5797	36
5798	764
5799	116
5800	47
5801	252
5802	992
5803	362
5804	466
5805	138
5806	661
5807	699
5808	891
5809	81
5810	193
5811	735
5812	699
5813	802
5814	923
5815	179
5816	596
5817	560
5818	679
5819	402
5820	291
5821	37
5822	75
5823	499
5824	762
5825	404
5826	565
5827	979
5828	973
5829	71
5830	170
5831	302
5832	53
5833	517
5834	802
5835	33
5836	188
5837	700
5838	866
5839	809
5840	414
5841	89
5842	431
5843	656
5844	906
5845	670
5846	724
5847	751
5848	533
5849	57
5850	215
5851	285
5852	401
5853	995
5854	685
5855	338
5856	499
5857	313
5858	941
5859	596
5860	199
5861	347
5862	549
5863	626
5864	556
5865	402
5866	160
5867	547
5868	78
5869	541
5870	772
5871	574
5872	74
5873	499
5874	945
5875	50
5876	802
5877	530
5878	502
5879	345
5880	478
5881	830
5882	918
5883	951
5884	564
5885	873
5886	851
5887	32
5888	537
5889	452
5890	570
5891	271
5892	297
5893	852
5894	601
5895	435
5896	793
5897	403
5898	351
5899	460
5900	334
5901	882
5902	43
5903	381
5904	846
5905	33
5906	623
5907	717
5908	112
5909	740
5910	485
5911	863
5912	590
5913	18
5914	77
5915	142
5916	803
5917	526
5918	205
5919	585
5920	380
5921	250
5922	693
5923	943
5924	438
5925	874
5926	572
5927	419
5928	773
5929	365
5930	496
5931	581
5932	927
5933	274
5934	388
5935	985
5936	249
5937	17
5938	77
5939	722
5940	449
5941	527
5942	675
5943	890
5944	24
5945	551
5946	783
5947	423
5948	352
5949	866
5950	94
5951	877
5952	130
5953	860
5954	940
5955	80
5956	945
5957	947
5958	987
5959	183
5960	480
5961	404
5962	432
5963	368
5964	389
5965	285
5966	530
5967	130
5968	751
5969	461
5970	513
5971	197
5972	812
5973	398
5974	726
5975	431
5976	714
5977	821
5978	145
5979	284
5980	298
5981	913
5982	249
5983	775
5984	648
5985	690
5986	928
5987	416
5988	727
5989	407
5990	825
5991	876
5992	423
5993	723
5994	125
5995	195
5996	454
5997	506
5998	625
5999	792
6000	827
6001	609
6002	253
6003	752
6004	66
6005	429
6006	509
6007	77
6008	842
6009	322
6010	24
6011	260
6012	443
6013	268
6014	206
6015	280
6016	474
6017	605
6018	736
6019	659
6020	951
6021	980
6022	595
6023	514
6024	41
6025	839
6026	71
6027	72
6028	220
6029	184
6030	826
6031	855
6032	832
6033	502
6034	292
6035	984
6036	925
6037	853
6038	864
6039	28
6040	293
6041	990
6042	206
6043	823
6044	784
6045	540
6046	69
6047	143
6048	881
6049	490
6050	781
6051	368
6052	566
6053	54
6054	889
6055	299
6056	426
6057	673
6058	228
6059	280
6060	118
6061	75
6062	391
6063	336
6064	437
6065	89
6066	582
6067	440
6068	117
6069	514
6070	82
6071	468
6072	758
6073	761
6074	236
6075	434
6076	177
6077	309
6078	83
6079	488
6080	767
6081	530
6082	572
6083	668
6084	38
6085	863
6086	885
6087	658
6088	942
6089	65
6090	921
6091	445
6092	347
6093	37
6094	830
6095	936
6096	988
6097	324
6098	399
6099	675
6100	862
6101	591
6102	491
6103	820
6104	988
6105	633
6106	513
6107	209
6108	608
6109	926
6110	534
6111	910
6112	663
6113	777
6114	814
6115	311
6116	912
6117	473
6118	254
6119	366
6120	161
6121	155
6122	295
6123	512
6124	210
6125	789
6126	693
6127	378
6128	408
6129	836
6130	324
6131	900
6132	631
6133	235
6134	856
6135	341
6136	551
6137	989
6138	177
6139	846
6140	731
6141	892
6142	472
6143	566
6144	536
6145	496
6146	445
6147	456
6148	701
6149	624
6150	14
6151	232
6152	596
6153	203
6154	672
6155	173
6156	828
6157	436
6158	332
6159	838
6160	947
6161	572
6162	397
6163	625
6164	222
6165	464
6166	870
6167	570
6168	723
6169	535
6170	194
6171	210
6172	945
6173	90
6174	706
6175	719
6176	781
6177	735
6178	969
6179	831
6180	439
6181	334
6182	862
6183	958
6184	918
6185	255
6186	568
6187	189
6188	834
6189	103
6190	286
6191	294
6192	572
6193	942
6194	861
6195	852
6196	997
6197	950
6198	371
6199	211
6200	32
6201	328
6202	253
6203	995
6204	723
6205	513
6206	679
6207	351
6208	953
6209	740
6210	780
6211	649
6212	631
6213	471
6214	449
6215	621
6216	886
6217	229
6218	560
6219	182
6220	392
6221	369
6222	726
6223	933
6224	159
6225	77
6226	81
6227	382
6228	664
6229	112
6230	738
6231	772
6232	780
6233	525
6234	873
6235	254
6236	536
6237	17
6238	603
6239	173
6240	706
6241	570
6242	744
6243	813
6244	951
6245	972
6246	995
6247	177
6248	683
6249	882
6250	760
6251	311
6252	180
6253	882
6254	472
6255	477
6256	276
6257	459
6258	989
6259	581
6260	978
6261	984
6262	43
6263	682
6264	326
6265	246
6266	310
6267	871
6268	981
6269	387
6270	453
6271	686
6272	454
6273	512
6274	752
6275	973
6276	229
6277	132
6278	13
6279	670
6280	105
6281	216
6282	253
6283	395
6284	775
6285	665
6286	34
6287	566
6288	903
6289	744
6290	836
6291	293
6292	126
6293	573
6294	267
6295	170
6296	281
6297	52
6298	626
6299	936
6300	576
6301	512
6302	246
6303	724
6304	274
6305	769
6306	613
6307	842
6308	173
6309	401
6310	288
6311	552
6312	67
6313	670
6314	22
6315	953
6316	961
6317	614
6318	260
6319	40
6320	625
6321	961
6322	375
6323	216
6324	994
6325	843
6326	354
6327	552
6328	453
6329	611
6330	648
6331	131
6332	643
6333	901
6334	158
6335	936
6336	512
6337	915
6338	817
6339	323
6340	477
6341	410
6342	980
6343	536
6344	991
6345	862
6346	911
6347	694
6348	406
6349	755
6350	66
6351	330
6352	759
6353	802
6354	302
6355	392
6356	158
6357	216
6358	341
6359	418
6360	814
6361	14
6362	67
6363	831
6364	947
6365	236
6366	939
6367	823
6368	635
6369	610
6370	718
6371	925
6372	635
6373	438
6374	55
6375	647
6376	555
6377	99
6378	121
6379	870
6380	265
6381	672
6382	665
6383	697
6384	40
6385	408
6386	296
6387	225
6388	671
6389	752
6390	236
6391	107
6392	95
6393	153
6394	317
6395	485
6396	440
6397	300
6398	192
6399	710
6400	769
6401	81
6402	539
6403	49
6404	62
6405	41
6406	623
6407	845
6408	187
6409	303
6410	568
6411	153
6412	229
6413	639
6414	949
6415	631
6416	173
6417	183
6418	172
6419	530
6420	632
6421	811
6422	79
6423	89
6424	416
6425	861
6426	768
6427	493
6428	645
6429	958
6430	851
6431	244
6432	496
6433	880
6434	800
6435	428
6436	975
6437	222
6438	879
6439	772
6440	40
6441	908
6442	948
6443	318
6444	444
6445	976
6446	363
6447	15
6448	962
6449	133
6450	659
6451	184
6452	598
6453	413
6454	673
6455	716
6456	634
6457	141
6458	601
6459	411
6460	280
6461	545
6462	653
6463	839
6464	344
6465	463
6466	623
6467	553
6468	662
6469	721
6470	813
6471	111
6472	730
6473	81
6474	652
6475	478
6476	853
6477	122
6478	858
6479	509
6480	365
6481	212
6482	360
6483	751
6484	639
6485	989
6486	564
6487	828
6488	672
6489	962
6490	949
6491	753
6492	445
6493	170
6494	750
6495	686
6496	526
6497	905
6498	380
6499	252
6500	368
6501	866
6502	457
6503	37
6504	480
6505	798
6506	231
6507	155
6508	457
6509	839
6510	489
6511	742
6512	954
6513	199
6514	243
6515	761
6516	388
6517	17
6518	621
6519	699
6520	501
6521	392
6522	839
6523	13
6524	58
6525	551
6526	266
6527	642
6528	395
6529	547
6530	253
6531	125
6532	610
6533	492
6534	42
6535	331
6536	29
6537	469
6538	874
6539	783
6540	944
6541	281
6542	945
6543	649
6544	505
6545	573
6546	363
6547	926
6548	627
6549	831
6550	890
6551	870
6552	209
6553	149
6554	330
6555	287
6556	861
6557	787
6558	84
6559	697
6560	98
6561	773
6562	171
6563	296
6564	228
6565	457
6566	601
6567	572
6568	953
6569	270
6570	428
6571	216
6572	322
6573	66
6574	783
6575	590
6576	887
6577	945
6578	156
6579	10
6580	931
6581	496
6582	115
6583	364
6584	664
6585	472
6586	425
6587	195
6588	704
6589	558
6590	509
6591	396
6592	972
6593	663
6594	605
6595	942
6596	679
6597	258
6598	550
6599	933
6600	869
6601	994
6602	306
6603	529
6604	821
6605	228
6606	614
6607	718
6608	78
6609	479
6610	859
6611	636
6612	823
6613	765
6614	395
6615	696
6616	307
6617	559
6618	276
6619	350
6620	349
6621	296
6622	234
6623	730
6624	210
6625	836
6626	777
6627	147
6628	213
6629	196
6630	627
6631	131
6632	860
6633	792
6634	30
6635	887
6636	871
6637	291
6638	925
6639	78
6640	503
6641	815
6642	614
6643	800
6644	962
6645	75
6646	647
6647	353
6648	468
6649	157
6650	74
6651	96
6652	537
6653	820
6654	79
6655	80
6656	112
6657	132
6658	702
6659	478
6660	213
6661	638
6662	849
6663	907
6664	872
6665	219
6666	682
6667	744
6668	346
6669	65
6670	962
6671	898
6672	507
6673	94
6674	607
6675	284
6676	894
6677	714
6678	157
6679	17
6680	864
6681	778
6682	238
6683	852
6684	695
6685	951
6686	102
6687	536
6688	719
6689	471
6690	641
6691	999
6692	430
6693	881
6694	886
6695	770
6696	405
6697	255
6698	942
6699	981
6700	781
6701	634
6702	145
6703	734
6704	160
6705	376
6706	929
6707	673
6708	808
6709	969
6710	841
6711	240
6712	655
6713	145
6714	358
6715	717
6716	773
6717	528
6718	504
6719	358
6720	100
6721	611
6722	432
6723	974
6724	444
6725	61
6726	366
6727	183
6728	37
6729	717
6730	50
6731	525
6732	42
6733	120
6734	551
6735	699
6736	101
6737	220
6738	526
6739	488
6740	844
6741	480
6742	777
6743	953
6744	569
6745	139
6746	370
6747	642
6748	765
6749	411
6750	852
6751	764
6752	790
6753	55
6754	185
6755	896
6756	906
6757	633
6758	613
6759	949
6760	334
6761	542
6762	284
6763	802
6764	782
6765	525
6766	46
6767	559
6768	852
6769	650
6770	746
6771	755
6772	439
6773	477
6774	305
6775	349
6776	687
6777	38
6778	495
6779	868
6780	387
6781	953
6782	119
6783	840
6784	124
6785	765
6786	858
6787	347
6788	123
6789	39
6790	386
6791	270
6792	597
6793	442
6794	530
6795	726
6796	476
6797	436
6798	338
6799	992
6800	129
6801	252
6802	97
6803	723
6804	182
6805	377
6806	402
6807	565
6808	288
6809	300
6810	442
6811	18
6812	402
6813	442
6814	998
6815	844
6816	581
6817	221
6818	257
6819	119
6820	319
6821	785
6822	964
6823	747
6824	932
6825	508
6826	249
6827	512
6828	194
6829	798
6830	743
6831	644
6832	511
6833	689
6834	525
6835	74
6836	734
6837	163
6838	745
6839	842
6840	279
6841	539
6842	349
6843	302
6844	139
6845	907
6846	167
6847	558
6848	65
6849	101
6850	800
6851	175
6852	324
6853	786
6854	284
6855	197
6856	201
6857	178
6858	481
6859	966
6860	896
6861	501
6862	923
6863	347
6864	263
6865	344
6866	944
6867	189
6868	301
6869	123
6870	931
6871	465
6872	763
6873	133
6874	978
6875	518
6876	617
6877	37
6878	656
6879	92
6880	213
6881	370
6882	822
6883	881
6884	921
6885	140
6886	385
6887	402
6888	271
6889	90
6890	396
6891	723
6892	639
6893	89
6894	225
6895	145
6896	459
6897	367
6898	302
6899	17
6900	53
6901	415
6902	410
6903	70
6904	190
6905	941
6906	707
6907	121
6908	902
6909	374
6910	263
6911	685
6912	580
6913	78
6914	611
6915	76
6916	573
6917	54
6918	936
6919	611
6920	191
6921	352
6922	777
6923	833
6924	102
6925	227
6926	59
6927	528
6928	201
6929	842
6930	770
6931	912
6932	184
6933	967
6934	586
6935	839
6936	551
6937	767
6938	682
6939	991
6940	59
6941	650
6942	93
6943	47
6944	956
6945	399
6946	899
6947	342
6948	836
6949	369
6950	128
6951	79
6952	636
6953	705
6954	85
6955	367
6956	104
6957	381
6958	891
6959	417
6960	227
6961	430
6962	669
6963	127
6964	947
6965	216
6966	661
6967	100
6968	286
6969	826
6970	826
6971	460
6972	261
6973	436
6974	38
6975	560
6976	449
6977	517
6978	244
6979	243
6980	180
6981	139
6982	460
6983	210
6984	263
6985	69
6986	430
6987	360
6988	526
6989	170
6990	300
6991	359
6992	549
6993	990
6994	394
6995	202
6996	268
6997	122
6998	614
6999	645
7000	161
7001	972
7002	50
7003	854
7004	648
7005	801
7006	513
7007	136
7008	732
7009	703
7010	711
7011	697
7012	462
7013	762
7014	112
7015	884
7016	340
7017	949
7018	172
7019	755
7020	117
7021	926
7022	494
7023	488
7024	542
7025	827
7026	46
7027	88
7028	294
7029	121
7030	898
7031	611
7032	830
7033	31
7034	188
7035	397
7036	252
7037	464
7038	49
7039	897
7040	126
7041	217
7042	552
7043	279
7044	810
7045	282
7046	101
7047	347
7048	312
7049	362
7050	397
7051	736
7052	688
7053	34
7054	67
7055	724
7056	982
7057	839
7058	165
7059	181
7060	622
7061	315
7062	342
7063	54
7064	489
7065	718
7066	279
7067	621
7068	587
7069	818
7070	134
7071	503
7072	752
7073	431
7074	142
7075	705
7076	215
7077	156
7078	977
7079	180
7080	640
7081	462
7082	993
7083	970
7084	304
7085	327
7086	161
7087	698
7088	619
7089	275
7090	118
7091	968
7092	465
7093	542
7094	683
7095	956
7096	53
7097	845
7098	506
7099	97
7100	485
7101	515
7102	952
7103	309
7104	577
7105	785
7106	862
7107	252
7108	387
7109	209
7110	466
7111	960
7112	542
7113	749
7114	694
7115	324
7116	765
7117	381
7118	806
7119	907
7120	632
7121	444
7122	568
7123	739
7124	359
7125	759
7126	399
7127	159
7128	514
7129	22
7130	449
7131	704
7132	483
7133	900
7134	417
7135	144
7136	518
7137	958
7138	393
7139	335
7140	499
7141	112
7142	440
7143	23
7144	31
7145	73
7146	591
7147	441
7148	124
7149	854
7150	784
7151	646
7152	654
7153	25
7154	632
7155	769
7156	941
7157	273
7158	111
7159	489
7160	883
7161	545
7162	57
7163	226
7164	446
7165	15
7166	939
7167	991
7168	387
7169	822
7170	767
7171	17
7172	117
7173	946
7174	978
7175	719
7176	827
7177	11
7178	724
7179	821
7180	486
7181	636
7182	529
7183	125
7184	701
7185	291
7186	114
7187	653
7188	267
7189	265
7190	258
7191	948
7192	194
7193	33
7194	883
7195	455
7196	815
7197	423
7198	661
7199	240
7200	998
7201	676
7202	946
7203	707
7204	936
7205	401
7206	789
7207	993
7208	665
7209	230
7210	128
7211	773
7212	847
7213	132
7214	643
7215	357
7216	603
7217	957
7218	381
7219	125
7220	82
7221	216
7222	444
7223	136
7224	100
7225	27
7226	135
7227	626
7228	47
7229	649
7230	361
7231	785
7232	50
7233	247
7234	177
7235	770
7236	873
7237	937
7238	561
7239	388
7240	334
7241	174
7242	857
7243	793
7244	251
7245	301
7246	473
7247	304
7248	398
7249	987
7250	412
7251	928
7252	736
7253	592
7254	959
7255	528
7256	633
7257	397
7258	825
7259	430
7260	635
7261	450
7262	763
7263	802
7264	124
7265	939
7266	732
7267	327
7268	825
7269	693
7270	791
7271	237
7272	169
7273	648
7274	622
7275	896
7276	855
7277	901
7278	217
7279	703
7280	200
7281	914
7282	412
7283	322
7284	101
7285	422
7286	30
7287	246
7288	516
7289	804
7290	878
7291	227
7292	433
7293	585
7294	653
7295	352
7296	556
7297	915
7298	618
7299	909
7300	810
7301	323
7302	562
7303	494
7304	347
7305	846
7306	281
7307	360
7308	508
7309	428
7310	133
7311	193
7312	45
7313	223
7314	587
7315	475
7316	927
7317	149
7318	174
7319	524
7320	544
7321	833
7322	318
7323	943
7324	476
7325	568
7326	269
7327	539
7328	420
7329	358
7330	539
7331	467
7332	852
7333	505
7334	707
7335	646
7336	542
7337	217
7338	938
7339	375
7340	96
7341	227
7342	299
7343	113
7344	205
7345	205
7346	557
7347	587
7348	423
7349	354
7350	382
7351	677
7352	625
7353	265
7354	291
7355	177
7356	87
7357	833
7358	535
7359	685
7360	257
7361	549
7362	823
7363	54
7364	164
7365	522
7366	980
7367	233
7368	419
7369	732
7370	62
7371	171
7372	397
7373	378
7374	449
7375	608
7376	477
7377	880
7378	865
7379	941
7380	161
7381	815
7382	379
7383	840
7384	875
7385	974
7386	352
7387	861
7388	560
7389	900
7390	641
7391	929
7392	47
7393	254
7394	715
7395	911
7396	83
7397	390
7398	632
7399	478
7400	467
7401	124
7402	963
7403	10
7404	831
7405	752
7406	365
7407	443
7408	943
7409	428
7410	167
7411	566
7412	182
7413	381
7414	611
7415	132
7416	341
7417	62
7418	466
7419	289
7420	89
7421	955
7422	383
7423	867
7424	884
7425	784
7426	509
7427	360
7428	353
7429	97
7430	911
7431	582
7432	710
7433	382
7434	506
7435	640
7436	595
7437	775
7438	329
7439	28
7440	707
7441	566
7442	463
7443	897
7444	552
7445	155
7446	450
7447	608
7448	767
7449	458
7450	288
7451	611
7452	242
7453	426
7454	841
7455	642
7456	921
7457	439
7458	109
7459	877
7460	147
7461	406
7462	75
7463	65
7464	743
7465	289
7466	83
7467	691
7468	700
7469	397
7470	166
7471	214
7472	87
7473	568
7474	86
7475	76
7476	983
7477	558
7478	40
7479	698
7480	59
7481	874
7482	177
7483	685
7484	713
7485	965
7486	912
7487	48
7488	943
7489	599
7490	426
7491	141
7492	361
7493	770
7494	229
7495	735
7496	611
7497	241
7498	752
7499	436
7500	471
7501	764
7502	329
7503	344
7504	786
7505	214
7506	675
7507	174
7508	975
7509	713
7510	373
7511	374
7512	702
7513	255
7514	485
7515	483
7516	668
7517	483
7518	96
7519	104
7520	259
7521	206
7522	211
7523	205
7524	747
7525	801
7526	744
7527	840
7528	58
7529	19
7530	859
7531	527
7532	893
7533	147
7534	568
7535	985
7536	599
7537	275
7538	912
7539	109
7540	991
7541	631
7542	65
7543	752
7544	946
7545	396
7546	599
7547	717
7548	252
7549	505
7550	116
7551	644
7552	245
7553	901
7554	681
7555	624
7556	296
7557	814
7558	517
7559	719
7560	583
7561	924
7562	587
7563	164
7564	438
7565	470
7566	658
7567	966
7568	957
7569	60
7570	286
7571	489
7572	192
7573	745
7574	263
7575	573
7576	938
7577	282
7578	217
7579	170
7580	762
7581	609
7582	903
7583	379
7584	180
7585	556
7586	626
7587	785
7588	377
7589	983
7590	682
7591	653
7592	922
7593	872
7594	80
7595	141
7596	707
7597	189
7598	683
7599	92
7600	99
7601	416
7602	512
7603	105
7604	159
7605	305
7606	326
7607	980
7608	537
7609	479
7610	379
7611	120
7612	35
7613	254
7614	366
7615	905
7616	732
7617	432
7618	299
7619	73
7620	244
7621	570
7622	318
7623	301
7624	290
7625	768
7626	536
7627	366
7628	595
7629	729
7630	410
7631	113
7632	62
7633	814
7634	145
7635	372
7636	223
7637	45
7638	623
7639	245
7640	196
7641	235
7642	790
7643	538
7644	372
7645	560
7646	409
7647	306
7648	734
7649	727
7650	740
7651	305
7652	246
7653	701
7654	526
7655	234
7656	984
7657	879
7658	852
7659	293
7660	268
7661	270
7662	200
7663	486
7664	293
7665	907
7666	706
7667	438
7668	758
7669	737
7670	83
7671	749
7672	453
7673	667
7674	861
7675	405
7676	772
7677	605
7678	896
7679	599
7680	613
7681	844
7682	990
7683	48
7684	367
7685	298
7686	522
7687	122
7688	933
7689	564
7690	213
7691	748
7692	600
7693	101
7694	17
7695	309
7696	135
7697	128
7698	66
7699	247
7700	69
7701	84
7702	861
7703	961
7704	532
7705	670
7706	993
7707	691
7708	715
7709	604
7710	846
7711	823
7712	102
7713	914
7714	641
7715	124
7716	541
7717	497
7718	108
7719	978
7720	447
7721	876
7722	186
7723	742
7724	533
7725	297
7726	970
7727	997
7728	795
7729	773
7730	319
7731	194
7732	229
7733	342
7734	817
7735	664
7736	506
7737	881
7738	663
7739	567
7740	144
7741	598
7742	447
7743	996
7744	628
7745	131
7746	275
7747	17
7748	251
7749	250
7750	107
7751	109
7752	905
7753	614
7754	882
7755	647
7756	790
7757	50
7758	982
7759	267
7760	355
7761	209
7762	921
7763	829
7764	570
7765	431
7766	48
7767	91
7768	582
7769	369
7770	704
7771	234
7772	99
7773	80
7774	411
7775	624
7776	986
7777	288
7778	307
7779	504
7780	890
7781	412
7782	261
7783	18
7784	809
7785	204
7786	589
7787	339
7788	566
7789	192
7790	922
7791	727
7792	138
7793	434
7794	380
7795	139
7796	126
7797	746
7798	179
7799	421
7800	981
7801	395
7802	405
7803	953
7804	539
7805	66
7806	150
7807	160
7808	665
7809	186
7810	696
7811	158
7812	484
7813	990
7814	46
7815	114
7816	603
7817	17
7818	348
7819	743
7820	568
7821	470
7822	902
7823	879
7824	159
7825	818
7826	56
7827	775
7828	599
7829	379
7830	883
7831	173
7832	926
7833	887
7834	794
7835	793
7836	800
7837	162
7838	238
7839	975
7840	416
7841	207
7842	34
7843	64
7844	83
7845	934
7846	910
7847	394
7848	899
7849	574
7850	132
7851	346
7852	18
7853	991
7854	102
7855	704
7856	985
7857	277
7858	649
7859	998
7860	455
7861	116
7862	41
7863	872
7864	199
7865	33
7866	753
7867	456
7868	206
7869	51
7870	718
7871	361
7872	576
7873	721
7874	469
7875	424
7876	528
7877	996
7878	533
7879	800
7880	559
7881	162
7882	960
7883	58
7884	15
7885	408
7886	626
7887	566
7888	616
7889	448
7890	816
7891	527
7892	437
7893	809
7894	50
7895	702
7896	797
7897	451
7898	307
7899	856
7900	332
7901	934
7902	723
7903	878
7904	593
7905	753
7906	118
7907	421
7908	996
7909	220
7910	398
7911	677
7912	69
7913	275
7914	578
7915	77
7916	856
7917	244
7918	34
7919	839
7920	745
7921	472
7922	350
7923	984
7924	201
7925	597
7926	937
7927	392
7928	266
7929	648
7930	709
7931	879
7932	490
7933	495
7934	879
7935	885
7936	260
7937	389
7938	222
7939	864
7940	786
7941	445
7942	430
7943	818
7944	802
7945	548
7946	45
7947	143
7948	760
7949	26
7950	771
7951	776
7952	117
7953	711
7954	531
7955	460
7956	441
7957	369
7958	604
7959	67
7960	976
7961	983
7962	809
7963	756
7964	797
7965	691
7966	82
7967	398
7968	184
7969	476
7970	787
7971	196
7972	903
7973	486
7974	14
7975	681
7976	663
7977	518
7978	906
7979	711
7980	438
7981	536
7982	356
7983	104
7984	245
7985	37
7986	144
7987	500
7988	83
7989	158
7990	707
7991	408
7992	184
7993	861
7994	113
7995	662
7996	457
7997	159
7998	15
7999	998
8000	978
8001	116
8002	75
8003	205
8004	966
8005	299
8006	932
8007	162
8008	478
8009	793
8010	393
8011	588
8012	158
8013	833
8014	454
8015	834
8016	200
8017	87
8018	534
8019	269
8020	956
8021	806
8022	837
8023	711
8024	987
8025	518
8026	109
8027	975
8028	652
8029	437
8030	78
8031	286
8032	710
8033	358
8034	400
8035	154
8036	856
8037	777
8038	843
8039	496
8040	821
8041	141
8042	989
8043	433
8044	669
8045	436
8046	653
8047	913
8048	784
8049	115
8050	394
8051	172
8052	605
8053	523
8054	326
8055	281
8056	106
8057	986
8058	406
8059	729
8060	664
8061	754
8062	55
8063	179
8064	974
8065	748
8066	940
8067	615
8068	670
8069	647
8070	559
8071	814
8072	676
8073	908
8074	189
8075	738
8076	580
8077	218
8078	247
8079	965
8080	750
8081	789
8082	585
8083	580
8084	488
8085	670
8086	232
8087	670
8088	513
8089	715
8090	72
8091	694
8092	590
8093	710
8094	125
8095	851
8096	315
8097	90
8098	824
8099	669
8100	455
8101	883
8102	870
8103	753
8104	403
8105	460
8106	567
8107	727
8108	577
8109	542
8110	560
8111	884
8112	430
8113	569
8114	660
8115	104
8116	354
8117	503
8118	76
8119	363
8120	895
8121	276
8122	700
8123	693
8124	254
8125	421
8126	692
8127	587
8128	255
8129	948
8130	115
8131	847
8132	232
8133	283
8134	304
8135	700
8136	584
8137	834
8138	36
8139	650
8140	126
8141	94
8142	421
8143	614
8144	377
8145	36
8146	475
8147	854
8148	68
8149	150
8150	706
8151	216
8152	58
8153	762
8154	831
8155	555
8156	756
8157	638
8158	544
8159	95
8160	644
8161	550
8162	186
8163	434
8164	789
8165	539
8166	247
8167	172
8168	237
8169	476
8170	443
8171	34
8172	28
8173	863
8174	110
8175	681
8176	478
8177	784
8178	435
8179	382
8180	492
8181	463
8182	914
8183	343
8184	944
8185	353
8186	21
8187	253
8188	235
8189	336
8190	779
8191	859
8192	675
8193	280
8194	996
8195	509
8196	807
8197	492
8198	113
8199	760
8200	809
8201	216
8202	312
8203	328
8204	427
8205	945
8206	426
8207	969
8208	29
8209	383
8210	883
8211	504
8212	931
8213	221
8214	185
8215	826
8216	871
8217	436
8218	194
8219	712
8220	192
8221	208
8222	125
8223	14
8224	125
8225	580
8226	728
8227	361
8228	692
8229	867
8230	866
8231	281
8232	616
8233	241
8234	965
8235	533
8236	715
8237	430
8238	331
8239	236
8240	262
8241	714
8242	128
8243	831
8244	575
8245	105
8246	150
8247	812
8248	193
8249	967
8250	808
8251	832
8252	81
8253	669
8254	974
8255	65
8256	315
8257	575
8258	257
8259	628
8260	758
8261	178
8262	565
8263	395
8264	25
8265	418
8266	765
8267	191
8268	827
8269	67
8270	603
8271	809
8272	900
8273	498
8274	524
8275	262
8276	468
8277	61
8278	285
8279	436
8280	168
8281	441
8282	221
8283	127
8284	488
8285	805
8286	875
8287	273
8288	350
8289	941
8290	70
8291	803
8292	181
8293	119
8294	245
8295	490
8296	45
8297	517
8298	746
8299	318
8300	470
8301	125
8302	130
8303	156
8304	149
8305	201
8306	316
8307	27
8308	567
8309	465
8310	242
8311	135
8312	417
8313	950
8314	761
8315	548
8316	515
8317	751
8318	680
8319	908
8320	990
8321	599
8322	38
8323	496
8324	201
8325	145
8326	836
8327	81
8328	774
8329	831
8330	351
8331	799
8332	737
8333	961
8334	183
8335	511
8336	611
8337	48
8338	473
8339	821
8340	296
8341	645
8342	381
8343	825
8344	458
8345	20
8346	200
8347	70
8348	773
8349	59
8350	130
8351	56
8352	836
8353	604
8354	553
8355	999
8356	175
8357	554
8358	509
8359	338
8360	180
8361	698
8362	592
8363	677
8364	685
8365	804
8366	353
8367	417
8368	805
8369	516
8370	253
8371	503
8372	129
8373	207
8374	20
8375	466
8376	822
8377	412
8378	792
8379	306
8380	599
8381	482
8382	191
8383	317
8384	155
8385	884
8386	574
8387	710
8388	850
8389	693
8390	881
8391	280
8392	665
8393	395
8394	291
8395	848
8396	252
8397	195
8398	479
8399	372
8400	529
8401	873
8402	820
8403	738
8404	728
8405	684
8406	831
8407	400
8408	316
8409	761
8410	752
8411	937
8412	866
8413	797
8414	750
8415	155
8416	961
8417	206
8418	998
8419	755
8420	487
8421	718
8422	785
8423	997
8424	118
8425	943
8426	736
8427	738
8428	128
8429	682
8430	177
8431	288
8432	744
8433	213
8434	581
8435	338
8436	138
8437	97
8438	15
8439	162
8440	811
8441	214
8442	340
8443	249
8444	30
8445	987
8446	113
8447	70
8448	891
8449	874
8450	987
8451	515
8452	177
8453	459
8454	874
8455	589
8456	651
8457	342
8458	441
8459	358
8460	33
8461	256
8462	411
8463	164
8464	463
8465	483
8466	534
8467	522
8468	427
8469	711
8470	513
8471	86
8472	238
8473	745
8474	269
8475	307
8476	727
8477	444
8478	756
8479	363
8480	162
8481	812
8482	599
8483	380
8484	42
8485	843
8486	740
8487	94
8488	839
8489	594
8490	307
8491	296
8492	885
8493	880
8494	674
8495	489
8496	51
8497	136
8498	359
8499	831
8500	489
8501	783
8502	114
8503	297
8504	38
8505	692
8506	869
8507	412
8508	686
8509	581
8510	42
8511	849
8512	343
8513	283
8514	339
8515	344
8516	657
8517	450
8518	920
8519	137
8520	684
8521	266
8522	866
8523	158
8524	434
8525	867
8526	198
8527	916
8528	533
8529	659
8530	555
8531	37
8532	279
8533	502
8534	546
8535	570
8536	836
8537	823
8538	504
8539	153
8540	144
8541	473
8542	60
8543	82
8544	367
8545	942
8546	92
8547	882
8548	311
8549	563
8550	403
8551	646
8552	983
8553	806
8554	19
8555	894
8556	688
8557	339
8558	708
8559	641
8560	402
8561	758
8562	270
8563	570
8564	125
8565	831
8566	438
8567	540
8568	676
8569	636
8570	684
8571	633
8572	499
8573	873
8574	459
8575	495
8576	198
8577	706
8578	901
8579	652
8580	460
8581	403
8582	992
8583	200
8584	564
8585	382
8586	688
8587	616
8588	894
8589	457
8590	341
8591	19
8592	323
8593	456
8594	195
8595	123
8596	576
8597	696
8598	335
8599	772
8600	290
8601	252
8602	531
8603	445
8604	654
8605	261
8606	498
8607	170
8608	752
8609	775
8610	202
8611	444
8612	83
8613	852
8614	237
8615	431
8616	797
8617	487
8618	147
8619	236
8620	338
8621	871
8622	991
8623	927
8624	376
8625	753
8626	142
8627	634
8628	294
8629	943
8630	486
8631	226
8632	44
8633	472
8634	905
8635	714
8636	448
8637	255
8638	916
8639	433
8640	576
8641	536
8642	783
8643	986
8644	224
8645	348
8646	140
8647	142
8648	53
8649	65
8650	153
8651	627
8652	549
8653	843
8654	864
8655	432
8656	257
8657	346
8658	721
8659	489
8660	430
8661	700
8662	800
8663	522
8664	947
8665	497
8666	858
8667	919
8668	779
8669	99
8670	179
8671	78
8672	665
8673	662
8674	334
8675	59
8676	388
8677	258
8678	466
8679	430
8680	388
8681	415
8682	741
8683	691
8684	494
8685	580
8686	477
8687	41
8688	918
8689	768
8690	671
8691	139
8692	116
8693	504
8694	498
8695	662
8696	304
8697	746
8698	781
8699	826
8700	915
8701	499
8702	442
8703	462
8704	103
8705	38
8706	669
8707	305
8708	184
8709	434
8710	894
8711	521
8712	217
8713	601
8714	961
8715	803
8716	92
8717	283
8718	791
8719	338
8720	257
8721	670
8722	277
8723	836
8724	405
8725	809
8726	921
8727	524
8728	341
8729	370
8730	846
8731	119
8732	420
8733	498
8734	953
8735	199
8736	819
8737	876
8738	490
8739	504
8740	749
8741	299
8742	649
8743	635
8744	200
8745	661
8746	102
8747	239
8748	677
8749	407
8750	919
8751	310
8752	156
8753	510
8754	446
8755	949
8756	335
8757	321
8758	112
8759	760
8760	590
8761	850
8762	196
8763	186
8764	254
8765	739
8766	188
8767	728
8768	205
8769	729
8770	909
8771	510
8772	510
8773	10
8774	47
8775	521
8776	72
8777	268
8778	911
8779	971
8780	908
8781	632
8782	850
8783	871
8784	624
8785	334
8786	928
8787	242
8788	443
8789	610
8790	465
8791	578
8792	270
8793	331
8794	347
8795	633
8796	550
8797	744
8798	279
8799	490
8800	770
8801	616
8802	451
8803	549
8804	643
8805	218
8806	497
8807	72
8808	757
8809	250
8810	435
8811	489
8812	517
8813	27
8814	777
8815	200
8816	350
8817	48
8818	148
8819	749
8820	378
8821	650
8822	220
8823	830
8824	272
8825	970
8826	428
8827	925
8828	553
8829	610
8830	367
8831	967
8832	724
8833	48
8834	825
8835	320
8836	906
8837	922
8838	490
8839	561
8840	407
8841	548
8842	668
8843	893
8844	496
8845	892
8846	480
8847	221
8848	196
8849	704
8850	114
8851	757
8852	18
8853	601
8854	990
8855	38
8856	287
8857	97
8858	590
8859	713
8860	181
8861	677
8862	176
8863	340
8864	606
8865	237
8866	207
8867	367
8868	211
8869	893
8870	930
8871	36
8872	665
8873	36
8874	887
8875	90
8876	239
8877	921
8878	276
8879	923
8880	233
8881	360
8882	70
8883	231
8884	613
8885	471
8886	136
8887	679
8888	490
8889	318
8890	221
8891	335
8892	766
8893	662
8894	422
8895	992
8896	743
8897	148
8898	255
8899	293
8900	454
8901	158
8902	510
8903	220
8904	921
8905	711
8906	880
8907	236
8908	19
8909	908
8910	37
8911	871
8912	700
8913	842
8914	175
8915	351
8916	526
8917	102
8918	156
8919	485
8920	345
8921	469
8922	374
8923	995
8924	510
8925	730
8926	580
8927	664
8928	898
8929	745
8930	633
8931	237
8932	226
8933	83
8934	436
8935	651
8936	807
8937	870
8938	718
8939	275
8940	425
8941	792
8942	762
8943	424
8944	474
8945	180
8946	854
8947	617
8948	900
8949	963
8950	944
8951	933
8952	981
8953	563
8954	12
8955	175
8956	980
8957	49
8958	421
8959	433
8960	642
8961	88
8962	348
8963	170
8964	685
8965	569
8966	177
8967	356
8968	582
8969	569
8970	528
8971	772
8972	218
8973	352
8974	273
8975	236
8976	453
8977	899
8978	299
8979	965
8980	978
8981	359
8982	153
8983	745
8984	722
8985	451
8986	419
8987	572
8988	408
8989	245
8990	870
8991	300
8992	928
8993	585
8994	446
8995	489
8996	334
8997	797
8998	588
8999	636
9000	860
9001	43
9002	758
9003	755
9004	32
9005	106
9006	350
9007	491
9008	479
9009	13
9010	510
9011	453
9012	371
9013	318
9014	186
9015	646
9016	130
9017	603
9018	469
9019	408
9020	997
9021	412
9022	732
9023	709
9024	447
9025	169
9026	651
9027	423
9028	962
9029	51
9030	47
9031	528
9032	210
9033	498
9034	481
9035	915
9036	553
9037	939
9038	91
9039	371
9040	198
9041	822
9042	597
9043	966
9044	882
9045	970
9046	528
9047	58
9048	209
9049	557
9050	51
9051	249
9052	65
9053	978
9054	649
9055	583
9056	122
9057	580
9058	344
9059	703
9060	507
9061	106
9062	917
9063	304
9064	29
9065	839
9066	144
9067	800
9068	599
9069	956
9070	705
9071	240
9072	383
9073	466
9074	600
9075	560
9076	434
9077	687
9078	657
9079	101
9080	211
9081	486
9082	293
9083	93
9084	144
9085	108
9086	946
9087	311
9088	399
9089	562
9090	402
9091	97
9092	63
9093	775
9094	125
9095	627
9096	359
9097	727
9098	365
9099	387
9100	560
9101	962
9102	482
9103	100
9104	273
9105	282
9106	491
9107	723
9108	400
9109	515
9110	179
9111	514
9112	492
9113	425
9114	71
9115	103
9116	934
9117	956
9118	773
9119	253
9120	733
9121	221
9122	468
9123	150
9124	766
9125	972
9126	958
9127	831
9128	988
9129	564
9130	245
9131	582
9132	803
9133	242
9134	217
9135	754
9136	328
9137	817
9138	785
9139	326
9140	103
9141	517
9142	636
9143	896
9144	13
9145	639
9146	197
9147	519
9148	313
9149	558
9150	39
9151	239
9152	788
9153	200
9154	66
9155	837
9156	977
9157	853
9158	55
9159	772
9160	435
9161	873
9162	624
9163	199
9164	472
9165	964
9166	787
9167	265
9168	997
9169	839
9170	312
9171	504
9172	747
9173	407
9174	576
9175	823
9176	876
9177	641
9178	926
9179	262
9180	965
9181	461
9182	669
9183	526
9184	860
9185	138
9186	80
9187	452
9188	162
9189	569
9190	575
9191	817
9192	213
9193	593
9194	913
9195	770
9196	175
9197	909
9198	288
9199	50
9200	970
9201	809
9202	551
9203	190
9204	483
9205	12
9206	209
9207	328
9208	576
9209	344
9210	211
9211	662
9212	325
9213	976
9214	745
9215	776
9216	51
9217	852
9218	160
9219	271
9220	107
9221	96
9222	556
9223	461
9224	45
9225	706
9226	878
9227	892
9228	108
9229	754
9230	162
9231	315
9232	339
9233	436
9234	186
9235	607
9236	885
9237	73
9238	327
9239	236
9240	190
9241	849
9242	131
9243	941
9244	982
9245	341
9246	849
9247	499
9248	595
9249	857
9250	464
9251	581
9252	951
9253	626
9254	523
9255	18
9256	344
9257	834
9258	941
9259	405
9260	90
9261	674
9262	979
9263	193
9264	283
9265	709
9266	194
9267	405
9268	598
9269	892
9270	903
9271	888
9272	292
9273	432
9274	199
9275	807
9276	451
9277	268
9278	313
9279	481
9280	45
9281	564
9282	309
9283	492
9284	483
9285	98
9286	146
9287	948
9288	590
9289	184
9290	505
9291	31
9292	975
9293	619
9294	279
9295	86
9296	735
9297	998
9298	143
9299	748
9300	400
9301	316
9302	881
9303	726
9304	918
9305	84
9306	832
9307	743
9308	409
9309	568
9310	724
9311	730
9312	490
9313	820
9314	162
9315	13
9316	152
9317	202
9318	289
9319	353
9320	25
9321	371
9322	743
9323	955
9324	53
9325	786
9326	864
9327	786
9328	502
9329	625
9330	66
9331	55
9332	387
9333	473
9334	624
9335	188
9336	149
9337	274
9338	626
9339	485
9340	247
9341	164
9342	324
9343	392
9344	685
9345	216
9346	548
9347	948
9348	469
9349	589
9350	44
9351	928
9352	178
9353	711
9354	454
9355	848
9356	702
9357	819
9358	353
9359	845
9360	325
9361	458
9362	485
9363	678
9364	647
9365	968
9366	593
9367	517
9368	706
9369	336
9370	821
9371	162
9372	186
9373	36
9374	620
9375	134
9376	272
9377	590
9378	342
9379	163
9380	157
9381	587
9382	148
9383	237
9384	812
9385	339
9386	342
9387	723
9388	180
9389	198
9390	103
9391	625
9392	469
9393	68
9394	79
9395	276
9396	989
9397	831
9398	715
9399	949
9400	311
9401	968
9402	605
9403	607
9404	596
9405	688
9406	915
9407	548
9408	760
9409	421
9410	875
9411	487
9412	538
9413	11
9414	400
9415	394
9416	660
9417	716
9418	367
9419	328
9420	590
9421	325
9422	337
9423	635
9424	265
9425	849
9426	421
9427	74
9428	204
9429	785
9430	923
9431	721
9432	950
9433	442
9434	597
9435	383
9436	970
9437	558
9438	91
9439	56
9440	783
9441	369
9442	525
9443	116
9444	784
9445	548
9446	485
9447	41
9448	487
9449	117
9450	566
9451	388
9452	946
9453	866
9454	786
9455	604
9456	102
9457	736
9458	437
9459	797
9460	317
9461	404
9462	403
9463	438
9464	911
9465	850
9466	143
9467	903
9468	59
9469	819
9470	195
9471	719
9472	985
9473	663
9474	71
9475	643
9476	398
9477	292
9478	740
9479	783
9480	69
9481	381
9482	888
9483	330
9484	537
9485	763
9486	404
9487	767
9488	417
9489	824
9490	902
9491	637
9492	473
9493	548
9494	997
9495	348
9496	778
9497	144
9498	798
9499	342
9500	603
9501	238
9502	426
9503	670
9504	218
9505	743
9506	500
9507	529
9508	480
9509	737
9510	386
9511	879
9512	458
9513	696
9514	537
9515	874
9516	219
9517	431
9518	608
9519	915
9520	167
9521	629
9522	640
9523	687
9524	764
9525	683
9526	389
9527	945
9528	117
9529	160
9530	666
9531	580
9532	383
9533	389
9534	851
9535	398
9536	366
9537	648
9538	705
9539	257
9540	326
9541	981
9542	655
9543	416
9544	157
9545	679
9546	287
9547	126
9548	155
9549	703
9550	679
9551	668
9552	225
9553	286
9554	780
9555	536
9556	638
9557	484
9558	342
9559	473
9560	194
9561	422
9562	859
9563	974
9564	731
9565	927
9566	488
9567	601
9568	514
9569	695
9570	497
9571	856
9572	751
9573	423
9574	428
9575	666
9576	554
9577	380
9578	354
9579	479
9580	437
9581	986
9582	635
9583	482
9584	311
9585	301
9586	716
9587	339
9588	323
9589	288
9590	759
9591	708
9592	366
9593	22
9594	832
9595	208
9596	375
9597	253
9598	160
9599	29
9600	730
9601	924
9602	529
9603	246
9604	758
9605	559
9606	735
9607	86
9608	311
9609	681
9610	239
9611	97
9612	132
9613	97
9614	226
9615	907
9616	843
9617	328
9618	141
9619	968
9620	789
9621	888
9622	872
9623	725
9624	493
9625	121
9626	895
9627	795
9628	804
9629	110
9630	710
9631	745
9632	132
9633	821
9634	625
9635	772
9636	931
9637	413
9638	769
9639	327
9640	988
9641	621
9642	69
9643	170
9644	197
9645	273
9646	458
9647	601
9648	318
9649	440
9650	715
9651	735
9652	788
9653	178
9654	122
9655	925
9656	988
9657	674
9658	519
9659	892
9660	918
9661	722
9662	49
9663	497
9664	622
9665	775
9666	944
9667	700
9668	167
9669	971
9670	786
9671	978
9672	636
9673	56
9674	955
9675	708
9676	870
9677	998
9678	242
9679	519
9680	568
9681	443
9682	921
9683	100
9684	348
9685	41
9686	215
9687	984
9688	969
9689	741
9690	859
9691	634
9692	243
9693	843
9694	412
9695	428
9696	936
9697	853
9698	560
9699	861
9700	134
9701	280
9702	480
9703	351
9704	608
9705	241
9706	883
9707	217
9708	935
9709	943
9710	525
9711	908
9712	622
9713	690
9714	463
9715	972
9716	360
9717	193
9718	941
9719	146
9720	974
9721	942
9722	100
9723	723
9724	327
9725	244
9726	583
9727	894
9728	326
9729	318
9730	869
9731	206
9732	96
9733	520
9734	274
9735	849
9736	332
9737	836
9738	532
9739	755
9740	384
9741	618
9742	574
9743	526
9744	426
9745	936
9746	829
9747	127
9748	697
9749	280
9750	136
9751	345
9752	818
9753	591
9754	935
9755	704
9756	852
9757	166
9758	317
9759	732
9760	476
9761	397
9762	461
9763	575
9764	441
9765	789
9766	84
9767	566
9768	353
9769	775
9770	655
9771	39
9772	989
9773	270
9774	755
9775	544
9776	92
9777	701
9778	535
9779	991
9780	362
9781	809
9782	265
9783	786
9784	17
9785	928
9786	969
9787	376
9788	850
9789	277
9790	617
9791	484
9792	218
9793	874
9794	759
9795	369
9796	555
9797	873
9798	986
9799	363
9800	275
9801	510
9802	480
9803	804
9804	366
9805	465
9806	433
9807	768
9808	103
9809	632
9810	400
9811	720
9812	138
9813	464
9814	358
9815	296
9816	300
9817	71
9818	204
9819	886
9820	575
9821	530
9822	364
9823	156
9824	363
9825	911
9826	161
9827	410
9828	435
9829	630
9830	396
9831	155
9832	15
9833	191
9834	547
9835	288
9836	794
9837	896
9838	389
9839	554
9840	11
9841	435
9842	526
9843	595
9844	322
9845	170
9846	496
9847	53
9848	782
9849	983
9850	364
9851	56
9852	563
9853	505
9854	687
9855	927
9856	344
9857	634
9858	923
9859	684
9860	610
9861	454
9862	57
9863	758
9864	904
9865	220
9866	613
9867	933
9868	618
9869	877
9870	356
9871	944
9872	71
9873	769
9874	386
9875	634
9876	976
9877	566
9878	554
9879	221
9880	168
9881	281
9882	503
9883	264
9884	358
9885	686
9886	735
9887	419
9888	27
9889	10
9890	585
9891	361
9892	862
9893	329
9894	609
9895	900
9896	207
9897	710
9898	34
9899	216
9900	415
9901	46
9902	79
9903	604
9904	380
9905	720
9906	519
9907	684
9908	228
9909	296
9910	617
9911	920
9912	541
9913	938
9914	302
9915	647
9916	361
9917	240
9918	200
9919	815
9920	253
9921	473
9922	98
9923	579
9924	208
9925	950
9926	57
9927	774
9928	343
9929	339
9930	123
9931	710
9932	659
9933	758
9934	451
9935	912
9936	978
9937	232
9938	391
9939	569
9940	28
9941	572
9942	597
9943	80
9944	352
9945	884
9946	632
9947	878
9948	379
9949	677
9950	165
9951	636
9952	639
9953	868
9954	460
9955	605
9956	643
9957	465
9958	596
9959	761
9960	618
9961	55
9962	87
9963	257
9964	282
9965	776
9966	249
9967	881
9968	430
9969	91
9970	840
9971	793
9972	70
9973	657
9974	532
9975	572
9976	874
9977	555
9978	921
9979	157
9980	310
9981	79
9982	814
9983	368
9984	66
9985	107
9986	204
9987	721
9988	268
9989	211
9990	528
9991	754
9992	705
9993	243
9994	883
9995	403
9996	596
9997	532
9998	868
9999	244
10000	329
Classes	200
Teachers	100
1	94
2	72
3	32
4	15
5	62
6	8
7	37
8	88
9	19
10	71
11	84
12	49
13	14
14	43
15	65
16	36
17	8
18	21
19	46
20	6
21	13
22	48
23	59
24	49
25	75
26	66
27	88
28	21
29	69
30	71
31	29
32	37
33	79
34	6
35	83
36	61
37	91
38	70
39	89
40	79
41	24
42	100
43	31
44	20
45	83
46	17
47	44
48	80
49	45
50	46
51	61
52	5
53	24
54	65
55	7
56	78
57	33
58	11
59	25
60	39
61	54
62	1
63	29
64	57
65	50
66	14
67	28
68	5
69	34
70	4
71	85
72	51
73	87
74	86
75	64
76	74
77	56
78	15
79	55
80	63
81	16
82	34
83	89
84	40
85	63
86	70
87	50
88	85
89	40
90	16
91	91
92	4
93	96
94	55
95	72
96	75
97	99
98	25
99	66
100	17
101	73
102	81
103	10
104	76
105	13
106	86
107	93
108	48
109	39
110	67
111	7
112	45
113	80
114	53
115	2
116	2
117	56
118	100
119	84
120	93
121	28
122	95
123	92
124	58
125	10
126	18
127	98
128	41
129	12
130	30
131	27
132	96
133	3
134	32
135	9
136	97
137	41
138	44
139	95
140	31
141	68
142	42
143	98
144	54
145	52
146	43
147	51
148	67
149	57
150	90
151	94
152	20
153	59
154	23
155	90
156	38
157	35
158	38
159	81
160	74
161	26
162	22
163	69
164	12
165	30
166	3
167	62
168	97
169	36
170	87
171	42
172	19
173	23
174	58
175	92
176	99
177	33
178	47
179	68
180	47
181	35
182	78
183	26
184	60
185	76
186	82
187	77
188	27
189	77
190	64
191	9
192	11
193	73
194	22
195	60
196	53
197	52
198	18
199	1
200	82
