Class Times	20
Rooms	10000
1	916
2	52
3	176
4	353
5	838
6	398
7	598
8	626
9	927
10	253
11	880
12	707
13	109
14	156
15	978
16	120
17	308
18	496
19	955
20	627
21	684
22	195
23	295
24	537
25	898
26	959
27	211
28	585
29	976
30	194
31	449
32	635
33	305
34	20
35	462
36	441
37	597
38	693
39	189
40	502
41	704
42	616
43	133
44	67
45	693
46	517
47	202
48	898
49	423
50	374
51	950
52	640
53	981
54	420
55	890
56	853
57	56
58	123
59	766
60	596
61	631
62	817
63	220
64	491
65	465
66	807
67	655
68	760
69	368
70	516
71	869
72	66
73	107
74	382
75	304
76	734
77	179
78	438
79	277
80	939
81	973
82	632
83	190
84	76
85	786
86	270
87	712
88	281
89	962
90	718
91	18
92	291
93	45
94	358
95	576
96	919
97	659
98	692
99	914
100	523
101	890
102	734
103	914
104	322
105	68
106	711
107	63
108	995
109	550
110	198
111	334
112	920
113	901
114	924
115	673
116	407
117	584
118	306
119	863
120	850
121	196
122	769
123	31
124	687
125	518
126	37
127	648
128	507
129	888
130	359
131	486
132	749
133	563
134	59
135	52
136	985
137	326
138	975
139	624
140	20
141	552
142	165
143	397
144	335
145	907
146	213
147	360
148	833
149	205
150	245
151	780
152	637
153	437
154	975
155	88
156	346
157	934
158	141
159	930
160	497
161	842
162	81
163	261
164	321
165	506
166	313
167	987
168	251
169	931
170	935
171	92
172	378
173	423
174	687
175	843
176	898
177	977
178	263
179	773
180	854
181	150
182	178
183	743
184	828
185	467
186	882
187	350
188	505
189	546
190	377
191	85
192	696
193	586
194	728
195	175
196	245
197	792
198	757
199	644
200	370
201	170
202	938
203	119
204	72
205	377
206	63
207	129
208	26
209	903
210	342
211	765
212	396
213	274
214	991
215	290
216	17
217	654
218	256
219	244
220	961
221	728
222	544
223	145
224	550
225	537
226	218
227	876
228	765
229	218
230	767
231	335
232	682
233	317
234	632
235	604
236	315
237	302
238	13
239	172
240	623
241	323
242	479
243	753
244	973
245	286
246	520
247	953
248	962
249	667
250	220
251	984
252	75
253	247
254	28
255	815
256	932
257	214
258	721
259	236
260	742
261	125
262	482
263	691
264	408
265	894
266	660
267	747
268	856
269	142
270	319
271	89
272	49
273	766
274	876
275	59
276	435
277	569
278	782
279	936
280	617
281	797
282	671
283	837
284	381
285	394
286	581
287	192
288	218
289	227
290	412
291	69
292	782
293	871
294	883
295	665
296	795
297	746
298	888
299	47
300	155
301	490
302	951
303	566
304	347
305	284
306	963
307	740
308	632
309	865
310	58
311	56
312	557
313	443
314	437
315	470
316	489
317	669
318	10
319	434
320	970
321	81
322	936
323	765
324	698
325	368
326	867
327	119
328	179
329	503
330	617
331	691
332	922
333	914
334	315
335	543
336	627
337	982
338	551
339	584
340	754
341	273
342	998
343	584
344	663
345	221
346	640
347	52
348	518
349	364
350	37
351	46
352	17
353	201
354	401
355	181
356	733
357	119
358	674
359	531
360	279
361	978
362	288
363	974
364	712
365	464
366	971
367	571
368	798
369	223
370	627
371	499
372	604
373	48
374	601
375	530
376	331
377	243
378	899
379	489
380	750
381	591
382	122
383	12
384	34
385	764
386	110
387	266
388	80
389	454
390	324
391	383
392	470
393	965
394	217
395	27
396	748
397	858
398	585
399	467
400	334
401	673
402	310
403	85
404	444
405	796
406	192
407	651
408	772
409	31
410	729
411	381
412	946
413	338
414	500
415	513
416	557
417	798
418	778
419	108
420	154
421	294
422	462
423	552
424	305
425	873
426	818
427	485
428	796
429	966
430	259
431	661
432	473
433	59
434	373
435	675
436	871
437	484
438	236
439	928
440	969
441	548
442	691
443	84
444	805
445	890
446	100
447	609
448	603
449	14
450	613
451	673
452	212
453	966
454	176
455	407
456	913
457	811
458	856
459	698
460	386
461	904
462	67
463	819
464	443
465	752
466	949
467	502
468	259
469	708
470	292
471	869
472	660
473	938
474	834
475	494
476	84
477	311
478	700
479	374
480	517
481	919
482	694
483	936
484	695
485	684
486	207
487	959
488	787
489	547
490	151
491	720
492	929
493	392
494	90
495	185
496	111
497	70
498	857
499	324
500	154
501	907
502	645
503	172
504	947
505	345
506	865
507	33
508	867
509	258
510	27
511	56
512	577
513	791
514	339
515	729
516	898
517	999
518	152
519	683
520	343
521	851
522	313
523	798
524	331
525	779
526	540
527	133
528	607
529	388
530	15
531	176
532	302
533	828
534	166
535	236
536	50
537	383
538	572
539	220
540	574
541	870
542	999
543	710
544	807
545	751
546	759
547	937
548	399
549	949
550	73
551	377
552	869
553	772
554	30
555	789
556	375
557	347
558	451
559	524
560	482
561	961
562	506
563	633
564	654
565	850
566	797
567	105
568	540
569	811
570	10
571	527
572	981
573	71
574	990
575	858
576	522
577	751
578	679
579	510
580	764
581	209
582	63
583	695
584	370
585	251
586	262
587	975
588	657
589	216
590	410
591	261
592	735
593	657
594	833
595	166
596	920
597	648
598	341
599	184
600	832
601	796
602	915
603	834
604	65
605	756
606	217
607	560
608	65
609	767
610	251
611	710
612	108
613	824
614	248
615	795
616	635
617	658
618	38
619	832
620	356
621	549
622	886
623	552
624	422
625	206
626	704
627	958
628	163
629	663
630	796
631	380
632	136
633	326
634	961
635	97
636	841
637	595
638	46
639	532
640	293
641	773
642	886
643	253
644	816
645	129
646	740
647	550
648	295
649	761
650	169
651	201
652	398
653	428
654	632
655	488
656	142
657	519
658	990
659	915
660	882
661	940
662	38
663	90
664	541
665	275
666	131
667	636
668	64
669	625
670	621
671	746
672	308
673	984
674	515
675	644
676	212
677	71
678	29
679	905
680	111
681	521
682	535
683	382
684	594
685	913
686	598
687	284
688	68
689	523
690	346
691	74
692	259
693	775
694	34
695	521
696	775
697	630
698	920
699	720
700	843
701	413
702	288
703	15
704	841
705	879
706	605
707	426
708	328
709	779
710	269
711	870
712	183
713	312
714	347
715	699
716	146
717	868
718	973
719	797
720	905
721	958
722	869
723	146
724	748
725	683
726	396
727	944
728	952
729	353
730	860
731	681
732	179
733	121
734	289
735	24
736	944
737	469
738	684
739	618
740	623
741	653
742	115
743	574
744	483
745	57
746	883
747	937
748	49
749	921
750	778
751	801
752	379
753	772
754	526
755	628
756	896
757	229
758	537
759	250
760	985
761	350
762	642
763	308
764	411
765	52
766	361
767	432
768	330
769	352
770	666
771	57
772	893
773	489
774	375
775	960
776	236
777	714
778	312
779	236
780	943
781	202
782	484
783	440
784	580
785	461
786	546
787	916
788	556
789	161
790	32
791	357
792	80
793	149
794	613
795	853
796	535
797	145
798	581
799	400
800	955
801	51
802	579
803	933
804	990
805	258
806	206
807	623
808	623
809	724
810	896
811	862
812	882
813	215
814	251
815	464
816	926
817	971
818	578
819	980
820	191
821	401
822	666
823	69
824	786
825	663
826	988
827	293
828	541
829	921
830	76
831	115
832	403
833	84
834	175
835	272
836	828
837	926
838	174
839	188
840	402
841	757
842	353
843	521
844	439
845	499
846	202
847	707
848	12
849	649
850	898
851	109
852	714
853	361
854	736
855	688
856	270
857	660
858	331
859	147
860	476
861	424
862	975
863	803
864	337
865	342
866	893
867	521
868	174
869	902
870	807
871	859
872	781
873	444
874	554
875	437
876	785
877	438
878	280
879	288
880	896
881	617
882	292
883	160
884	389
885	68
886	942
887	100
888	993
889	307
890	727
891	587
892	644
893	521
894	321
895	784
896	820
897	222
898	775
899	146
900	707
901	487
902	90
903	604
904	241
905	443
906	379
907	985
908	202
909	775
910	158
911	29
912	511
913	272
914	997
915	941
916	180
917	637
918	554
919	587
920	696
921	401
922	329
923	175
924	485
925	298
926	99
927	911
928	796
929	995
930	643
931	355
932	923
933	966
934	324
935	351
936	594
937	442
938	955
939	218
940	403
941	388
942	710
943	650
944	348
945	231
946	404
947	95
948	230
949	614
950	216
951	170
952	792
953	751
954	519
955	732
956	586
957	784
958	259
959	106
960	273
961	43
962	263
963	740
964	244
965	805
966	60
967	897
968	22
969	523
970	998
971	738
972	390
973	690
974	590
975	216
976	272
977	339
978	705
979	958
980	823
981	570
982	971
983	645
984	11
985	195
986	441
987	987
988	386
989	742
990	968
991	279
992	752
993	199
994	815
995	171
996	928
997	345
998	338
999	910
1000	311
1001	443
1002	568
1003	647
1004	121
1005	335
1006	310
1007	229
1008	726
1009	180
1010	361
1011	172
1012	420
1013	598
1014	12
1015	139
1016	510
1017	711
1018	214
1019	308
1020	12
1021	813
1022	705
1023	353
1024	426
1025	55
1026	322
1027	455
1028	363
1029	641
1030	970
1031	498
1032	89
1033	294
1034	879
1035	769
1036	625
1037	528
1038	437
1039	77
1040	955
1041	590
1042	538
1043	91
1044	154
1045	115
1046	487
1047	383
1048	226
1049	294
1050	417
1051	125
1052	774
1053	700
1054	629
1055	672
1056	493
1057	374
1058	336
1059	397
1060	965
1061	890
1062	225
1063	922
1064	276
1065	66
1066	635
1067	903
1068	64
1069	636
1070	350
1071	139
1072	662
1073	737
1074	295
1075	955
1076	449
1077	472
1078	202
1079	480
1080	667
1081	821
1082	364
1083	579
1084	882
1085	761
1086	826
1087	465
1088	302
1089	380
1090	632
1091	552
1092	568
1093	901
1094	397
1095	963
1096	478
1097	599
1098	301
1099	456
1100	111
1101	438
1102	40
1103	168
1104	648
1105	174
1106	799
1107	34
1108	144
1109	965
1110	318
1111	441
1112	942
1113	716
1114	566
1115	817
1116	721
1117	590
1118	843
1119	741
1120	643
1121	246
1122	212
1123	357
1124	408
1125	172
1126	944
1127	323
1128	674
1129	458
1130	928
1131	988
1132	345
1133	605
1134	485
1135	393
1136	950
1137	407
1138	273
1139	231
1140	602
1141	611
1142	871
1143	130
1144	298
1145	628
1146	19
1147	440
1148	359
1149	24
1150	35
1151	251
1152	817
1153	388
1154	167
1155	14
1156	528
1157	18
1158	471
1159	672
1160	776
1161	142
1162	997
1163	263
1164	984
1165	907
1166	130
1167	868
1168	934
1169	553
1170	946
1171	914
1172	451
1173	262
1174	442
1175	55
1176	761
1177	837
1178	664
1179	637
1180	690
1181	121
1182	205
1183	832
1184	881
1185	41
1186	984
1187	692
1188	909
1189	343
1190	152
1191	860
1192	525
1193	237
1194	704
1195	88
1196	571
1197	600
1198	842
1199	572
1200	843
1201	437
1202	785
1203	188
1204	257
1205	584
1206	470
1207	535
1208	461
1209	786
1210	712
1211	542
1212	767
1213	617
1214	141
1215	872
1216	648
1217	544
1218	711
1219	569
1220	903
1221	450
1222	151
1223	663
1224	233
1225	960
1226	294
1227	719
1228	14
1229	517
1230	70
1231	695
1232	351
1233	737
1234	210
1235	179
1236	800
1237	376
1238	849
1239	734
1240	919
1241	231
1242	106
1243	197
1244	740
1245	318
1246	370
1247	135
1248	883
1249	989
1250	435
1251	87
1252	433
1253	418
1254	448
1255	673
1256	880
1257	599
1258	890
1259	135
1260	587
1261	394
1262	390
1263	742
1264	551
1265	675
1266	512
1267	990
1268	393
1269	651
1270	159
1271	37
1272	76
1273	549
1274	787
1275	725
1276	996
1277	913
1278	799
1279	625
1280	273
1281	553
1282	728
1283	72
1284	480
1285	597
1286	617
1287	821
1288	95
1289	288
1290	361
1291	667
1292	368
1293	877
1294	313
1295	812
1296	968
1297	680
1298	431
1299	647
1300	648
1301	140
1302	63
1303	275
1304	263
1305	732
1306	279
1307	215
1308	958
1309	842
1310	647
1311	998
1312	526
1313	123
1314	447
1315	160
1316	400
1317	674
1318	35
1319	992
1320	363
1321	761
1322	586
1323	709
1324	477
1325	765
1326	501
1327	642
1328	13
1329	612
1330	275
1331	533
1332	405
1333	537
1334	469
1335	395
1336	928
1337	458
1338	873
1339	676
1340	27
1341	511
1342	179
1343	867
1344	317
1345	713
1346	366
1347	983
1348	463
1349	810
1350	21
1351	263
1352	253
1353	480
1354	866
1355	698
1356	840
1357	910
1358	147
1359	874
1360	355
1361	974
1362	236
1363	983
1364	79
1365	178
1366	842
1367	891
1368	369
1369	834
1370	253
1371	807
1372	162
1373	528
1374	766
1375	632
1376	335
1377	174
1378	252
1379	707
1380	218
1381	377
1382	463
1383	220
1384	838
1385	592
1386	734
1387	126
1388	810
1389	386
1390	849
1391	100
1392	901
1393	683
1394	310
1395	387
1396	115
1397	438
1398	200
1399	676
1400	35
1401	325
1402	687
1403	827
1404	708
1405	401
1406	815
1407	318
1408	144
1409	558
1410	771
1411	292
1412	119
1413	743
1414	360
1415	954
1416	89
1417	379
1418	799
1419	898
1420	189
1421	301
1422	647
1423	65
1424	634
1425	797
1426	354
1427	282
1428	951
1429	568
1430	289
1431	751
1432	21
1433	238
1434	647
1435	41
1436	792
1437	152
1438	910
1439	870
1440	205
1441	909
1442	819
1443	135
1444	954
1445	704
1446	763
1447	144
1448	472
1449	516
1450	123
1451	730
1452	171
1453	878
1454	501
1455	702
1456	936
1457	838
1458	755
1459	110
1460	53
1461	288
1462	514
1463	309
1464	95
1465	442
1466	51
1467	538
1468	908
1469	413
1470	862
1471	491
1472	661
1473	707
1474	675
1475	473
1476	583
1477	916
1478	745
1479	667
1480	571
1481	790
1482	535
1483	821
1484	723
1485	222
1486	937
1487	369
1488	949
1489	82
1490	266
1491	920
1492	368
1493	731
1494	997
1495	626
1496	830
1497	683
1498	801
1499	651
1500	184
1501	494
1502	29
1503	367
1504	340
1505	612
1506	576
1507	111
1508	367
1509	977
1510	728
1511	502
1512	895
1513	675
1514	550
1515	581
1516	851
1517	234
1518	243
1519	762
1520	345
1521	356
1522	402
1523	720
1524	990
1525	267
1526	363
1527	404
1528	373
1529	57
1530	151
1531	483
1532	756
1533	865
1534	443
1535	488
1536	432
1537	13
1538	166
1539	888
1540	989
1541	557
1542	808
1543	64
1544	645
1545	301
1546	188
1547	705
1548	259
1549	341
1550	646
1551	189
1552	79
1553	934
1554	58
1555	762
1556	241
1557	559
1558	662
1559	873
1560	224
1561	94
1562	165
1563	176
1564	904
1565	648
1566	331
1567	895
1568	469
1569	780
1570	294
1571	556
1572	44
1573	103
1574	499
1575	745
1576	749
1577	333
1578	345
1579	229
1580	926
1581	351
1582	209
1583	449
1584	641
1585	873
1586	657
1587	490
1588	757
1589	569
1590	88
1591	370
1592	712
1593	65
1594	99
1595	335
1596	230
1597	505
1598	335
1599	944
1600	956
1601	887
1602	740
1603	328
1604	795
1605	650
1606	406
1607	109
1608	815
1609	256
1610	194
1611	944
1612	167
1613	43
1614	624
1615	83
1616	289
1617	387
1618	534
1619	468
1620	267
1621	797
1622	755
1623	654
1624	533
1625	843
1626	920
1627	151
1628	541
1629	542
1630	144
1631	33
1632	292
1633	186
1634	292
1635	821
1636	923
1637	235
1638	377
1639	52
1640	381
1641	513
1642	27
1643	837
1644	450
1645	944
1646	725
1647	233
1648	672
1649	746
1650	826
1651	893
1652	215
1653	419
1654	313
1655	719
1656	834
1657	995
1658	666
1659	654
1660	950
1661	638
1662	884
1663	308
1664	312
1665	999
1666	659
1667	795
1668	367
1669	298
1670	554
1671	736
1672	26
1673	89
1674	155
1675	831
1676	794
1677	886
1678	945
1679	844
1680	545
1681	242
1682	612
1683	161
1684	66
1685	702
1686	593
1687	366
1688	492
1689	432
1690	950
1691	701
1692	557
1693	735
1694	888
1695	934
1696	182
1697	69
1698	868
1699	129
1700	41
1701	781
1702	901
1703	566
1704	833
1705	919
1706	287
1707	561
1708	960
1709	646
1710	429
1711	560
1712	852
1713	562
1714	583
1715	914
1716	563
1717	319
1718	99
1719	178
1720	885
1721	252
1722	351
1723	83
1724	304
1725	590
1726	198
1727	278
1728	905
1729	83
1730	444
1731	636
1732	832
1733	256
1734	652
1735	739
1736	734
1737	808
1738	911
1739	508
1740	101
1741	397
1742	138
1743	822
1744	859
1745	318
1746	908
1747	290
1748	570
1749	907
1750	559
1751	366
1752	864
1753	244
1754	920
1755	324
1756	531
1757	477
1758	430
1759	556
1760	144
1761	669
1762	989
1763	236
1764	407
1765	587
1766	195
1767	987
1768	117
1769	99
1770	214
1771	99
1772	276
1773	326
1774	582
1775	792
1776	702
1777	965
1778	709
1779	522
1780	896
1781	570
1782	290
1783	970
1784	241
1785	499
1786	597
1787	702
1788	667
1789	352
1790	493
1791	587
1792	639
1793	58
1794	708
1795	798
1796	205
1797	786
1798	904
1799	890
1800	342
1801	823
1802	909
1803	197
1804	471
1805	959
1806	610
1807	435
1808	942
1809	862
1810	634
1811	775
1812	716
1813	584
1814	632
1815	927
1816	397
1817	685
1818	709
1819	883
1820	574
1821	972
1822	549
1823	913
1824	22
1825	974
1826	204
1827	432
1828	328
1829	357
1830	470
1831	297
1832	627
1833	786
1834	729
1835	555
1836	426
1837	724
1838	713
1839	372
1840	594
1841	737
1842	112
1843	424
1844	962
1845	53
1846	187
1847	478
1848	533
1849	464
1850	375
1851	759
1852	58
1853	498
1854	833
1855	980
1856	172
1857	448
1858	228
1859	441
1860	665
1861	737
1862	41
1863	367
1864	723
1865	919
1866	746
1867	672
1868	916
1869	147
1870	461
1871	979
1872	99
1873	258
1874	682
1875	392
1876	326
1877	798
1878	146
1879	463
1880	951
1881	532
1882	56
1883	953
1884	32
1885	969
1886	790
1887	775
1888	936
1889	700
1890	802
1891	691
1892	804
1893	383
1894	921
1895	753
1896	957
1897	649
1898	332
1899	569
1900	963
1901	325
1902	454
1903	236
1904	783
1905	74
1906	31
1907	94
1908	200
1909	196
1910	396
1911	985
1912	984
1913	850
1914	910
1915	529
1916	865
1917	372
1918	14
1919	457
1920	517
1921	974
1922	212
1923	715
1924	232
1925	836
1926	214
1927	367
1928	156
1929	576
1930	38
1931	12
1932	415
1933	107
1934	385
1935	723
1936	342
1937	901
1938	34
1939	364
1940	258
1941	189
1942	767
1943	935
1944	982
1945	486
1946	437
1947	319
1948	393
1949	513
1950	482
1951	482
1952	37
1953	534
1954	322
1955	137
1956	300
1957	487
1958	767
1959	237
1960	833
1961	116
1962	23
1963	625
1964	449
1965	418
1966	629
1967	514
1968	675
1969	151
1970	559
1971	990
1972	991
1973	287
1974	986
1975	840
1976	935
1977	584
1978	751
1979	488
1980	11
1981	485
1982	691
1983	724
1984	895
1985	441
1986	882
1987	868
1988	531
1989	302
1990	262
1991	40
1992	369
1993	467
1994	473
1995	509
1996	519
1997	367
1998	930
1999	153
2000	832
2001	469
2002	330
2003	283
2004	835
2005	801
2006	813
2007	631
2008	171
2009	43
2010	267
2011	746
2012	525
2013	992
2014	12
2015	76
2016	366
2017	645
2018	140
2019	698
2020	657
2021	227
2022	555
2023	688
2024	358
2025	548
2026	532
2027	668
2028	172
2029	495
2030	638
2031	454
2032	336
2033	952
2034	394
2035	131
2036	273
2037	953
2038	875
2039	733
2040	634
2041	252
2042	997
2043	733
2044	150
2045	206
2046	875
2047	993
2048	791
2049	814
2050	298
2051	541
2052	952
2053	627
2054	112
2055	592
2056	953
2057	262
2058	210
2059	964
2060	273
2061	783
2062	990
2063	542
2064	497
2065	276
2066	789
2067	222
2068	511
2069	297
2070	703
2071	63
2072	336
2073	560
2074	243
2075	82
2076	81
2077	478
2078	378
2079	655
2080	165
2081	435
2082	458
2083	114
2084	381
2085	330
2086	752
2087	947
2088	497
2089	674
2090	806
2091	949
2092	185
2093	836
2094	38
2095	583
2096	254
2097	338
2098	792
2099	735
2100	222
2101	951
2102	439
2103	309
2104	294
2105	825
2106	866
2107	643
2108	330
2109	649
2110	533
2111	934
2112	284
2113	665
2114	351
2115	328
2116	964
2117	706
2118	475
2119	731
2120	958
2121	635
2122	393
2123	131
2124	304
2125	782
2126	503
2127	785
2128	897
2129	999
2130	305
2131	117
2132	731
2133	266
2134	742
2135	195
2136	655
2137	636
2138	25
2139	457
2140	176
2141	202
2142	993
2143	27
2144	254
2145	517
2146	475
2147	54
2148	54
2149	413
2150	574
2151	736
2152	825
2153	212
2154	684
2155	141
2156	544
2157	383
2158	380
2159	154
2160	370
2161	299
2162	854
2163	353
2164	354
2165	154
2166	409
2167	974
2168	390
2169	658
2170	439
2171	778
2172	751
2173	887
2174	516
2175	916
2176	616
2177	730
2178	134
2179	604
2180	709
2181	126
2182	821
2183	272
2184	733
2185	569
2186	46
2187	399
2188	221
2189	829
2190	431
2191	415
2192	418
2193	629
2194	785
2195	391
2196	146
2197	909
2198	137
2199	915
2200	60
2201	660
2202	122
2203	895
2204	362
2205	395
2206	718
2207	500
2208	768
2209	978
2210	801
2211	611
2212	80
2213	916
2214	35
2215	926
2216	513
2217	759
2218	870
2219	631
2220	815
2221	804
2222	362
2223	788
2224	339
2225	569
2226	985
2227	25
2228	783
2229	798
2230	20
2231	36
2232	215
2233	649
2234	686
2235	59
2236	857
2237	339
2238	737
2239	509
2240	64
2241	815
2242	454
2243	608
2244	846
2245	725
2246	554
2247	33
2248	59
2249	851
2250	116
2251	840
2252	229
2253	175
2254	16
2255	896
2256	607
2257	600
2258	824
2259	848
2260	957
2261	933
2262	225
2263	747
2264	881
2265	672
2266	54
2267	72
2268	792
2269	328
2270	129
2271	81
2272	127
2273	881
2274	165
2275	986
2276	655
2277	330
2278	271
2279	95
2280	534
2281	997
2282	162
2283	211
2284	818
2285	914
2286	134
2287	463
2288	42
2289	427
2290	663
2291	825
2292	762
2293	74
2294	361
2295	935
2296	656
2297	746
2298	768
2299	142
2300	629
2301	427
2302	589
2303	209
2304	950
2305	912
2306	670
2307	729
2308	665
2309	479
2310	453
2311	994
2312	480
2313	882
2314	837
2315	399
2316	999
2317	807
2318	218
2319	227
2320	862
2321	275
2322	531
2323	798
2324	655
2325	654
2326	29
2327	768
2328	842
2329	454
2330	731
2331	314
2332	673
2333	585
2334	72
2335	759
2336	182
2337	986
2338	302
2339	423
2340	991
2341	592
2342	140
2343	235
2344	186
2345	62
2346	869
2347	827
2348	626
2349	235
2350	907
2351	617
2352	348
2353	728
2354	411
2355	642
2356	453
2357	778
2358	57
2359	953
2360	279
2361	651
2362	535
2363	133
2364	155
2365	536
2366	587
2367	433
2368	65
2369	568
2370	726
2371	104
2372	408
2373	511
2374	382
2375	723
2376	962
2377	680
2378	330
2379	340
2380	831
2381	742
2382	483
2383	667
2384	306
2385	596
2386	654
2387	426
2388	840
2389	404
2390	961
2391	856
2392	167
2393	859
2394	145
2395	946
2396	929
2397	630
2398	464
2399	202
2400	727
2401	777
2402	183
2403	381
2404	776
2405	851
2406	997
2407	837
2408	791
2409	166
2410	599
2411	766
2412	815
2413	842
2414	848
2415	630
2416	156
2417	256
2418	54
2419	131
2420	952
2421	438
2422	99
2423	944
2424	575
2425	777
2426	302
2427	454
2428	437
2429	159
2430	306
2431	770
2432	133
2433	499
2434	466
2435	392
2436	870
2437	456
2438	235
2439	948
2440	724
2441	175
2442	382
2443	16
2444	970
2445	445
2446	694
2447	867
2448	898
2449	57
2450	964
2451	423
2452	445
2453	168
2454	901
2455	140
2456	15
2457	432
2458	201
2459	806
2460	179
2461	582
2462	334
2463	534
2464	196
2465	682
2466	413
2467	16
2468	881
2469	381
2470	826
2471	150
2472	728
2473	567
2474	143
2475	937
2476	979
2477	534
2478	127
2479	476
2480	622
2481	232
2482	202
2483	982
2484	615
2485	480
2486	17
2487	468
2488	559
2489	486
2490	877
2491	37
2492	481
2493	301
2494	528
2495	461
2496	732
2497	480
2498	180
2499	897
2500	272
2501	25
2502	125
2503	525
2504	334
2505	713
2506	596
2507	802
2508	288
2509	581
2510	407
2511	125
2512	891
2513	828
2514	865
2515	879
2516	102
2517	466
2518	386
2519	675
2520	180
2521	204
2522	921
2523	13
2524	866
2525	274
2526	89
2527	528
2528	568
2529	595
2530	925
2531	835
2532	367
2533	771
2534	496
2535	639
2536	618
2537	688
2538	717
2539	514
2540	476
2541	118
2542	282
2543	651
2544	718
2545	170
2546	15
2547	478
2548	532
2549	800
2550	244
2551	105
2552	536
2553	523
2554	858
2555	691
2556	582
2557	187
2558	678
2559	126
2560	351
2561	455
2562	419
2563	856
2564	297
2565	809
2566	827
2567	527
2568	90
2569	883
2570	697
2571	376
2572	111
2573	22
2574	319
2575	918
2576	415
2577	277
2578	258
2579	422
2580	808
2581	510
2582	145
2583	469
2584	991
2585	815
2586	848
2587	990
2588	778
2589	525
2590	69
2591	914
2592	636
2593	605
2594	916
2595	691
2596	654
2597	419
2598	366
2599	848
2600	833
2601	516
2602	456
2603	744
2604	405
2605	49
2606	853
2607	363
2608	964
2609	905
2610	162
2611	170
2612	348
2613	516
2614	759
2615	44
2616	161
2617	760
2618	125
2619	825
2620	896
2621	142
2622	473
2623	760
2624	679
2625	908
2626	63
2627	995
2628	491
2629	418
2630	510
2631	679
2632	622
2633	500
2634	130
2635	118
2636	384
2637	30
2638	12
2639	781
2640	383
2641	553
2642	644
2643	551
2644	869
2645	564
2646	864
2647	616
2648	516
2649	865
2650	648
2651	834
2652	662
2653	718
2654	340
2655	41
2656	424
2657	999
2658	15
2659	909
2660	55
2661	183
2662	112
2663	361
2664	246
2665	260
2666	73
2667	102
2668	886
2669	289
2670	222
2671	931
2672	471
2673	937
2674	98
2675	921
2676	284
2677	949
2678	974
2679	914
2680	719
2681	161
2682	605
2683	310
2684	268
2685	780
2686	831
2687	11
2688	242
2689	506
2690	584
2691	376
2692	830
2693	717
2694	621
2695	990
2696	773
2697	884
2698	863
2699	876
2700	43
2701	778
2702	906
2703	279
2704	646
2705	607
2706	542
2707	324
2708	10
2709	599
2710	220
2711	805
2712	919
2713	476
2714	50
2715	746
2716	201
2717	570
2718	730
2719	668
2720	883
2721	526
2722	689
2723	779
2724	420
2725	359
2726	774
2727	75
2728	174
2729	254
2730	836
2731	566
2732	568
2733	413
2734	672
2735	511
2736	178
2737	949
2738	528
2739	198
2740	416
2741	938
2742	855
2743	894
2744	718
2745	954
2746	358
2747	641
2748	257
2749	438
2750	72
2751	582
2752	183
2753	923
2754	664
2755	424
2756	580
2757	481
2758	139
2759	653
2760	682
2761	434
2762	549
2763	961
2764	606
2765	91
2766	539
2767	339
2768	388
2769	331
2770	57
2771	195
2772	772
2773	179
2774	70
2775	15
2776	215
2777	140
2778	958
2779	881
2780	183
2781	177
2782	133
2783	182
2784	887
2785	848
2786	998
2787	227
2788	184
2789	877
2790	125
2791	734
2792	654
2793	120
2794	822
2795	298
2796	341
2797	948
2798	810
2799	954
2800	392
2801	643
2802	182
2803	487
2804	218
2805	315
2806	316
2807	993
2808	634
2809	185
2810	777
2811	391
2812	492
2813	795
2814	268
2815	77
2816	373
2817	34
2818	942
2819	291
2820	365
2821	168
2822	970
2823	172
2824	154
2825	342
2826	775
2827	326
2828	105
2829	360
2830	964
2831	811
2832	734
2833	987
2834	752
2835	165
2836	253
2837	582
2838	22
2839	438
2840	117
2841	809
2842	920
2843	376
2844	952
2845	304
2846	997
2847	856
2848	397
2849	350
2850	465
2851	743
2852	518
2853	762
2854	165
2855	722
2856	921
2857	159
2858	324
2859	420
2860	366
2861	18
2862	126
2863	62
2864	557
2865	786
2866	763
2867	140
2868	327
2869	658
2870	830
2871	676
2872	983
2873	323
2874	180
2875	816
2876	225
2877	850
2878	974
2879	888
2880	727
2881	200
2882	115
2883	391
2884	535
2885	16
2886	711
2887	766
2888	263
2889	670
2890	712
2891	48
2892	150
2893	851
2894	558
2895	276
2896	688
2897	940
2898	816
2899	157
2900	902
2901	227
2902	171
2903	753
2904	264
2905	274
2906	697
2907	604
2908	123
2909	948
2910	209
2911	557
2912	914
2913	77
2914	256
2915	627
2916	847
2917	802
2918	18
2919	44
2920	135
2921	12
2922	572
2923	162
2924	324
2925	129
2926	828
2927	922
2928	260
2929	540
2930	254
2931	312
2932	591
2933	357
2934	369
2935	672
2936	632
2937	320
2938	510
2939	819
2940	120
2941	57
2942	134
2943	532
2944	794
2945	962
2946	193
2947	232
2948	761
2949	361
2950	524
2951	55
2952	235
2953	619
2954	919
2955	72
2956	352
2957	159
2958	928
2959	56
2960	238
2961	538
2962	374
2963	640
2964	778
2965	260
2966	111
2967	540
2968	623
2969	681
2970	208
2971	758
2972	439
2973	136
2974	26
2975	532
2976	234
2977	18
2978	635
2979	370
2980	554
2981	532
2982	950
2983	592
2984	342
2985	549
2986	730
2987	178
2988	903
2989	355
2990	22
2991	689
2992	485
2993	991
2994	335
2995	261
2996	351
2997	812
2998	465
2999	81
3000	316
3001	772
3002	438
3003	77
3004	343
3005	724
3006	180
3007	54
3008	568
3009	901
3010	110
3011	472
3012	870
3013	233
3014	373
3015	866
3016	535
3017	43
3018	456
3019	178
3020	927
3021	896
3022	210
3023	553
3024	751
3025	317
3026	125
3027	531
3028	884
3029	483
3030	189
3031	978
3032	170
3033	449
3034	653
3035	609
3036	58
3037	908
3038	438
3039	572
3040	326
3041	590
3042	649
3043	374
3044	925
3045	410
3046	747
3047	721
3048	759
3049	62
3050	84
3051	170
3052	580
3053	652
3054	948
3055	424
3056	166
3057	995
3058	193
3059	822
3060	948
3061	11
3062	649
3063	668
3064	454
3065	420
3066	579
3067	441
3068	866
3069	752
3070	527
3071	802
3072	576
3073	723
3074	493
3075	255
3076	942
3077	147
3078	462
3079	491
3080	247
3081	224
3082	184
3083	198
3084	595
3085	759
3086	467
3087	803
3088	650
3089	442
3090	216
3091	292
3092	864
3093	477
3094	22
3095	850
3096	778
3097	305
3098	954
3099	537
3100	907
3101	709
3102	698
3103	361
3104	601
3105	405
3106	39
3107	895
3108	424
3109	286
3110	220
3111	962
3112	243
3113	599
3114	476
3115	714
3116	575
3117	477
3118	715
3119	310
3120	904
3121	214
3122	472
3123	199
3124	554
3125	217
3126	72
3127	510
3128	208
3129	821
3130	52
3131	646
3132	48
3133	486
3134	212
3135	454
3136	217
3137	659
3138	739
3139	748
3140	661
3141	200
3142	930
3143	974
3144	653
3145	923
3146	383
3147	488
3148	661
3149	681
3150	494
3151	262
3152	263
3153	392
3154	364
3155	326
3156	894
3157	981
3158	241
3159	701
3160	457
3161	647
3162	372
3163	830
3164	453
3165	844
3166	98
3167	85
3168	343
3169	231
3170	409
3171	253
3172	100
3173	90
3174	61
3175	83
3176	982
3177	695
3178	85
3179	391
3180	143
3181	626
3182	45
3183	78
3184	55
3185	406
3186	546
3187	903
3188	151
3189	57
3190	352
3191	758
3192	748
3193	373
3194	218
3195	190
3196	390
3197	900
3198	776
3199	186
3200	318
3201	91
3202	308
3203	996
3204	889
3205	393
3206	809
3207	843
3208	143
3209	661
3210	586
3211	663
3212	437
3213	359
3214	743
3215	839
3216	969
3217	879
3218	216
3219	613
3220	848
3221	556
3222	520
3223	329
3224	702
3225	152
3226	393
3227	231
3228	556
3229	332
3230	985
3231	299
3232	394
3233	262
3234	701
3235	217
3236	346
3237	777
3238	909
3239	307
3240	563
3241	226
3242	316
3243	92
3244	49
3245	371
3246	412
3247	670
3248	892
3249	42
3250	983
3251	103
3252	831
3253	724
3254	767
3255	770
3256	842
3257	468
3258	743
3259	474
3260	678
3261	58
3262	490
3263	205
3264	984
3265	397
3266	269
3267	963
3268	549
3269	209
3270	200
3271	946
3272	264
3273	212
3274	656
3275	562
3276	838
3277	955
3278	578
3279	259
3280	639
3281	67
3282	953
3283	587
3284	698
3285	431
3286	822
3287	468
3288	229
3289	568
3290	912
3291	679
3292	718
3293	897
3294	133
3295	55
3296	143
3297	612
3298	842
3299	756
3300	865
3301	564
3302	704
3303	894
3304	128
3305	558
3306	69
3307	639
3308	332
3309	781
3310	428
3311	199
3312	250
3313	58
3314	328
3315	29
3316	373
3317	546
3318	607
3319	422
3320	621
3321	14
3322	859
3323	270
3324	254
3325	697
3326	707
3327	483
3328	687
3329	119
3330	132
3331	854
3332	675
3333	421
3334	712
3335	634
3336	137
3337	398
3338	128
3339	469
3340	290
3341	129
3342	730
3343	536
3344	209
3345	935
3346	209
3347	260
3348	178
3349	675
3350	912
3351	776
3352	840
3353	863
3354	629
3355	413
3356	504
3357	333
3358	171
3359	241
3360	692
3361	76
3362	682
3363	965
3364	889
3365	324
3366	196
3367	889
3368	890
3369	990
3370	156
3371	658
3372	315
3373	372
3374	399
3375	72
3376	168
3377	941
3378	38
3379	793
3380	939
3381	687
3382	794
3383	685
3384	630
3385	102
3386	876
3387	325
3388	560
3389	256
3390	577
3391	745
3392	553
3393	282
3394	875
3395	686
3396	794
3397	199
3398	215
3399	132
3400	32
3401	143
3402	776
3403	591
3404	801
3405	189
3406	54
3407	842
3408	603
3409	72
3410	111
3411	593
3412	671
3413	583
3414	118
3415	30
3416	662
3417	531
3418	664
3419	194
3420	221
3421	961
3422	463
3423	221
3424	362
3425	85
3426	175
3427	254
3428	634
3429	324
3430	793
3431	127
3432	902
3433	386
3434	49
3435	631
3436	826
3437	907
3438	199
3439	457
3440	986
3441	71
3442	768
3443	402
3444	200
3445	214
3446	797
3447	489
3448	149
3449	15
3450	967
3451	311
3452	10
3453	936
3454	925
3455	705
3456	972
3457	63
3458	296
3459	110
3460	504
3461	397
3462	703
3463	193
3464	239
3465	707
3466	502
3467	785
3468	414
3469	647
3470	460
3471	528
3472	894
3473	486
3474	707
3475	162
3476	413
3477	297
3478	311
3479	549
3480	509
3481	181
3482	496
3483	871
3484	858
3485	512
3486	120
3487	676
3488	333
3489	993
3490	794
3491	758
3492	32
3493	169
3494	671
3495	496
3496	985
3497	57
3498	811
3499	280
3500	737
3501	571
3502	366
3503	957
3504	607
3505	189
3506	879
3507	942
3508	525
3509	315
3510	747
3511	765
3512	701
3513	410
3514	200
3515	960
3516	976
3517	219
3518	456
3519	552
3520	441
3521	620
3522	494
3523	452
3524	313
3525	164
3526	571
3527	997
3528	187
3529	267
3530	362
3531	535
3532	750
3533	923
3534	207
3535	418
3536	671
3537	893
3538	586
3539	978
3540	840
3541	691
3542	221
3543	970
3544	584
3545	385
3546	90
3547	192
3548	309
3549	96
3550	263
3551	743
3552	647
3553	585
3554	266
3555	106
3556	684
3557	986
3558	38
3559	508
3560	998
3561	933
3562	352
3563	140
3564	679
3565	261
3566	463
3567	532
3568	958
3569	300
3570	142
3571	175
3572	597
3573	846
3574	820
3575	814
3576	902
3577	808
3578	774
3579	513
3580	202
3581	440
3582	121
3583	690
3584	593
3585	264
3586	747
3587	86
3588	737
3589	734
3590	994
3591	320
3592	780
3593	630
3594	931
3595	155
3596	954
3597	326
3598	315
3599	378
3600	674
3601	109
3602	698
3603	699
3604	304
3605	545
3606	889
3607	166
3608	404
3609	783
3610	293
3611	765
3612	743
3613	530
3614	602
3615	360
3616	401
3617	762
3618	423
3619	275
3620	131
3621	914
3622	715
3623	23
3624	321
3625	10
3626	822
3627	425
3628	71
3629	232
3630	671
3631	649
3632	824
3633	686
3634	721
3635	201
3636	148
3637	98
3638	882
3639	867
3640	473
3641	305
3642	614
3643	324
3644	252
3645	783
3646	811
3647	742
3648	581
3649	770
3650	535
3651	926
3652	670
3653	547
3654	681
3655	857
3656	54
3657	329
3658	910
3659	278
3660	781
3661	264
3662	336
3663	117
3664	707
3665	698
3666	522
3667	921
3668	915
3669	882
3670	482
3671	425
3672	954
3673	413
3674	510
3675	442
3676	370
3677	895
3678	218
3679	871
3680	185
3681	603
3682	449
3683	848
3684	247
3685	755
3686	17
3687	272
3688	560
3689	893
3690	403
3691	137
3692	339
3693	937
3694	651
3695	756
3696	817
3697	237
3698	484
3699	536
3700	982
3701	747
3702	371
3703	927
3704	528
3705	508
3706	81
3707	811
3708	415
3709	423
3710	300
3711	771
3712	623
3713	70
3714	835
3715	334
3716	934
3717	521
3718	766
3719	954
3720	956
3721	841
3722	922
3723	586
3724	975
3725	762
3726	311
3727	223
3728	770
3729	987
3730	401
3731	874
3732	774
3733	650
3734	235
3735	972
3736	151
3737	284
3738	578
3739	762
3740	314
3741	314
3742	567
3743	931
3744	792
3745	573
3746	281
3747	444
3748	25
3749	946
3750	720
3751	160
3752	586
3753	834
3754	200
3755	374
3756	462
3757	170
3758	635
3759	923
3760	667
3761	969
3762	425
3763	343
3764	322
3765	217
3766	408
3767	851
3768	162
3769	796
3770	15
3771	628
3772	726
3773	920
3774	336
3775	776
3776	840
3777	46
3778	710
3779	91
3780	171
3781	666
3782	58
3783	453
3784	567
3785	177
3786	629
3787	775
3788	917
3789	192
3790	999
3791	483
3792	452
3793	197
3794	178
3795	274
3796	319
3797	577
3798	754
3799	648
3800	445
3801	243
3802	921
3803	812
3804	839
3805	967
3806	824
3807	584
3808	207
3809	44
3810	288
3811	372
3812	500
3813	774
3814	496
3815	746
3816	726
3817	776
3818	493
3819	970
3820	684
3821	346
3822	784
3823	790
3824	725
3825	903
3826	444
3827	913
3828	248
3829	94
3830	219
3831	684
3832	209
3833	764
3834	24
3835	39
3836	298
3837	937
3838	128
3839	436
3840	347
3841	716
3842	86
3843	771
3844	875
3845	894
3846	428
3847	830
3848	352
3849	585
3850	53
3851	778
3852	479
3853	208
3854	383
3855	429
3856	561
3857	856
3858	58
3859	441
3860	992
3861	329
3862	538
3863	841
3864	818
3865	56
3866	960
3867	219
3868	790
3869	459
3870	395
3871	627
3872	737
3873	15
3874	214
3875	615
3876	16
3877	798
3878	393
3879	63
3880	273
3881	813
3882	206
3883	342
3884	538
3885	188
3886	799
3887	725
3888	744
3889	65
3890	333
3891	471
3892	553
3893	944
3894	730
3895	239
3896	318
3897	931
3898	989
3899	586
3900	852
3901	125
3902	959
3903	89
3904	550
3905	593
3906	797
3907	329
3908	822
3909	109
3910	572
3911	639
3912	830
3913	656
3914	162
3915	242
3916	152
3917	37
3918	336
3919	135
3920	45
3921	566
3922	718
3923	714
3924	200
3925	879
3926	686
3927	741
3928	918
3929	738
3930	748
3931	434
3932	258
3933	280
3934	688
3935	252
3936	553
3937	137
3938	348
3939	20
3940	633
3941	573
3942	700
3943	69
3944	194
3945	827
3946	574
3947	538
3948	81
3949	532
3950	760
3951	270
3952	881
3953	791
3954	17
3955	121
3956	752
3957	346
3958	496
3959	917
3960	240
3961	723
3962	874
3963	46
3964	587
3965	277
3966	164
3967	966
3968	766
3969	281
3970	952
3971	840
3972	590
3973	485
3974	906
3975	112
3976	446
3977	552
3978	723
3979	237
3980	428
3981	909
3982	656
3983	263
3984	91
3985	845
3986	710
3987	65
3988	379
3989	189
3990	952
3991	763
3992	486
3993	184
3994	872
3995	307
3996	518
3997	650
3998	203
3999	872
4000	323
4001	941
4002	959
4003	695
4004	915
4005	583
4006	28
4007	973
4008	149
4009	399
4010	167
4011	651
4012	395
4013	464
4014	238
4015	789
4016	976
4017	366
4018	41
4019	139
4020	363
4021	79
4022	780
4023	839
4024	370
4025	673
4026	696
4027	517
4028	186
4029	794
4030	204
4031	728
4032	33
4033	361
4034	426
4035	657
4036	438
4037	120
4038	790
4039	62
4040	626
4041	548
4042	393
4043	257
4044	438
4045	848
4046	282
4047	387
4048	555
4049	384
4050	36
4051	941
4052	490
4053	22
4054	987
4055	280
4056	24
4057	935
4058	617
4059	828
4060	255
4061	564
4062	762
4063	292
4064	201
4065	369
4066	991
4067	777
4068	856
4069	453
4070	577
4071	766
4072	699
4073	938
4074	38
4075	383
4076	363
4077	652
4078	629
4079	447
4080	68
4081	727
4082	328
4083	471
4084	425
4085	692
4086	984
4087	123
4088	553
4089	898
4090	833
4091	899
4092	158
4093	338
4094	166
4095	138
4096	164
4097	525
4098	679
4099	657
4100	393
4101	779
4102	951
4103	51
4104	196
4105	811
4106	17
4107	421
4108	802
4109	589
4110	737
4111	524
4112	593
4113	427
4114	20
4115	482
4116	625
4117	148
4118	842
4119	548
4120	717
4121	365
4122	347
4123	210
4124	950
4125	61
4126	118
4127	992
4128	25
4129	450
4130	963
4131	312
4132	110
4133	394
4134	783
4135	926
4136	820
4137	139
4138	230
4139	886
4140	638
4141	966
4142	794
4143	324
4144	128
4145	611
4146	169
4147	496
4148	311
4149	278
4150	267
4151	472
4152	140
4153	816
4154	553
4155	523
4156	402
4157	709
4158	381
4159	79
4160	128
4161	935
4162	840
4163	845
4164	598
4165	48
4166	211
4167	760
4168	938
4169	440
4170	245
4171	957
4172	780
4173	840
4174	909
4175	941
4176	540
4177	495
4178	456
4179	797
4180	929
4181	701
4182	735
4183	955
4184	645
4185	919
4186	161
4187	115
4188	628
4189	767
4190	664
4191	832
4192	760
4193	373
4194	179
4195	458
4196	444
4197	896
4198	89
4199	505
4200	608
4201	552
4202	474
4203	897
4204	914
4205	348
4206	876
4207	878
4208	136
4209	805
4210	446
4211	12
4212	728
4213	426
4214	398
4215	62
4216	252
4217	106
4218	765
4219	50
4220	27
4221	86
4222	360
4223	801
4224	583
4225	856
4226	987
4227	175
4228	909
4229	570
4230	385
4231	666
4232	519
4233	710
4234	378
4235	932
4236	627
4237	776
4238	986
4239	227
4240	65
4241	304
4242	963
4243	677
4244	763
4245	831
4246	61
4247	461
4248	150
4249	801
4250	790
4251	244
4252	732
4253	733
4254	558
4255	841
4256	242
4257	687
4258	124
4259	950
4260	505
4261	708
4262	999
4263	352
4264	279
4265	578
4266	154
4267	56
4268	430
4269	865
4270	425
4271	633
4272	301
4273	742
4274	161
4275	486
4276	40
4277	545
4278	941
4279	548
4280	373
4281	900
4282	78
4283	642
4284	379
4285	368
4286	939
4287	426
4288	741
4289	513
4290	717
4291	575
4292	736
4293	712
4294	537
4295	893
4296	521
4297	647
4298	431
4299	210
4300	232
4301	747
4302	703
4303	539
4304	541
4305	939
4306	603
4307	429
4308	101
4309	576
4310	628
4311	285
4312	527
4313	742
4314	770
4315	104
4316	365
4317	428
4318	939
4319	377
4320	67
4321	826
4322	187
4323	789
4324	742
4325	988
4326	481
4327	662
4328	396
4329	554
4330	497
4331	486
4332	685
4333	151
4334	719
4335	72
4336	594
4337	293
4338	139
4339	600
4340	735
4341	346
4342	625
4343	470
4344	121
4345	325
4346	24
4347	409
4348	407
4349	910
4350	728
4351	630
4352	423
4353	218
4354	927
4355	330
4356	137
4357	330
4358	385
4359	402
4360	859
4361	766
4362	482
4363	662
4364	976
4365	274
4366	808
4367	231
4368	728
4369	329
4370	725
4371	19
4372	177
4373	996
4374	221
4375	885
4376	969
4377	132
4378	801
4379	37
4380	686
4381	52
4382	528
4383	461
4384	837
4385	836
4386	563
4387	163
4388	654
4389	806
4390	438
4391	746
4392	376
4393	192
4394	82
4395	705
4396	495
4397	913
4398	418
4399	816
4400	519
4401	817
4402	52
4403	958
4404	295
4405	600
4406	939
4407	776
4408	290
4409	119
4410	630
4411	12
4412	186
4413	419
4414	731
4415	691
4416	383
4417	740
4418	907
4419	588
4420	148
4421	848
4422	10
4423	345
4424	384
4425	133
4426	260
4427	695
4428	904
4429	266
4430	805
4431	584
4432	629
4433	863
4434	128
4435	444
4436	423
4437	597
4438	291
4439	193
4440	728
4441	329
4442	426
4443	507
4444	642
4445	80
4446	362
4447	421
4448	634
4449	385
4450	454
4451	636
4452	244
4453	802
4454	598
4455	43
4456	203
4457	205
4458	490
4459	674
4460	199
4461	891
4462	363
4463	107
4464	117
4465	514
4466	643
4467	133
4468	142
4469	180
4470	77
4471	698
4472	177
4473	661
4474	191
4475	597
4476	737
4477	94
4478	299
4479	698
4480	907
4481	955
4482	619
4483	225
4484	411
4485	627
4486	786
4487	741
4488	705
4489	594
4490	962
4491	919
4492	50
4493	517
4494	918
4495	911
4496	639
4497	405
4498	380
4499	392
4500	608
4501	912
4502	19
4503	989
4504	515
4505	289
4506	908
4507	659
4508	867
4509	62
4510	871
4511	732
4512	666
4513	985
4514	472
4515	641
4516	732
4517	168
4518	563
4519	367
4520	414
4521	242
4522	330
4523	159
4524	177
4525	881
4526	712
4527	393
4528	233
4529	923
4530	248
4531	860
4532	966
4533	283
4534	993
4535	804
4536	96
4537	191
4538	248
4539	985
4540	127
4541	80
4542	266
4543	54
4544	651
4545	680
4546	256
4547	862
4548	996
4549	483
4550	624
4551	378
4552	357
4553	377
4554	394
4555	159
4556	67
4557	438
4558	334
4559	835
4560	939
4561	407
4562	487
4563	84
4564	247
4565	451
4566	534
4567	722
4568	202
4569	376
4570	419
4571	81
4572	897
4573	656
4574	180
4575	156
4576	272
4577	547
4578	343
4579	118
4580	565
4581	809
4582	132
4583	483
4584	356
4585	20
4586	397
4587	319
4588	600
4589	141
4590	294
4591	340
4592	52
4593	791
4594	489
4595	632
4596	282
4597	973
4598	892
4599	357
4600	199
4601	225
4602	905
4603	57
4604	708
4605	129
4606	391
4607	188
4608	675
4609	803
4610	52
4611	253
4612	512
4613	548
4614	361
4615	911
4616	112
4617	792
4618	229
4619	629
4620	141
4621	25
4622	646
4623	833
4624	158
4625	392
4626	721
4627	413
4628	245
4629	777
4630	466
4631	368
4632	723
4633	463
4634	382
4635	821
4636	598
4637	938
4638	586
4639	63
4640	92
4641	55
4642	821
4643	465
4644	584
4645	853
4646	854
4647	827
4648	642
4649	722
4650	172
4651	580
4652	443
4653	947
4654	180
4655	952
4656	834
4657	90
4658	320
4659	370
4660	134
4661	952
4662	760
4663	867
4664	513
4665	319
4666	361
4667	377
4668	769
4669	513
4670	13
4671	583
4672	816
4673	676
4674	335
4675	762
4676	416
4677	341
4678	479
4679	327
4680	608
4681	330
4682	652
4683	480
4684	88
4685	90
4686	632
4687	63
4688	211
4689	613
4690	760
4691	350
4692	825
4693	948
4694	660
4695	686
4696	285
4697	277
4698	174
4699	744
4700	843
4701	930
4702	429
4703	90
4704	539
4705	600
4706	895
4707	761
4708	530
4709	301
4710	897
4711	563
4712	912
4713	686
4714	504
4715	718
4716	705
4717	537
4718	564
4719	46
4720	976
4721	331
4722	235
4723	467
4724	199
4725	538
4726	308
4727	966
4728	253
4729	19
4730	628
4731	190
4732	288
4733	208
4734	938
4735	998
4736	258
4737	715
4738	841
4739	275
4740	645
4741	82
4742	71
4743	515
4744	233
4745	868
4746	197
4747	456
4748	727
4749	755
4750	195
4751	372
4752	498
4753	12
4754	54
4755	537
4756	691
4757	133
4758	219
4759	684
4760	730
4761	970
4762	981
4763	986
4764	482
4765	398
4766	74
4767	977
4768	515
4769	652
4770	198
4771	190
4772	746
4773	972
4774	76
4775	812
4776	806
4777	266
4778	603
4779	210
4780	941
4781	121
4782	865
4783	852
4784	238
4785	159
4786	770
4787	52
4788	42
4789	935
4790	80
4791	461
4792	339
4793	65
4794	621
4795	505
4796	996
4797	279
4798	675
4799	954
4800	332
4801	286
4802	275
4803	186
4804	455
4805	269
4806	990
4807	229
4808	186
4809	282
4810	782
4811	895
4812	539
4813	199
4814	587
4815	656
4816	276
4817	358
4818	411
4819	198
4820	403
4821	463
4822	725
4823	302
4824	274
4825	11
4826	11
4827	801
4828	491
4829	882
4830	215
4831	720
4832	334
4833	509
4834	664
4835	703
4836	168
4837	764
4838	168
4839	225
4840	198
4841	988
4842	229
4843	809
4844	11
4845	284
4846	79
4847	51
4848	254
4849	120
4850	272
4851	458
4852	639
4853	785
4854	842
4855	654
4856	228
4857	868
4858	395
4859	556
4860	747
4861	583
4862	762
4863	474
4864	636
4865	806
4866	76
4867	761
4868	495
4869	519
4870	373
4871	184
4872	871
4873	139
4874	126
4875	967
4876	492
4877	576
4878	922
4879	379
4880	283
4881	741
4882	922
4883	238
4884	58
4885	246
4886	802
4887	372
4888	369
4889	191
4890	789
4891	557
4892	446
4893	44
4894	431
4895	869
4896	939
4897	71
4898	527
4899	31
4900	499
4901	40
4902	523
4903	690
4904	668
4905	14
4906	153
4907	455
4908	35
4909	602
4910	340
4911	826
4912	343
4913	738
4914	831
4915	29
4916	194
4917	877
4918	251
4919	968
4920	932
4921	252
4922	669
4923	436
4924	17
4925	681
4926	500
4927	69
4928	348
4929	162
4930	513
4931	710
4932	175
4933	629
4934	238
4935	478
4936	521
4937	781
4938	246
4939	129
4940	208
4941	329
4942	876
4943	361
4944	647
4945	225
4946	55
4947	650
4948	186
4949	285
4950	826
4951	843
4952	918
4953	52
4954	927
4955	47
4956	191
4957	125
4958	959
4959	209
4960	384
4961	814
4962	438
4963	788
4964	739
4965	339
4966	866
4967	427
4968	288
4969	687
4970	876
4971	299
4972	706
4973	484
4974	841
4975	414
4976	489
4977	842
4978	602
4979	66
4980	118
4981	207
4982	662
4983	754
4984	360
4985	350
4986	626
4987	18
4988	727
4989	992
4990	825
4991	971
4992	784
4993	263
4994	991
4995	968
4996	242
4997	899
4998	506
4999	241
5000	14
5001	606
5002	367
5003	818
5004	317
5005	604
5006	664
5007	855
5008	40
5009	761
5010	970
5011	148
5012	920
5013	551
5014	954
5015	245
5016	697
5017	419
5018	936
5019	997
5020	771
5021	814
5022	752
5023	566
5024	479
5025	98
5026	917
5027	16
5028	864
5029	369
5030	369
5031	193
5032	539
5033	553
5034	618
5035	102
5036	772
5037	268
5038	897
5039	671
5040	624
5041	101
5042	232
5043	130
5044	354
5045	190
5046	346
5047	369
5048	795
5049	886
5050	906
5051	103
5052	369
5053	237
5054	510
5055	676
5056	275
5057	972
5058	595
5059	796
5060	638
5061	721
5062	178
5063	501
5064	996
5065	556
5066	969
5067	514
5068	102
5069	32
5070	278
5071	852
5072	27
5073	430
5074	254
5075	996
5076	413
5077	72
5078	389
5079	347
5080	988
5081	279
5082	415
5083	913
5084	655
5085	283
5086	737
5087	978
5088	800
5089	565
5090	62
5091	763
5092	809
5093	163
5094	945
5095	826
5096	602
5097	427
5098	471
5099	806
5100	764
5101	589
5102	303
5103	88
5104	143
5105	812
5106	627
5107	520
5108	896
5109	222
5110	803
5111	512
5112	771
5113	628
5114	907
5115	853
5116	233
5117	67
5118	543
5119	597
5120	185
5121	224
5122	872
5123	82
5124	600
5125	387
5126	753
5127	368
5128	304
5129	923
5130	162
5131	861
5132	350
5133	655
5134	947
5135	608
5136	745
5137	811
5138	653
5139	230
5140	445
5141	40
5142	858
5143	179
5144	557
5145	833
5146	426
5147	50
5148	135
5149	420
5150	390
5151	35
5152	869
5153	981
5154	409
5155	143
5156	681
5157	537
5158	880
5159	54
5160	810
5161	830
5162	900
5163	423
5164	24
5165	992
5166	913
5167	887
5168	643
5169	44
5170	963
5171	51
5172	583
5173	416
5174	459
5175	822
5176	68
5177	76
5178	296
5179	457
5180	28
5181	26
5182	817
5183	121
5184	291
5185	337
5186	934
5187	889
5188	976
5189	172
5190	974
5191	394
5192	466
5193	389
5194	201
5195	224
5196	504
5197	231
5198	909
5199	461
5200	801
5201	726
5202	309
5203	920
5204	386
5205	234
5206	427
5207	198
5208	771
5209	881
5210	174
5211	700
5212	23
5213	446
5214	498
5215	452
5216	611
5217	194
5218	198
5219	420
5220	238
5221	813
5222	600
5223	426
5224	407
5225	653
5226	469
5227	75
5228	914
5229	787
5230	560
5231	539
5232	993
5233	829
5234	909
5235	20
5236	99
5237	623
5238	491
5239	704
5240	12
5241	437
5242	766
5243	991
5244	664
5245	692
5246	52
5247	799
5248	342
5249	708
5250	735
5251	345
5252	859
5253	658
5254	737
5255	247
5256	653
5257	263
5258	401
5259	341
5260	30
5261	635
5262	336
5263	875
5264	383
5265	133
5266	47
5267	920
5268	326
5269	639
5270	445
5271	757
5272	79
5273	379
5274	872
5275	800
5276	601
5277	669
5278	228
5279	18
5280	53
5281	345
5282	734
5283	534
5284	592
5285	747
5286	756
5287	679
5288	501
5289	39
5290	750
5291	377
5292	402
5293	137
5294	81
5295	353
5296	566
5297	842
5298	125
5299	497
5300	275
5301	690
5302	998
5303	400
5304	54
5305	871
5306	115
5307	652
5308	358
5309	130
5310	903
5311	895
5312	881
5313	656
5314	622
5315	609
5316	400
5317	331
5318	292
5319	582
5320	751
5321	50
5322	190
5323	358
5324	19
5325	658
5326	574
5327	767
5328	652
5329	313
5330	29
5331	661
5332	483
5333	351
5334	849
5335	831
5336	617
5337	281
5338	936
5339	643
5340	820
5341	544
5342	385
5343	624
5344	275
5345	434
5346	127
5347	744
5348	214
5349	729
5350	566
5351	207
5352	338
5353	527
5354	595
5355	53
5356	706
5357	418
5358	704
5359	453
5360	741
5361	127
5362	976
5363	824
5364	634
5365	971
5366	393
5367	330
5368	542
5369	930
5370	444
5371	108
5372	882
5373	497
5374	478
5375	77
5376	354
5377	531
5378	164
5379	278
5380	904
5381	360
5382	690
5383	218
5384	726
5385	206
5386	434
5387	20
5388	103
5389	944
5390	651
5391	28
5392	422
5393	337
5394	614
5395	317
5396	870
5397	677
5398	663
5399	944
5400	212
5401	646
5402	341
5403	939
5404	711
5405	947
5406	974
5407	701
5408	635
5409	28
5410	155
5411	597
5412	107
5413	250
5414	360
5415	817
5416	754
5417	504
5418	552
5419	730
5420	383
5421	856
5422	677
5423	943
5424	710
5425	168
5426	607
5427	365
5428	169
5429	111
5430	978
5431	677
5432	785
5433	278
5434	755
5435	180
5436	203
5437	39
5438	888
5439	396
5440	387
5441	105
5442	176
5443	883
5444	216
5445	710
5446	506
5447	490
5448	237
5449	183
5450	54
5451	143
5452	551
5453	254
5454	971
5455	317
5456	12
5457	716
5458	496
5459	175
5460	206
5461	571
5462	738
5463	401
5464	474
5465	980
5466	275
5467	126
5468	89
5469	754
5470	998
5471	781
5472	218
5473	248
5474	504
5475	103
5476	309
5477	573
5478	414
5479	806
5480	941
5481	803
5482	602
5483	113
5484	521
5485	363
5486	77
5487	350
5488	467
5489	238
5490	93
5491	490
5492	338
5493	998
5494	914
5495	232
5496	341
5497	635
5498	683
5499	768
5500	217
5501	190
5502	261
5503	581
5504	416
5505	176
5506	62
5507	776
5508	248
5509	466
5510	741
5511	934
5512	480
5513	686
5514	823
5515	355
5516	668
5517	898
5518	318
5519	166
5520	394
5521	363
5522	35
5523	273
5524	40
5525	237
5526	782
5527	719
5528	282
5529	820
5530	67
5531	840
5532	472
5533	593
5534	470
5535	389
5536	503
5537	52
5538	182
5539	176
5540	604
5541	725
5542	27
5543	185
5544	413
5545	648
5546	119
5547	244
5548	282
5549	616
5550	908
5551	253
5552	80
5553	919
5554	967
5555	864
5556	400
5557	132
5558	286
5559	438
5560	550
5561	55
5562	527
5563	17
5564	870
5565	43
5566	819
5567	486
5568	490
5569	462
5570	336
5571	139
5572	880
5573	379
5574	65
5575	180
5576	335
5577	235
5578	511
5579	63
5580	403
5581	543
5582	44
5583	224
5584	613
5585	739
5586	884
5587	280
5588	195
5589	27
5590	611
5591	380
5592	413
5593	562
5594	307
5595	797
5596	314
5597	914
5598	708
5599	137
5600	376
5601	691
5602	174
5603	347
5604	495
5605	665
5606	814
5607	197
5608	229
5609	771
5610	59
5611	179
5612	617
5613	469
5614	524
5615	261
5616	205
5617	945
5618	17
5619	941
5620	910
5621	18
5622	498
5623	770
5624	369
5625	313
5626	524
5627	664
5628	472
5629	978
5630	383
5631	832
5632	359
5633	714
5634	456
5635	314
5636	52
5637	715
5638	207
5639	51
5640	686
5641	887
5642	158
5643	656
5644	224
5645	119
5646	584
5647	836
5648	400
5649	342
5650	903
5651	611
5652	416
5653	574
5654	653
5655	736
5656	496
5657	567
5658	271
5659	745
5660	395
5661	295
5662	903
5663	109
5664	285
5665	505
5666	403
5667	690
5668	408
5669	739
5670	336
5671	125
5672	504
5673	847
5674	452
5675	786
5676	305
5677	512
5678	143
5679	169
5680	861
5681	231
5682	166
5683	712
5684	532
5685	11
5686	940
5687	299
5688	386
5689	684
5690	387
5691	795
5692	214
5693	640
5694	948
5695	223
5696	791
5697	89
5698	856
5699	401
5700	52
5701	342
5702	706
5703	16
5704	72
5705	343
5706	690
5707	31
5708	254
5709	90
5710	188
5711	856
5712	69
5713	334
5714	222
5715	830
5716	276
5717	212
5718	717
5719	269
5720	168
5721	503
5722	545
5723	786
5724	537
5725	930
5726	883
5727	461
5728	717
5729	863
5730	899
5731	30
5732	182
5733	393
5734	838
5735	278
5736	148
5737	138
5738	110
5739	881
5740	164
5741	949
5742	738
5743	379
5744	460
5745	181
5746	819
5747	703
5748	32
5749	300
5750	853
5751	500
5752	138
5753	883
5754	63
5755	686
5756	21
5757	31
5758	683
5759	338
5760	181
5761	741
5762	280
5763	50
5764	177
5765	16
5766	837
5767	799
5768	490
5769	143
5770	780
5771	239
5772	644
5773	922
5774	849
5775	670
5776	651
5777	519
5778	608
5779	268
5780	318
5781	551
5782	991
5783	991
5784	489
5785	925
5786	941
5787	912
5788	536
5789	510
5790	167
5791	305
5792	907
5793	464
5794	246
5795	342
5796	765
5797	105
5798	409
5799	286
5800	808
5801	365
5802	556
5803	548
5804	575
5805	714
5806	177
5807	589
5808	28
5809	280
5810	322
5811	257
5812	576
5813	180
5814	450
5815	380
5816	641
5817	285
5818	754
5819	980
5820	597
5821	964
5822	30
5823	470
5824	329
5825	763
5826	290
5827	514
5828	547
5829	976
5830	798
5831	317
5832	575
5833	251
5834	890
5835	533
5836	213
5837	848
5838	601
5839	510
5840	326
5841	510
5842	145
5843	874
5844	484
5845	430
5846	322
5847	229
5848	646
5849	144
5850	651
5851	791
5852	349
5853	182
5854	226
5855	785
5856	778
5857	784
5858	217
5859	507
5860	230
5861	594
5862	225
5863	596
5864	174
5865	915
5866	289
5867	737
5868	249
5869	796
5870	492
5871	715
5872	752
5873	876
5874	669
5875	996
5876	300
5877	542
5878	304
5879	773
5880	222
5881	365
5882	235
5883	129
5884	765
5885	775
5886	139
5887	241
5888	569
5889	245
5890	126
5891	19
5892	211
5893	807
5894	165
5895	751
5896	905
5897	813
5898	641
5899	555
5900	283
5901	791
5902	924
5903	17
5904	998
5905	166
5906	27
5907	417
5908	761
5909	12
5910	676
5911	485
5912	844
5913	255
5914	619
5915	791
5916	527
5917	880
5918	70
5919	495
5920	154
5921	869
5922	750
5923	212
5924	919
5925	291
5926	172
5927	271
5928	381
5929	227
5930	193
5931	148
5932	181
5933	875
5934	565
5935	71
5936	769
5937	268
5938	554
5939	641
5940	32
5941	669
5942	993
5943	954
5944	513
5945	461
5946	304
5947	984
5948	993
5949	173
5950	553
5951	583
5952	86
5953	657
5954	720
5955	259
5956	466
5957	448
5958	572
5959	31
5960	648
5961	206
5962	379
5963	805
5964	845
5965	639
5966	536
5967	17
5968	265
5969	266
5970	720
5971	782
5972	103
5973	179
5974	961
5975	736
5976	499
5977	553
5978	222
5979	283
5980	917
5981	897
5982	993
5983	38
5984	194
5985	309
5986	134
5987	145
5988	999
5989	988
5990	643
5991	969
5992	810
5993	400
5994	284
5995	274
5996	936
5997	172
5998	922
5999	764
6000	144
6001	955
6002	569
6003	939
6004	353
6005	229
6006	997
6007	455
6008	800
6009	709
6010	617
6011	809
6012	244
6013	428
6014	115
6015	999
6016	459
6017	510
6018	50
6019	282
6020	488
6021	550
6022	696
6023	393
6024	390
6025	266
6026	24
6027	393
6028	932
6029	707
6030	317
6031	600
6032	472
6033	463
6034	342
6035	670
6036	543
6037	190
6038	997
6039	841
6040	639
6041	86
6042	147
6043	157
6044	599
6045	628
6046	667
6047	910
6048	134
6049	468
6050	379
6051	450
6052	127
6053	856
6054	631
6055	281
6056	63
6057	165
6058	658
6059	800
6060	170
6061	527
6062	875
6063	443
6064	135
6065	287
6066	721
6067	981
6068	889
6069	520
6070	793
6071	134
6072	552
6073	272
6074	696
6075	350
6076	981
6077	823
6078	102
6079	54
6080	547
6081	186
6082	618
6083	508
6084	155
6085	70
6086	420
6087	355
6088	267
6089	867
6090	148
6091	966
6092	228
6093	484
6094	568
6095	422
6096	188
6097	461
6098	228
6099	430
6100	669
6101	544
6102	779
6103	266
6104	606
6105	477
6106	551
6107	623
6108	56
6109	635
6110	365
6111	660
6112	208
6113	29
6114	966
6115	422
6116	403
6117	583
6118	29
6119	165
6120	148
6121	979
6122	712
6123	194
6124	306
6125	806
6126	843
6127	149
6128	739
6129	181
6130	176
6131	677
6132	838
6133	36
6134	268
6135	529
6136	204
6137	779
6138	199
6139	284
6140	578
6141	301
6142	678
6143	62
6144	527
6145	69
6146	348
6147	84
6148	137
6149	54
6150	282
6151	803
6152	321
6153	694
6154	329
6155	993
6156	925
6157	594
6158	492
6159	228
6160	779
6161	441
6162	839
6163	212
6164	233
6165	142
6166	981
6167	22
6168	951
6169	71
6170	471
6171	263
6172	617
6173	947
6174	540
6175	178
6176	864
6177	680
6178	752
6179	433
6180	657
6181	848
6182	193
6183	779
6184	34
6185	495
6186	595
6187	509
6188	614
6189	479
6190	971
6191	526
6192	459
6193	243
6194	224
6195	507
6196	730
6197	166
6198	331
6199	453
6200	219
6201	95
6202	427
6203	879
6204	776
6205	360
6206	556
6207	148
6208	239
6209	925
6210	561
6211	407
6212	259
6213	742
6214	184
6215	430
6216	116
6217	241
6218	718
6219	193
6220	918
6221	56
6222	894
6223	669
6224	365
6225	751
6226	889
6227	337
6228	58
6229	635
6230	741
6231	890
6232	638
6233	209
6234	449
6235	270
6236	187
6237	608
6238	621
6239	347
6240	241
6241	185
6242	134
6243	140
6244	866
6245	49
6246	793
6247	502
6248	337
6249	137
6250	918
6251	548
6252	429
6253	460
6254	987
6255	266
6256	282
6257	60
6258	557
6259	543
6260	485
6261	256
6262	825
6263	789
6264	392
6265	216
6266	143
6267	922
6268	579
6269	264
6270	881
6271	444
6272	749
6273	547
6274	341
6275	987
6276	88
6277	903
6278	327
6279	340
6280	575
6281	106
6282	891
6283	252
6284	116
6285	718
6286	201
6287	376
6288	886
6289	851
6290	676
6291	934
6292	218
6293	124
6294	635
6295	906
6296	429
6297	868
6298	446
6299	32
6300	118
6301	447
6302	44
6303	917
6304	806
6305	547
6306	483
6307	902
6308	891
6309	190
6310	880
6311	164
6312	338
6313	54
6314	740
6315	169
6316	639
6317	247
6318	299
6319	738
6320	970
6321	744
6322	751
6323	696
6324	677
6325	844
6326	650
6327	612
6328	391
6329	545
6330	545
6331	842
6332	270
6333	432
6334	438
6335	594
6336	222
6337	566
6338	51
6339	502
6340	760
6341	381
6342	421
6343	968
6344	133
6345	522
6346	927
6347	836
6348	75
6349	64
6350	621
6351	222
6352	571
6353	486
6354	721
6355	832
6356	437
6357	966
6358	958
6359	20
6360	580
6361	500
6362	985
6363	876
6364	445
6365	144
6366	512
6367	619
6368	399
6369	578
6370	858
6371	528
6372	446
6373	149
6374	187
6375	586
6376	192
6377	263
6378	744
6379	882
6380	465
6381	254
6382	326
6383	967
6384	607
6385	780
6386	998
6387	226
6388	95
6389	204
6390	133
6391	489
6392	548
6393	338
6394	590
6395	153
6396	732
6397	131
6398	26
6399	485
6400	927
6401	628
6402	150
6403	86
6404	126
6405	913
6406	120
6407	249
6408	46
6409	152
6410	745
6411	804
6412	902
6413	105
6414	706
6415	892
6416	515
6417	114
6418	642
6419	655
6420	741
6421	15
6422	242
6423	53
6424	767
6425	84
6426	574
6427	170
6428	319
6429	510
6430	599
6431	492
6432	355
6433	602
6434	907
6435	149
6436	305
6437	87
6438	692
6439	378
6440	421
6441	58
6442	727
6443	743
6444	436
6445	433
6446	145
6447	778
6448	302
6449	46
6450	124
6451	474
6452	476
6453	51
6454	657
6455	85
6456	917
6457	401
6458	479
6459	85
6460	50
6461	362
6462	146
6463	235
6464	655
6465	744
6466	262
6467	914
6468	20
6469	264
6470	707
6471	935
6472	38
6473	73
6474	690
6475	653
6476	390
6477	675
6478	23
6479	713
6480	608
6481	597
6482	261
6483	231
6484	377
6485	881
6486	963
6487	949
6488	258
6489	491
6490	311
6491	509
6492	671
6493	57
6494	485
6495	537
6496	15
6497	472
6498	58
6499	448
6500	786
6501	157
6502	493
6503	905
6504	664
6505	638
6506	306
6507	397
6508	653
6509	129
6510	304
6511	227
6512	249
6513	124
6514	774
6515	902
6516	595
6517	605
6518	594
6519	970
6520	576
6521	86
6522	448
6523	527
6524	253
6525	69
6526	915
6527	433
6528	221
6529	916
6530	467
6531	69
6532	910
6533	470
6534	85
6535	351
6536	149
6537	95
6538	382
6539	270
6540	333
6541	902
6542	126
6543	649
6544	671
6545	163
6546	962
6547	204
6548	938
6549	706
6550	636
6551	232
6552	307
6553	103
6554	812
6555	353
6556	187
6557	741
6558	18
6559	568
6560	390
6561	800
6562	911
6563	120
6564	488
6565	457
6566	814
6567	619
6568	647
6569	58
6570	856
6571	451
6572	301
6573	165
6574	944
6575	273
6576	977
6577	886
6578	994
6579	336
6580	507
6581	850
6582	378
6583	760
6584	153
6585	475
6586	789
6587	186
6588	445
6589	517
6590	253
6591	644
6592	328
6593	16
6594	860
6595	502
6596	751
6597	485
6598	899
6599	185
6600	844
6601	271
6602	779
6603	883
6604	211
6605	922
6606	820
6607	647
6608	836
6609	533
6610	360
6611	927
6612	825
6613	939
6614	980
6615	641
6616	864
6617	591
6618	382
6619	739
6620	449
6621	80
6622	983
6623	327
6624	157
6625	486
6626	18
6627	512
6628	215
6629	239
6630	383
6631	522
6632	420
6633	313
6634	775
6635	85
6636	365
6637	228
6638	169
6639	726
6640	899
6641	313
6642	906
6643	440
6644	93
6645	32
6646	914
6647	374
6648	633
6649	880
6650	143
6651	956
6652	92
6653	997
6654	230
6655	135
6656	650
6657	866
6658	370
6659	461
6660	35
6661	957
6662	79
6663	693
6664	394
6665	679
6666	553
6667	330
6668	42
6669	865
6670	636
6671	175
6672	209
6673	415
6674	93
6675	609
6676	849
6677	544
6678	507
6679	185
6680	498
6681	75
6682	356
6683	371
6684	429
6685	360
6686	704
6687	834
6688	814
6689	422
6690	679
6691	624
6692	228
6693	331
6694	944
6695	967
6696	839
6697	808
6698	884
6699	864
6700	668
6701	459
6702	580
6703	420
6704	31
6705	488
6706	721
6707	517
6708	825
6709	396
6710	240
6711	658
6712	439
6713	545
6714	970
6715	648
6716	563
6717	734
6718	797
6719	840
6720	162
6721	697
6722	773
6723	980
6724	146
6725	348
6726	429
6727	105
6728	438
6729	459
6730	627
6731	462
6732	504
6733	102
6734	517
6735	12
6736	715
6737	147
6738	985
6739	640
6740	180
6741	345
6742	220
6743	273
6744	526
6745	398
6746	796
6747	852
6748	135
6749	260
6750	745
6751	45
6752	195
6753	519
6754	253
6755	262
6756	707
6757	867
6758	154
6759	692
6760	330
6761	985
6762	192
6763	897
6764	115
6765	317
6766	221
6767	607
6768	19
6769	978
6770	980
6771	489
6772	845
6773	263
6774	344
6775	230
6776	672
6777	588
6778	415
6779	827
6780	987
6781	38
6782	689
6783	665
6784	682
6785	679
6786	67
6787	749
6788	981
6789	201
6790	663
6791	210
6792	888
6793	70
6794	61
6795	929
6796	338
6797	684
6798	832
6799	319
6800	316
6801	642
6802	444
6803	278
6804	460
6805	685
6806	648
6807	224
6808	485
6809	771
6810	390
6811	283
6812	557
6813	587
6814	26
6815	641
6816	100
6817	949
6818	485
6819	481
6820	487
6821	239
6822	561
6823	56
6824	814
6825	222
6826	799
6827	128
6828	159
6829	669
6830	602
6831	675
6832	433
6833	373
6834	71
6835	157
6836	199
6837	238
6838	365
6839	523
6840	706
6841	257
6842	229
6843	41
6844	299
6845	722
6846	562
6847	902
6848	762
6849	845
6850	942
6851	140
6852	799
6853	759
6854	559
6855	312
6856	44
6857	823
6858	91
6859	140
6860	928
6861	154
6862	604
6863	932
6864	323
6865	598
6866	993
6867	488
6868	268
6869	326
6870	131
6871	940
6872	775
6873	593
6874	560
6875	975
6876	880
6877	364
6878	53
6879	233
6880	306
6881	647
6882	257
6883	309
6884	985
6885	253
6886	23
6887	565
6888	27
6889	964
6890	190
6891	934
6892	598
6893	181
6894	113
6895	58
6896	275
6897	60
6898	907
6899	690
6900	371
6901	739
6902	935
6903	166
6904	959
6905	362
6906	118
6907	163
6908	518
6909	823
6910	433
6911	32
6912	717
6913	212
6914	686
6915	533
6916	269
6917	798
6918	405
6919	348
6920	886
6921	699
6922	506
6923	439
6924	238
6925	431
6926	959
6927	926
6928	92
6929	888
6930	240
6931	108
6932	721
6933	544
6934	266
6935	903
6936	605
6937	529
6938	905
6939	571
6940	897
6941	89
6942	505
6943	643
6944	755
6945	38
6946	475
6947	646
6948	477
6949	629
6950	194
6951	682
6952	901
6953	204
6954	603
6955	49
6956	563
6957	868
6958	565
6959	391
6960	716
6961	324
6962	26
6963	425
6964	107
6965	780
6966	845
6967	515
6968	958
6969	21
6970	233
6971	122
6972	374
6973	461
6974	336
6975	643
6976	967
6977	115
6978	152
6979	916
6980	839
6981	662
6982	701
6983	286
6984	791
6985	321
6986	227
6987	650
6988	854
6989	125
6990	891
6991	392
6992	880
6993	291
6994	894
6995	192
6996	432
6997	566
6998	720
6999	342
7000	143
7001	864
7002	839
7003	251
7004	705
7005	289
7006	19
7007	582
7008	18
7009	39
7010	282
7011	503
7012	507
7013	688
7014	406
7015	803
7016	420
7017	33
7018	821
7019	549
7020	747
7021	32
7022	113
7023	978
7024	163
7025	648
7026	706
7027	809
7028	399
7029	948
7030	889
7031	536
7032	627
7033	587
7034	955
7035	761
7036	75
7037	29
7038	240
7039	758
7040	637
7041	870
7042	96
7043	676
7044	365
7045	614
7046	125
7047	764
7048	304
7049	256
7050	117
7051	758
7052	461
7053	948
7054	214
7055	493
7056	41
7057	375
7058	239
7059	666
7060	613
7061	178
7062	232
7063	695
7064	934
7065	115
7066	476
7067	313
7068	638
7069	336
7070	184
7071	475
7072	945
7073	330
7074	455
7075	402
7076	657
7077	290
7078	710
7079	547
7080	490
7081	615
7082	97
7083	309
7084	931
7085	267
7086	285
7087	459
7088	459
7089	275
7090	579
7091	716
7092	802
7093	695
7094	41
7095	852
7096	824
7097	914
7098	935
7099	48
7100	378
7101	607
7102	212
7103	257
7104	351
7105	649
7106	746
7107	653
7108	887
7109	411
7110	677
7111	21
7112	277
7113	551
7114	100
7115	889
7116	382
7117	526
7118	777
7119	791
7120	327
7121	731
7122	647
7123	213
7124	533
7125	605
7126	825
7127	362
7128	626
7129	804
7130	784
7131	952
7132	470
7133	458
7134	885
7135	585
7136	719
7137	828
7138	124
7139	95
7140	494
7141	34
7142	216
7143	270
7144	256
7145	339
7146	341
7147	522
7148	727
7149	903
7150	397
7151	692
7152	472
7153	982
7154	290
7155	899
7156	955
7157	827
7158	778
7159	105
7160	176
7161	786
7162	334
7163	411
7164	923
7165	659
7166	827
7167	623
7168	335
7169	560
7170	610
7171	486
7172	797
7173	120
7174	199
7175	966
7176	246
7177	510
7178	476
7179	541
7180	500
7181	292
7182	993
7183	781
7184	620
7185	390
7186	538
7187	362
7188	143
7189	689
7190	391
7191	602
7192	818
7193	647
7194	13
7195	313
7196	835
7197	63
7198	832
7199	393
7200	958
7201	454
7202	659
7203	486
7204	785
7205	714
7206	625
7207	830
7208	539
7209	177
7210	642
7211	598
7212	572
7213	588
7214	122
7215	990
7216	807
7217	217
7218	518
7219	785
7220	358
7221	295
7222	804
7223	488
7224	77
7225	634
7226	358
7227	487
7228	786
7229	912
7230	860
7231	968
7232	741
7233	56
7234	496
7235	165
7236	131
7237	196
7238	991
7239	680
7240	25
7241	705
7242	532
7243	47
7244	378
7245	772
7246	523
7247	689
7248	779
7249	485
7250	437
7251	913
7252	980
7253	239
7254	376
7255	790
7256	293
7257	806
7258	284
7259	718
7260	938
7261	245
7262	324
7263	188
7264	242
7265	94
7266	897
7267	853
7268	985
7269	50
7270	114
7271	643
7272	606
7273	369
7274	937
7275	236
7276	981
7277	111
7278	340
7279	523
7280	856
7281	306
7282	238
7283	455
7284	393
7285	173
7286	850
7287	651
7288	25
7289	517
7290	58
7291	968
7292	278
7293	556
7294	165
7295	251
7296	240
7297	530
7298	847
7299	840
7300	169
7301	811
7302	839
7303	958
7304	560
7305	282
7306	353
7307	297
7308	621
7309	76
7310	251
7311	530
7312	785
7313	223
7314	366
7315	561
7316	378
7317	666
7318	832
7319	848
7320	396
7321	535
7322	557
7323	281
7324	479
7325	621
7326	299
7327	936
7328	757
7329	869
7330	544
7331	274
7332	943
7333	561
7334	338
7335	898
7336	137
7337	332
7338	987
7339	770
7340	78
7341	530
7342	264
7343	969
7344	51
7345	106
7346	180
7347	900
7348	637
7349	943
7350	849
7351	728
7352	155
7353	332
7354	318
7355	807
7356	16
7357	631
7358	836
7359	732
7360	804
7361	230
7362	304
7363	926
7364	312
7365	444
7366	146
7367	285
7368	72
7369	450
7370	913
7371	735
7372	522
7373	568
7374	534
7375	410
7376	143
7377	42
7378	459
7379	735
7380	783
7381	910
7382	677
7383	959
7384	740
7385	983
7386	739
7387	624
7388	822
7389	356
7390	643
7391	435
7392	321
7393	663
7394	845
7395	294
7396	870
7397	850
7398	804
7399	131
7400	443
7401	789
7402	586
7403	800
7404	278
7405	558
7406	766
7407	501
7408	355
7409	750
7410	590
7411	556
7412	380
7413	38
7414	317
7415	692
7416	41
7417	274
7418	167
7419	589
7420	245
7421	729
7422	681
7423	786
7424	853
7425	327
7426	470
7427	379
7428	153
7429	658
7430	391
7431	908
7432	363
7433	307
7434	445
7435	570
7436	913
7437	922
7438	677
7439	77
7440	494
7441	54
7442	829
7443	781
7444	504
7445	546
7446	180
7447	534
7448	130
7449	334
7450	99
7451	968
7452	489
7453	439
7454	719
7455	602
7456	511
7457	805
7458	556
7459	906
7460	571
7461	16
7462	432
7463	933
7464	992
7465	206
7466	16
7467	999
7468	365
7469	128
7470	18
7471	891
7472	92
7473	759
7474	240
7475	18
7476	391
7477	509
7478	958
7479	928
7480	727
7481	559
7482	266
7483	220
7484	402
7485	896
7486	817
7487	827
7488	532
7489	326
7490	22
7491	269
7492	811
7493	238
7494	857
7495	317
7496	480
7497	822
7498	965
7499	231
7500	329
7501	314
7502	651
7503	710
7504	562
7505	730
7506	698
7507	312
7508	551
7509	170
7510	719
7511	398
7512	686
7513	84
7514	883
7515	394
7516	780
7517	262
7518	155
7519	163
7520	184
7521	125
7522	83
7523	743
7524	892
7525	318
7526	343
7527	64
7528	135
7529	394
7530	758
7531	252
7532	695
7533	252
7534	276
7535	13
7536	893
7537	309
7538	626
7539	58
7540	969
7541	158
7542	608
7543	92
7544	70
7545	398
7546	707
7547	816
7548	918
7549	806
7550	630
7551	582
7552	303
7553	671
7554	955
7555	616
7556	567
7557	454
7558	562
7559	798
7560	548
7561	167
7562	187
7563	110
7564	326
7565	881
7566	77
7567	17
7568	247
7569	851
7570	739
7571	828
7572	829
7573	47
7574	832
7575	272
7576	345
7577	677
7578	291
7579	362
7580	772
7581	379
7582	862
7583	460
7584	128
7585	149
7586	921
7587	487
7588	482
7589	205
7590	964
7591	606
7592	39
7593	471
7594	497
7595	943
7596	719
7597	162
7598	67
7599	435
7600	38
7601	793
7602	512
7603	890
7604	244
7605	698
7606	303
7607	137
7608	214
7609	189
7610	45
7611	904
7612	304
7613	177
7614	913
7615	560
7616	778
7617	628
7618	222
7619	457
7620	653
7621	693
7622	430
7623	418
7624	877
7625	174
7626	523
7627	531
7628	169
7629	518
7630	431
7631	455
7632	32
7633	662
7634	717
7635	644
7636	545
7637	994
7638	432
7639	468
7640	459
7641	353
7642	528
7643	529
7644	471
7645	580
7646	388
7647	610
7648	53
7649	640
7650	381
7651	582
7652	705
7653	448
7654	360
7655	594
7656	984
7657	970
7658	265
7659	648
7660	719
7661	625
7662	470
7663	434
7664	872
7665	672
7666	634
7667	694
7668	640
7669	348
7670	693
7671	709
7672	460
7673	991
7674	520
7675	790
7676	415
7677	423
7678	313
7679	806
7680	814
7681	396
7682	428
7683	145
7684	396
7685	253
7686	763
7687	94
7688	349
7689	181
7690	504
7691	981
7692	661
7693	787
7694	568
7695	867
7696	620
7697	323
7698	353
7699	957
7700	833
7701	552
7702	321
7703	852
7704	763
7705	196
7706	289
7707	773
7708	255
7709	174
7710	377
7711	839
7712	771
7713	341
7714	438
7715	189
7716	914
7717	628
7718	749
7719	712
7720	850
7721	285
7722	940
7723	887
7724	814
7725	588
7726	770
7727	110
7728	689
7729	489
7730	716
7731	316
7732	742
7733	524
7734	692
7735	712
7736	281
7737	280
7738	658
7739	241
7740	77
7741	617
7742	943
7743	888
7744	812
7745	475
7746	983
7747	912
7748	525
7749	406
7750	943
7751	34
7752	977
7753	25
7754	313
7755	584
7756	311
7757	213
7758	411
7759	245
7760	850
7761	584
7762	426
7763	285
7764	709
7765	302
7766	962
7767	64
7768	542
7769	502
7770	349
7771	483
7772	570
7773	509
7774	420
7775	121
7776	681
7777	926
7778	979
7779	343
7780	890
7781	819
7782	395
7783	353
7784	799
7785	262
7786	979
7787	295
7788	225
7789	994
7790	287
7791	822
7792	652
7793	198
7794	704
7795	308
7796	281
7797	902
7798	333
7799	121
7800	610
7801	827
7802	987
7803	380
7804	844
7805	621
7806	376
7807	140
7808	318
7809	313
7810	375
7811	739
7812	796
7813	760
7814	363
7815	367
7816	839
7817	321
7818	629
7819	792
7820	660
7821	701
7822	931
7823	748
7824	809
7825	745
7826	171
7827	38
7828	190
7829	556
7830	506
7831	921
7832	37
7833	383
7834	497
7835	78
7836	874
7837	811
7838	72
7839	990
7840	433
7841	322
7842	226
7843	437
7844	568
7845	547
7846	614
7847	854
7848	306
7849	169
7850	338
7851	908
7852	736
7853	931
7854	460
7855	907
7856	114
7857	713
7858	263
7859	187
7860	405
7861	671
7862	900
7863	64
7864	419
7865	22
7866	98
7867	871
7868	128
7869	519
7870	717
7871	119
7872	826
7873	150
7874	688
7875	353
7876	822
7877	811
7878	610
7879	56
7880	123
7881	15
7882	741
7883	412
7884	952
7885	338
7886	409
7887	88
7888	235
7889	814
7890	859
7891	443
7892	700
7893	248
7894	990
7895	225
7896	121
7897	572
7898	673
7899	799
7900	818
7901	206
7902	132
7903	744
7904	900
7905	125
7906	362
7907	882
7908	999
7909	973
7910	152
7911	74
7912	364
7913	800
7914	687
7915	835
7916	510
7917	948
7918	245
7919	555
7920	102
7921	750
7922	505
7923	919
7924	256
7925	26
7926	358
7927	187
7928	483
7929	234
7930	863
7931	331
7932	419
7933	283
7934	106
7935	392
7936	904
7937	153
7938	477
7939	577
7940	172
7941	770
7942	948
7943	997
7944	502
7945	121
7946	852
7947	775
7948	990
7949	309
7950	853
7951	979
7952	149
7953	948
7954	717
7955	668
7956	774
7957	35
7958	918
7959	605
7960	243
7961	548
7962	372
7963	783
7964	677
7965	978
7966	206
7967	720
7968	408
7969	403
7970	533
7971	82
7972	601
7973	382
7974	701
7975	88
7976	998
7977	922
7978	913
7979	44
7980	29
7981	693
7982	671
7983	996
7984	114
7985	842
7986	20
7987	712
7988	706
7989	928
7990	911
7991	214
7992	452
7993	610
7994	56
7995	943
7996	938
7997	686
7998	308
7999	500
8000	482
8001	784
8002	759
8003	909
8004	688
8005	637
8006	995
8007	495
8008	779
8009	783
8010	690
8011	267
8012	265
8013	172
8014	794
8015	55
8016	759
8017	154
8018	985
8019	190
8020	910
8021	706
8022	968
8023	821
8024	578
8025	849
8026	278
8027	295
8028	53
8029	203
8030	481
8031	955
8032	138
8033	681
8034	984
8035	564
8036	582
8037	822
8038	777
8039	272
8040	995
8041	889
8042	797
8043	468
8044	363
8045	745
8046	737
8047	963
8048	119
8049	679
8050	67
8051	965
8052	434
8053	181
8054	966
8055	776
8056	143
8057	999
8058	18
8059	445
8060	417
8061	498
8062	683
8063	203
8064	433
8065	447
8066	374
8067	333
8068	149
8069	533
8070	662
8071	811
8072	714
8073	559
8074	326
8075	986
8076	312
8077	317
8078	215
8079	790
8080	619
8081	180
8082	342
8083	410
8084	759
8085	842
8086	33
8087	179
8088	468
8089	691
8090	185
8091	280
8092	784
8093	430
8094	773
8095	58
8096	860
8097	189
8098	520
8099	508
8100	695
8101	131
8102	749
8103	546
8104	868
8105	563
8106	974
8107	402
8108	695
8109	743
8110	479
8111	330
8112	815
8113	649
8114	113
8115	574
8116	164
8117	587
8118	217
8119	521
8120	74
8121	191
8122	756
8123	215
8124	132
8125	863
8126	337
8127	947
8128	425
8129	308
8130	486
8131	355
8132	32
8133	273
8134	356
8135	147
8136	143
8137	904
8138	271
8139	792
8140	377
8141	710
8142	780
8143	926
8144	970
8145	752
8146	463
8147	571
8148	515
8149	663
8150	433
8151	218
8152	77
8153	780
8154	134
8155	173
8156	200
8157	818
8158	814
8159	269
8160	914
8161	328
8162	146
8163	369
8164	205
8165	57
8166	178
8167	899
8168	112
8169	462
8170	176
8171	51
8172	55
8173	727
8174	333
8175	43
8176	185
8177	664
8178	548
8179	401
8180	219
8181	563
8182	22
8183	408
8184	281
8185	334
8186	215
8187	722
8188	259
8189	17
8190	506
8191	658
8192	982
8193	459
8194	438
8195	366
8196	657
8197	183
8198	423
8199	714
8200	324
8201	10
8202	809
8203	464
8204	264
8205	873
8206	360
8207	942
8208	438
8209	990
8210	947
8211	862
8212	580
8213	185
8214	497
8215	714
8216	314
8217	427
8218	807
8219	902
8220	467
8221	395
8222	788
8223	892
8224	364
8225	467
8226	30
8227	843
8228	81
8229	763
8230	371
8231	167
8232	660
8233	172
8234	637
8235	387
8236	292
8237	749
8238	738
8239	311
8240	194
8241	213
8242	700
8243	51
8244	312
8245	831
8246	74
8247	317
8248	362
8249	712
8250	739
8251	205
8252	424
8253	142
8254	268
8255	664
8256	834
8257	286
8258	773
8259	185
8260	542
8261	189
8262	855
8263	210
8264	580
8265	757
8266	607
8267	202
8268	463
8269	115
8270	688
8271	883
8272	867
8273	88
8274	415
8275	805
8276	478
8277	595
8278	261
8279	871
8280	33
8281	862
8282	213
8283	222
8284	361
8285	577
8286	133
8287	880
8288	463
8289	905
8290	669
8291	85
8292	493
8293	530
8294	238
8295	19
8296	678
8297	983
8298	878
8299	279
8300	380
8301	732
8302	14
8303	39
8304	868
8305	654
8306	61
8307	857
8308	561
8309	477
8310	264
8311	869
8312	763
8313	685
8314	928
8315	525
8316	514
8317	599
8318	420
8319	978
8320	465
8321	72
8322	567
8323	870
8324	946
8325	133
8326	241
8327	380
8328	143
8329	93
8330	508
8331	351
8332	538
8333	978
8334	409
8335	416
8336	529
8337	220
8338	840
8339	879
8340	993
8341	922
8342	493
8343	767
8344	416
8345	866
8346	518
8347	176
8348	153
8349	13
8350	549
8351	686
8352	388
8353	146
8354	352
8355	90
8356	536
8357	660
8358	324
8359	271
8360	490
8361	833
8362	622
8363	796
8364	878
8365	573
8366	399
8367	471
8368	554
8369	814
8370	762
8371	184
8372	782
8373	178
8374	813
8375	540
8376	347
8377	890
8378	608
8379	390
8380	738
8381	329
8382	668
8383	785
8384	951
8385	873
8386	951
8387	819
8388	771
8389	349
8390	917
8391	973
8392	242
8393	452
8394	649
8395	380
8396	740
8397	60
8398	246
8399	116
8400	450
8401	780
8402	238
8403	413
8404	610
8405	896
8406	965
8407	77
8408	684
8409	570
8410	269
8411	944
8412	809
8413	573
8414	345
8415	391
8416	166
8417	345
8418	777
8419	444
8420	177
8421	720
8422	160
8423	394
8424	834
8425	407
8426	999
8427	852
8428	708
8429	496
8430	483
8431	165
8432	394
8433	763
8434	384
8435	844
8436	27
8437	730
8438	675
8439	932
8440	160
8441	730
8442	119
8443	717
8444	947
8445	487
8446	40
8447	163
8448	82
8449	681
8450	957
8451	52
8452	610
8453	494
8454	490
8455	876
8456	499
8457	622
8458	793
8459	92
8460	894
8461	868
8462	514
8463	32
8464	98
8465	797
8466	456
8467	690
8468	128
8469	92
8470	955
8471	996
8472	994
8473	562
8474	736
8475	878
8476	464
8477	703
8478	917
8479	65
8480	874
8481	121
8482	54
8483	253
8484	477
8485	971
8486	805
8487	275
8488	369
8489	565
8490	56
8491	23
8492	131
8493	667
8494	750
8495	119
8496	133
8497	882
8498	862
8499	950
8500	324
8501	832
8502	138
8503	430
8504	503
8505	80
8506	829
8507	333
8508	203
8509	411
8510	513
8511	73
8512	603
8513	725
8514	542
8515	766
8516	125
8517	614
8518	457
8519	487
8520	527
8521	724
8522	914
8523	100
8524	520
8525	189
8526	842
8527	484
8528	243
8529	594
8530	360
8531	368
8532	588
8533	297
8534	995
8535	528
8536	630
8537	240
8538	608
8539	745
8540	49
8541	917
8542	598
8543	381
8544	140
8545	501
8546	808
8547	306
8548	90
8549	90
8550	711
8551	238
8552	366
8553	16
8554	392
8555	628
8556	993
8557	55
8558	464
8559	234
8560	117
8561	189
8562	807
8563	853
8564	773
8565	71
8566	718
8567	960
8568	241
8569	235
8570	951
8571	842
8572	553
8573	750
8574	992
8575	612
8576	891
8577	156
8578	895
8579	228
8580	609
8581	480
8582	203
8583	370
8584	775
8585	510
8586	40
8587	556
8588	201
8589	440
8590	154
8591	130
8592	129
8593	745
8594	160
8595	70
8596	456
8597	199
8598	892
8599	840
8600	398
8601	375
8602	847
8603	300
8604	266
8605	620
8606	635
8607	492
8608	759
8609	211
8610	700
8611	551
8612	931
8613	71
8614	741
8615	320
8616	730
8617	175
8618	212
8619	152
8620	291
8621	502
8622	741
8623	970
8624	566
8625	854
8626	944
8627	425
8628	795
8629	169
8630	332
8631	154
8632	311
8633	167
8634	523
8635	837
8636	161
8637	915
8638	440
8639	516
8640	723
8641	862
8642	32
8643	739
8644	877
8645	151
8646	171
8647	165
8648	664
8649	868
8650	303
8651	137
8652	216
8653	500
8654	855
8655	227
8656	830
8657	267
8658	42
8659	278
8660	979
8661	227
8662	979
8663	63
8664	327
8665	980
8666	878
8667	49
8668	783
8669	138
8670	532
8671	130
8672	749
8673	127
8674	34
8675	774
8676	223
8677	482
8678	532
8679	790
8680	239
8681	365
8682	461
8683	749
8684	817
8685	146
8686	939
8687	310
8688	102
8689	89
8690	885
8691	547
8692	655
8693	544
8694	617
8695	591
8696	555
8697	948
8698	681
8699	273
8700	553
8701	732
8702	269
8703	851
8704	369
8705	666
8706	526
8707	52
8708	328
8709	798
8710	321
8711	711
8712	920
8713	642
8714	342
8715	230
8716	425
8717	637
8718	393
8719	228
8720	938
8721	26
8722	34
8723	477
8724	896
8725	708
8726	637
8727	168
8728	580
8729	402
8730	959
8731	301
8732	665
8733	11
8734	559
8735	956
8736	483
8737	56
8738	696
8739	544
8740	615
8741	894
8742	47
8743	928
8744	975
8745	194
8746	338
8747	182
8748	269
8749	947
8750	239
8751	860
8752	475
8753	108
8754	117
8755	885
8756	263
8757	51
8758	619
8759	471
8760	758
8761	517
8762	225
8763	131
8764	238
8765	355
8766	52
8767	62
8768	912
8769	619
8770	654
8771	840
8772	275
8773	810
8774	820
8775	480
8776	219
8777	615
8778	833
8779	445
8780	387
8781	759
8782	887
8783	554
8784	412
8785	446
8786	130
8787	518
8788	302
8789	269
8790	36
8791	245
8792	636
8793	616
8794	850
8795	457
8796	49
8797	547
8798	558
8799	234
8800	166
8801	717
8802	397
8803	396
8804	749
8805	580
8806	387
8807	39
8808	154
8809	203
8810	967
8811	833
8812	408
8813	632
8814	476
8815	373
8816	633
8817	516
8818	219
8819	889
8820	188
8821	960
8822	643
8823	379
8824	938
8825	574
8826	342
8827	346
8828	471
8829	439
8830	404
8831	144
8832	864
8833	668
8834	634
8835	617
8836	577
8837	84
8838	11
8839	170
8840	989
8841	816
8842	369
8843	327
8844	725
8845	889
8846	199
8847	664
8848	721
8849	448
8850	647
8851	255
8852	808
8853	430
8854	145
8855	914
8856	695
8857	876
8858	697
8859	534
8860	81
8861	625
8862	970
8863	604
8864	535
8865	17
8866	23
8867	286
8868	920
8869	448
8870	895
8871	687
8872	989
8873	780
8874	408
8875	145
8876	627
8877	711
8878	297
8879	339
8880	950
8881	837
8882	401
8883	42
8884	956
8885	300
8886	407
8887	403
8888	906
8889	857
8890	672
8891	961
8892	357
8893	576
8894	179
8895	197
8896	948
8897	520
8898	211
8899	714
8900	474
8901	590
8902	544
8903	627
8904	610
8905	51
8906	492
8907	315
8908	777
8909	900
8910	75
8911	349
8912	281
8913	608
8914	863
8915	411
8916	993
8917	539
8918	18
8919	78
8920	373
8921	530
8922	195
8923	950
8924	135
8925	710
8926	153
8927	287
8928	834
8929	481
8930	356
8931	277
8932	76
8933	270
8934	461
8935	303
8936	64
8937	334
8938	803
8939	124
8940	672
8941	901
8942	460
8943	964
8944	765
8945	330
8946	220
8947	341
8948	599
8949	271
8950	406
8951	458
8952	57
8953	593
8954	568
8955	553
8956	139
8957	940
8958	839
8959	130
8960	214
8961	751
8962	443
8963	654
8964	657
8965	259
8966	909
8967	18
8968	680
8969	636
8970	93
8971	977
8972	450
8973	497
8974	683
8975	274
8976	39
8977	616
8978	861
8979	730
8980	24
8981	886
8982	266
8983	797
8984	594
8985	96
8986	962
8987	582
8988	226
8989	175
8990	860
8991	381
8992	991
8993	88
8994	20
8995	481
8996	987
8997	114
8998	71
8999	857
9000	677
9001	640
9002	905
9003	265
9004	643
9005	706
9006	472
9007	352
9008	132
9009	28
9010	566
9011	115
9012	385
9013	87
9014	565
9015	865
9016	398
9017	194
9018	608
9019	844
9020	763
9021	234
9022	184
9023	651
9024	327
9025	206
9026	782
9027	694
9028	646
9029	978
9030	86
9031	161
9032	686
9033	504
9034	938
9035	509
9036	347
9037	436
9038	335
9039	790
9040	398
9041	942
9042	660
9043	354
9044	533
9045	109
9046	839
9047	613
9048	801
9049	615
9050	251
9051	18
9052	697
9053	806
9054	123
9055	518
9056	94
9057	188
9058	612
9059	264
9060	810
9061	52
9062	647
9063	958
9064	701
9065	560
9066	750
9067	612
9068	255
9069	271
9070	420
9071	870
9072	826
9073	71
9074	926
9075	959
9076	886
9077	939
9078	120
9079	206
9080	890
9081	235
9082	389
9083	677
9084	724
9085	804
9086	186
9087	528
9088	198
9089	575
9090	375
9091	652
9092	364
9093	989
9094	462
9095	234
9096	844
9097	412
9098	578
9099	397
9100	159
9101	30
9102	425
9103	10
9104	365
9105	796
9106	580
9107	424
9108	857
9109	779
9110	46
9111	902
9112	359
9113	270
9114	751
9115	109
9116	188
9117	663
9118	192
9119	708
9120	54
9121	797
9122	199
9123	657
9124	712
9125	108
9126	147
9127	81
9128	490
9129	896
9130	624
9131	128
9132	320
9133	487
9134	86
9135	906
9136	669
9137	265
9138	870
9139	65
9140	282
9141	316
9142	723
9143	356
9144	973
9145	678
9146	530
9147	137
9148	84
9149	144
9150	224
9151	53
9152	767
9153	325
9154	584
9155	967
9156	975
9157	415
9158	103
9159	636
9160	219
9161	499
9162	357
9163	447
9164	275
9165	845
9166	697
9167	47
9168	910
9169	282
9170	860
9171	991
9172	385
9173	380
9174	750
9175	654
9176	213
9177	174
9178	836
9179	767
9180	763
9181	57
9182	896
9183	464
9184	611
9185	101
9186	918
9187	98
9188	887
9189	456
9190	816
9191	75
9192	140
9193	577
9194	288
9195	258
9196	524
9197	371
9198	284
9199	739
9200	968
9201	879
9202	780
9203	624
9204	821
9205	431
9206	882
9207	873
9208	358
9209	343
9210	970
9211	950
9212	792
9213	469
9214	464
9215	773
9216	129
9217	762
9218	841
9219	40
9220	26
9221	88
9222	129
9223	153
9224	57
9225	74
9226	791
9227	980
9228	666
9229	738
9230	709
9231	626
9232	649
9233	839
9234	541
9235	159
9236	214
9237	350
9238	971
9239	388
9240	833
9241	496
9242	896
9243	998
9244	429
9245	859
9246	179
9247	153
9248	526
9249	143
9250	995
9251	311
9252	777
9253	877
9254	842
9255	973
9256	961
9257	39
9258	420
9259	815
9260	415
9261	639
9262	488
9263	730
9264	346
9265	724
9266	860
9267	693
9268	693
9269	68
9270	546
9271	565
9272	65
9273	584
9274	489
9275	218
9276	303
9277	715
9278	538
9279	538
9280	794
9281	456
9282	682
9283	737
9284	701
9285	643
9286	451
9287	317
9288	431
9289	610
9290	175
9291	337
9292	26
9293	29
9294	554
9295	871
9296	691
9297	959
9298	551
9299	393
9300	85
9301	531
9302	581
9303	375
9304	400
9305	798
9306	28
9307	180
9308	747
9309	100
9310	824
9311	610
9312	10
9313	880
9314	855
9315	557
9316	524
9317	461
9318	116
9319	24
9320	265
9321	869
9322	351
9323	81
9324	645
9325	593
9326	665
9327	761
9328	697
9329	436
9330	379
9331	129
9332	980
9333	531
9334	993
9335	292
9336	742
9337	310
9338	449
9339	224
9340	307
9341	662
9342	448
9343	664
9344	353
9345	815
9346	46
9347	310
9348	528
9349	851
9350	711
9351	102
9352	95
9353	76
9354	355
9355	541
9356	99
9357	988
9358	841
9359	349
9360	814
9361	90
9362	110
9363	243
9364	517
9365	789
9366	315
9367	108
9368	181
9369	624
9370	877
9371	572
9372	831
9373	664
9374	591
9375	39
9376	432
9377	431
9378	584
9379	53
9380	696
9381	527
9382	302
9383	871
9384	260
9385	771
9386	13
9387	103
9388	492
9389	205
9390	385
9391	897
9392	522
9393	52
9394	145
9395	842
9396	998
9397	958
9398	999
9399	85
9400	233
9401	154
9402	861
9403	671
9404	852
9405	367
9406	733
9407	477
9408	228
9409	997
9410	819
9411	360
9412	137
9413	175
9414	470
9415	769
9416	562
9417	398
9418	881
9419	343
9420	358
9421	637
9422	933
9423	351
9424	844
9425	791
9426	313
9427	155
9428	244
9429	898
9430	57
9431	978
9432	242
9433	330
9434	883
9435	170
9436	502
9437	439
9438	424
9439	63
9440	312
9441	515
9442	603
9443	638
9444	274
9445	865
9446	209
9447	204
9448	366
9449	639
9450	139
9451	352
9452	587
9453	472
9454	162
9455	330
9456	391
9457	803
9458	271
9459	365
9460	793
9461	808
9462	192
9463	458
9464	310
9465	958
9466	649
9467	85
9468	653
9469	819
9470	895
9471	27
9472	791
9473	22
9474	700
9475	225
9476	381
9477	573
9478	648
9479	74
9480	516
9481	305
9482	323
9483	394
9484	858
9485	634
9486	417
9487	486
9488	301
9489	261
9490	39
9491	625
9492	821
9493	683
9494	325
9495	293
9496	361
9497	182
9498	589
9499	664
9500	727
9501	526
9502	35
9503	146
9504	474
9505	262
9506	604
9507	773
9508	833
9509	177
9510	315
9511	404
9512	661
9513	10
9514	749
9515	546
9516	933
9517	58
9518	72
9519	520
9520	728
9521	229
9522	163
9523	519
9524	933
9525	613
9526	666
9527	20
9528	782
9529	519
9530	156
9531	423
9532	624
9533	891
9534	64
9535	77
9536	709
9537	103
9538	185
9539	509
9540	699
9541	636
9542	245
9543	575
9544	376
9545	304
9546	820
9547	742
9548	376
9549	569
9550	809
9551	460
9552	272
9553	909
9554	27
9555	596
9556	598
9557	399
9558	58
9559	394
9560	200
9561	696
9562	328
9563	794
9564	337
9565	829
9566	669
9567	180
9568	537
9569	173
9570	726
9571	684
9572	70
9573	734
9574	609
9575	656
9576	635
9577	682
9578	861
9579	747
9580	163
9581	95
9582	593
9583	671
9584	839
9585	397
9586	746
9587	492
9588	557
9589	14
9590	929
9591	257
9592	774
9593	486
9594	919
9595	62
9596	714
9597	479
9598	867
9599	356
9600	479
9601	333
9602	892
9603	923
9604	694
9605	855
9606	256
9607	376
9608	180
9609	982
9610	981
9611	557
9612	743
9613	425
9614	586
9615	129
9616	579
9617	394
9618	270
9619	58
9620	810
9621	375
9622	583
9623	203
9624	715
9625	252
9626	122
9627	837
9628	915
9629	843
9630	191
9631	350
9632	600
9633	378
9634	987
9635	821
9636	447
9637	402
9638	661
9639	183
9640	159
9641	676
9642	432
9643	716
9644	988
9645	336
9646	731
9647	376
9648	170
9649	542
9650	988
9651	58
9652	621
9653	990
9654	983
9655	667
9656	267
9657	632
9658	739
9659	879
9660	972
9661	913
9662	686
9663	49
9664	284
9665	520
9666	170
9667	349
9668	972
9669	238
9670	890
9671	938
9672	683
9673	555
9674	928
9675	91
9676	536
9677	306
9678	358
9679	790
9680	168
9681	715
9682	631
9683	922
9684	42
9685	900
9686	918
9687	865
9688	859
9689	878
9690	820
9691	417
9692	59
9693	686
9694	304
9695	260
9696	206
9697	147
9698	968
9699	559
9700	241
9701	766
9702	934
9703	742
9704	712
9705	329
9706	571
9707	504
9708	49
9709	494
9710	343
9711	540
9712	793
9713	835
9714	622
9715	78
9716	474
9717	444
9718	722
9719	76
9720	882
9721	312
9722	890
9723	748
9724	858
9725	675
9726	975
9727	506
9728	70
9729	320
9730	806
9731	129
9732	261
9733	86
9734	31
9735	297
9736	744
9737	590
9738	643
9739	892
9740	896
9741	425
9742	372
9743	770
9744	714
9745	723
9746	706
9747	215
9748	821
9749	384
9750	261
9751	765
9752	479
9753	417
9754	535
9755	521
9756	718
9757	397
9758	153
9759	280
9760	527
9761	600
9762	736
9763	127
9764	697
9765	642
9766	374
9767	458
9768	911
9769	711
9770	34
9771	306
9772	787
9773	844
9774	740
9775	581
9776	247
9777	460
9778	131
9779	277
9780	601
9781	861
9782	568
9783	189
9784	981
9785	150
9786	691
9787	128
9788	794
9789	263
9790	994
9791	281
9792	861
9793	589
9794	190
9795	661
9796	707
9797	120
9798	862
9799	387
9800	899
9801	93
9802	554
9803	339
9804	699
9805	341
9806	242
9807	188
9808	576
9809	759
9810	939
9811	362
9812	615
9813	686
9814	720
9815	678
9816	484
9817	787
9818	235
9819	811
9820	988
9821	479
9822	78
9823	178
9824	851
9825	753
9826	31
9827	792
9828	554
9829	731
9830	197
9831	776
9832	209
9833	315
9834	879
9835	555
9836	825
9837	97
9838	577
9839	835
9840	465
9841	896
9842	994
9843	240
9844	685
9845	417
9846	354
9847	473
9848	907
9849	37
9850	259
9851	987
9852	990
9853	381
9854	689
9855	321
9856	383
9857	44
9858	521
9859	233
9860	540
9861	772
9862	918
9863	743
9864	256
9865	732
9866	382
9867	275
9868	891
9869	422
9870	908
9871	12
9872	872
9873	606
9874	997
9875	893
9876	893
9877	820
9878	386
9879	268
9880	296
9881	643
9882	673
9883	157
9884	981
9885	705
9886	665
9887	963
9888	270
9889	725
9890	674
9891	352
9892	711
9893	600
9894	991
9895	783
9896	860
9897	901
9898	510
9899	290
9900	380
9901	462
9902	908
9903	255
9904	118
9905	526
9906	236
9907	653
9908	870
9909	172
9910	456
9911	217
9912	565
9913	325
9914	526
9915	32
9916	517
9917	373
9918	860
9919	486
9920	816
9921	86
9922	441
9923	36
9924	850
9925	791
9926	203
9927	383
9928	559
9929	434
9930	215
9931	50
9932	156
9933	595
9934	900
9935	378
9936	922
9937	666
9938	392
9939	308
9940	606
9941	802
9942	527
9943	762
9944	495
9945	173
9946	557
9947	382
9948	42
9949	157
9950	59
9951	46
9952	604
9953	256
9954	311
9955	751
9956	247
9957	858
9958	57
9959	700
9960	230
9961	715
9962	796
9963	715
9964	38
9965	73
9966	579
9967	296
9968	75
9969	393
9970	66
9971	831
9972	310
9973	618
9974	191
9975	847
9976	203
9977	317
9978	549
9979	996
9980	585
9981	866
9982	598
9983	286
9984	949
9985	956
9986	788
9987	523
9988	733
9989	39
9990	639
9991	919
9992	612
9993	93
9994	845
9995	707
9996	736
9997	323
9998	770
9999	147
10000	861
Classes	200
Teachers	100
1	41
2	32
3	16
4	80
5	80
6	15
7	96
8	77
9	19
10	91
11	36
12	15
13	49
14	44
15	52
16	67
17	43
18	26
19	9
20	59
21	64
22	90
23	66
24	19
25	84
26	61
27	10
28	76
29	52
30	79
31	14
32	20
33	29
34	95
35	46
36	92
37	45
38	42
39	56
40	46
41	95
42	100
43	44
44	72
45	92
46	85
47	47
48	13
49	69
50	98
51	60
52	55
53	82
54	2
55	84
56	63
57	39
58	50
59	64
60	82
61	85
62	67
63	54
64	3
65	83
66	51
67	53
68	51
69	71
70	38
71	5
72	74
73	26
74	66
75	53
76	90
77	86
78	72
79	76
80	78
81	3
82	14
83	73
84	93
85	48
86	78
87	100
88	11
89	37
90	7
91	86
92	60
93	45
94	54
95	8
96	70
97	94
98	70
99	16
100	71
101	20
102	83
103	31
104	79
105	93
106	97
107	29
108	5
109	56
110	21
111	89
112	42
113	49
114	4
115	98
116	10
117	23
118	4
119	41
120	75
121	18
122	35
123	99
124	43
125	88
126	77
127	59
128	96
129	31
130	73
131	68
132	25
133	22
134	50
135	25
136	88
137	34
138	32
139	22
140	63
141	13
142	81
143	65
144	11
145	30
146	38
147	99
148	18
149	30
150	21
151	87
152	36
153	17
154	2
155	1
156	89
157	61
158	7
159	55
160	1
161	9
162	40
163	58
164	91
165	94
166	75
167	81
168	62
169	87
170	40
171	27
172	57
173	8
174	35
175	39
176	12
177	65
178	6
179	74
180	57
181	69
182	37
183	68
184	48
185	28
186	97
187	33
188	27
189	62
190	24
191	24
192	6
193	58
194	23
195	34
196	17
197	33
198	28
199	47
200	12
