Class Times	20
Rooms	10000
1	617
2	881
3	57
4	537
5	897
6	394
7	75
8	73
9	151
10	258
11	394
12	985
13	453
14	562
15	837
16	489
17	842
18	73
19	941
20	37
21	93
22	681
23	649
24	737
25	563
26	870
27	375
28	606
29	458
30	671
31	636
32	399
33	567
34	733
35	951
36	295
37	338
38	205
39	944
40	70
41	643
42	501
43	99
44	539
45	691
46	428
47	353
48	796
49	811
50	667
51	59
52	560
53	410
54	26
55	460
56	777
57	732
58	833
59	673
60	839
61	887
62	224
63	28
64	258
65	885
66	422
67	514
68	920
69	910
70	893
71	625
72	662
73	120
74	376
75	155
76	336
77	26
78	645
79	98
80	711
81	819
82	903
83	369
84	384
85	727
86	759
87	142
88	128
89	499
90	812
91	525
92	761
93	613
94	487
95	48
96	665
97	783
98	877
99	758
100	793
101	57
102	378
103	702
104	139
105	394
106	909
107	530
108	492
109	52
110	708
111	964
112	856
113	626
114	484
115	648
116	524
117	88
118	864
119	24
120	453
121	171
122	60
123	196
124	621
125	421
126	288
127	472
128	524
129	960
130	237
131	557
132	847
133	552
134	114
135	994
136	199
137	847
138	103
139	518
140	771
141	859
142	945
143	528
144	419
145	511
146	159
147	343
148	466
149	595
150	202
151	499
152	207
153	956
154	256
155	886
156	936
157	416
158	243
159	216
160	154
161	559
162	928
163	180
164	620
165	716
166	461
167	87
168	778
169	924
170	59
171	16
172	129
173	811
174	425
175	435
176	564
177	785
178	259
179	229
180	734
181	815
182	741
183	576
184	707
185	905
186	688
187	467
188	690
189	824
190	144
191	75
192	173
193	836
194	781
195	677
196	537
197	538
198	948
199	445
200	666
201	39
202	248
203	243
204	625
205	972
206	873
207	160
208	881
209	324
210	352
211	148
212	56
213	400
214	49
215	256
216	427
217	401
218	619
219	775
220	150
221	774
222	615
223	997
224	589
225	180
226	363
227	587
228	12
229	472
230	973
231	746
232	446
233	354
234	185
235	411
236	357
237	840
238	256
239	411
240	255
241	575
242	519
243	268
244	475
245	585
246	312
247	296
248	769
249	859
250	418
251	238
252	871
253	499
254	630
255	363
256	610
257	783
258	289
259	382
260	790
261	292
262	446
263	721
264	336
265	46
266	133
267	775
268	655
269	714
270	293
271	830
272	694
273	665
274	767
275	403
276	126
277	69
278	725
279	846
280	56
281	107
282	964
283	29
284	409
285	533
286	291
287	632
288	661
289	732
290	890
291	264
292	171
293	527
294	868
295	159
296	351
297	324
298	318
299	643
300	326
301	302
302	669
303	400
304	720
305	953
306	82
307	877
308	898
309	617
310	454
311	452
312	982
313	778
314	825
315	504
316	73
317	357
318	458
319	156
320	153
321	722
322	769
323	743
324	357
325	988
326	413
327	496
328	316
329	965
330	157
331	779
332	199
333	22
334	241
335	69
336	624
337	646
338	556
339	465
340	777
341	134
342	809
343	859
344	339
345	530
346	622
347	283
348	452
349	978
350	711
351	311
352	437
353	139
354	685
355	544
356	760
357	872
358	332
359	579
360	226
361	692
362	946
363	774
364	649
365	515
366	789
367	170
368	260
369	897
370	258
371	816
372	100
373	416
374	174
375	291
376	128
377	230
378	211
379	457
380	70
381	25
382	96
383	752
384	544
385	844
386	384
387	250
388	488
389	923
390	419
391	962
392	449
393	911
394	639
395	809
396	523
397	882
398	927
399	53
400	777
401	981
402	92
403	43
404	402
405	380
406	17
407	462
408	948
409	899
410	85
411	551
412	643
413	678
414	170
415	80
416	79
417	331
418	758
419	308
420	619
421	233
422	845
423	383
424	299
425	435
426	14
427	363
428	924
429	100
430	479
431	426
432	882
433	927
434	387
435	713
436	337
437	18
438	701
439	83
440	920
441	792
442	549
443	609
444	607
445	243
446	933
447	477
448	847
449	492
450	931
451	819
452	821
453	47
454	969
455	778
456	414
457	501
458	919
459	319
460	488
461	126
462	962
463	983
464	986
465	215
466	587
467	71
468	49
469	723
470	445
471	114
472	656
473	56
474	159
475	969
476	189
477	480
478	41
479	932
480	787
481	816
482	676
483	628
484	703
485	234
486	560
487	527
488	532
489	768
490	72
491	49
492	481
493	287
494	687
495	750
496	898
497	937
498	552
499	602
500	625
501	492
502	916
503	466
504	892
505	571
506	837
507	237
508	706
509	552
510	748
511	361
512	491
513	262
514	723
515	188
516	464
517	779
518	970
519	176
520	82
521	657
522	680
523	851
524	390
525	309
526	812
527	635
528	456
529	101
530	996
531	855
532	115
533	357
534	142
535	527
536	224
537	500
538	384
539	858
540	542
541	830
542	362
543	220
544	52
545	400
546	479
547	751
548	339
549	891
550	798
551	364
552	113
553	592
554	803
555	413
556	364
557	560
558	86
559	774
560	629
561	255
562	588
563	661
564	488
565	739
566	949
567	51
568	362
569	851
570	575
571	13
572	211
573	210
574	302
575	173
576	585
577	390
578	578
579	399
580	318
581	163
582	404
583	355
584	120
585	652
586	526
587	563
588	99
589	38
590	539
591	102
592	628
593	340
594	112
595	468
596	252
597	119
598	794
599	893
600	595
601	807
602	665
603	982
604	139
605	331
606	619
607	186
608	25
609	161
610	853
611	268
612	661
613	315
614	929
615	631
616	165
617	114
618	724
619	95
620	604
621	497
622	866
623	596
624	441
625	916
626	317
627	232
628	981
629	471
630	84
631	207
632	756
633	122
634	542
635	926
636	595
637	334
638	288
639	632
640	535
641	381
642	167
643	682
644	693
645	87
646	274
647	169
648	864
649	362
650	837
651	888
652	430
653	385
654	771
655	882
656	367
657	493
658	889
659	328
660	510
661	150
662	802
663	326
664	343
665	177
666	182
667	121
668	286
669	492
670	773
671	894
672	292
673	721
674	589
675	545
676	375
677	603
678	419
679	745
680	758
681	749
682	117
683	95
684	722
685	866
686	914
687	461
688	24
689	301
690	40
691	53
692	18
693	476
694	852
695	196
696	192
697	231
698	833
699	484
700	71
701	355
702	504
703	927
704	842
705	858
706	542
707	500
708	165
709	926
710	815
711	968
712	447
713	799
714	858
715	566
716	783
717	664
718	951
719	220
720	312
721	168
722	169
723	123
724	756
725	771
726	487
727	541
728	299
729	249
730	510
731	799
732	390
733	814
734	559
735	341
736	805
737	757
738	227
739	454
740	676
741	116
742	137
743	313
744	156
745	322
746	246
747	413
748	467
749	18
750	107
751	694
752	878
753	847
754	281
755	778
756	815
757	151
758	501
759	467
760	212
761	903
762	143
763	47
764	835
765	665
766	260
767	433
768	212
769	719
770	971
771	847
772	623
773	376
774	950
775	804
776	106
777	910
778	28
779	816
780	18
781	392
782	795
783	570
784	540
785	435
786	423
787	915
788	331
789	645
790	615
791	868
792	503
793	250
794	70
795	408
796	376
797	80
798	19
799	766
800	96
801	714
802	998
803	280
804	516
805	855
806	946
807	879
808	247
809	398
810	849
811	883
812	808
813	426
814	905
815	875
816	145
817	203
818	791
819	750
820	794
821	240
822	531
823	268
824	882
825	454
826	248
827	538
828	711
829	551
830	33
831	687
832	831
833	468
834	979
835	851
836	676
837	461
838	959
839	761
840	827
841	584
842	539
843	855
844	537
845	508
846	26
847	483
848	460
849	550
850	969
851	561
852	927
853	123
854	177
855	431
856	378
857	296
858	717
859	405
860	376
861	848
862	288
863	339
864	683
865	817
866	52
867	922
868	42
869	244
870	548
871	11
872	337
873	988
874	837
875	283
876	227
877	623
878	286
879	274
880	524
881	448
882	786
883	964
884	514
885	863
886	643
887	448
888	96
889	700
890	829
891	366
892	888
893	346
894	385
895	668
896	29
897	857
898	644
899	564
900	203
901	922
902	443
903	647
904	235
905	921
906	243
907	594
908	733
909	880
910	329
911	603
912	930
913	855
914	305
915	281
916	805
917	894
918	358
919	589
920	134
921	991
922	708
923	900
924	671
925	339
926	660
927	951
928	852
929	330
930	783
931	365
932	314
933	979
934	491
935	472
936	111
937	455
938	244
939	641
940	156
941	261
942	739
943	488
944	636
945	728
946	432
947	361
948	988
949	790
950	850
951	573
952	56
953	249
954	488
955	546
956	40
957	852
958	155
959	259
960	10
961	775
962	162
963	39
964	202
965	780
966	500
967	867
968	626
969	800
970	659
971	612
972	566
973	38
974	628
975	993
976	688
977	981
978	690
979	579
980	148
981	917
982	833
983	678
984	451
985	295
986	791
987	444
988	885
989	380
990	853
991	408
992	556
993	28
994	634
995	311
996	308
997	340
998	545
999	841
1000	851
1001	612
1002	428
1003	896
1004	782
1005	458
1006	711
1007	430
1008	484
1009	34
1010	582
1011	294
1012	247
1013	918
1014	864
1015	238
1016	142
1017	894
1018	979
1019	146
1020	584
1021	42
1022	823
1023	970
1024	998
1025	343
1026	644
1027	634
1028	901
1029	139
1030	208
1031	591
1032	410
1033	616
1034	380
1035	398
1036	445
1037	108
1038	526
1039	692
1040	945
1041	284
1042	89
1043	376
1044	722
1045	501
1046	274
1047	949
1048	414
1049	549
1050	637
1051	27
1052	422
1053	763
1054	561
1055	708
1056	623
1057	952
1058	931
1059	181
1060	104
1061	534
1062	256
1063	232
1064	971
1065	197
1066	574
1067	708
1068	46
1069	441
1070	154
1071	454
1072	233
1073	231
1074	796
1075	320
1076	54
1077	74
1078	727
1079	644
1080	925
1081	408
1082	797
1083	908
1084	317
1085	903
1086	240
1087	985
1088	580
1089	287
1090	208
1091	622
1092	118
1093	263
1094	282
1095	120
1096	661
1097	331
1098	599
1099	800
1100	365
1101	107
1102	41
1103	490
1104	331
1105	494
1106	211
1107	364
1108	831
1109	707
1110	64
1111	786
1112	664
1113	889
1114	477
1115	387
1116	132
1117	779
1118	230
1119	734
1120	240
1121	453
1122	127
1123	276
1124	359
1125	478
1126	754
1127	297
1128	702
1129	464
1130	379
1131	559
1132	831
1133	378
1134	380
1135	807
1136	229
1137	426
1138	569
1139	190
1140	988
1141	968
1142	695
1143	465
1144	494
1145	426
1146	893
1147	229
1148	160
1149	707
1150	466
1151	345
1152	211
1153	580
1154	225
1155	952
1156	784
1157	929
1158	53
1159	542
1160	20
1161	737
1162	988
1163	780
1164	278
1165	385
1166	567
1167	996
1168	970
1169	707
1170	933
1171	652
1172	427
1173	20
1174	355
1175	154
1176	836
1177	800
1178	13
1179	568
1180	278
1181	986
1182	110
1183	74
1184	617
1185	350
1186	172
1187	230
1188	49
1189	701
1190	857
1191	540
1192	97
1193	142
1194	11
1195	113
1196	564
1197	485
1198	202
1199	310
1200	266
1201	493
1202	809
1203	99
1204	741
1205	555
1206	380
1207	883
1208	942
1209	721
1210	742
1211	228
1212	257
1213	344
1214	13
1215	443
1216	101
1217	311
1218	916
1219	368
1220	885
1221	993
1222	629
1223	652
1224	755
1225	20
1226	780
1227	358
1228	715
1229	375
1230	155
1231	960
1232	952
1233	536
1234	914
1235	655
1236	519
1237	177
1238	314
1239	298
1240	235
1241	953
1242	540
1243	671
1244	718
1245	292
1246	539
1247	129
1248	981
1249	496
1250	254
1251	692
1252	404
1253	571
1254	362
1255	818
1256	258
1257	531
1258	321
1259	792
1260	867
1261	397
1262	241
1263	253
1264	104
1265	879
1266	613
1267	194
1268	586
1269	440
1270	121
1271	969
1272	249
1273	655
1274	593
1275	235
1276	288
1277	26
1278	194
1279	797
1280	278
1281	776
1282	173
1283	666
1284	491
1285	200
1286	392
1287	71
1288	198
1289	472
1290	84
1291	837
1292	681
1293	556
1294	910
1295	790
1296	906
1297	540
1298	431
1299	204
1300	859
1301	367
1302	617
1303	733
1304	723
1305	320
1306	397
1307	903
1308	346
1309	197
1310	505
1311	511
1312	759
1313	506
1314	695
1315	296
1316	168
1317	724
1318	613
1319	119
1320	841
1321	960
1322	330
1323	677
1324	633
1325	752
1326	556
1327	605
1328	226
1329	691
1330	232
1331	335
1332	212
1333	705
1334	620
1335	237
1336	244
1337	877
1338	996
1339	415
1340	20
1341	203
1342	831
1343	27
1344	919
1345	900
1346	543
1347	333
1348	110
1349	245
1350	633
1351	626
1352	266
1353	596
1354	473
1355	315
1356	750
1357	702
1358	808
1359	370
1360	924
1361	922
1362	508
1363	919
1364	833
1365	579
1366	232
1367	438
1368	952
1369	475
1370	559
1371	872
1372	751
1373	388
1374	400
1375	641
1376	30
1377	748
1378	154
1379	801
1380	30
1381	780
1382	362
1383	543
1384	790
1385	416
1386	903
1387	541
1388	232
1389	84
1390	498
1391	438
1392	862
1393	967
1394	318
1395	96
1396	726
1397	912
1398	846
1399	463
1400	962
1401	317
1402	602
1403	693
1404	123
1405	737
1406	176
1407	55
1408	941
1409	817
1410	618
1411	304
1412	294
1413	150
1414	550
1415	55
1416	388
1417	333
1418	859
1419	350
1420	468
1421	360
1422	596
1423	107
1424	700
1425	475
1426	313
1427	889
1428	614
1429	257
1430	392
1431	289
1432	744
1433	237
1434	577
1435	112
1436	211
1437	511
1438	84
1439	605
1440	219
1441	599
1442	17
1443	599
1444	365
1445	292
1446	786
1447	643
1448	297
1449	419
1450	753
1451	240
1452	27
1453	866
1454	786
1455	579
1456	277
1457	280
1458	437
1459	12
1460	970
1461	360
1462	152
1463	811
1464	197
1465	365
1466	144
1467	906
1468	243
1469	326
1470	17
1471	646
1472	800
1473	760
1474	538
1475	66
1476	491
1477	790
1478	413
1479	821
1480	588
1481	597
1482	548
1483	975
1484	954
1485	560
1486	67
1487	239
1488	909
1489	724
1490	734
1491	495
1492	569
1493	170
1494	889
1495	795
1496	765
1497	462
1498	702
1499	849
1500	810
1501	216
1502	161
1503	280
1504	92
1505	926
1506	120
1507	353
1508	213
1509	917
1510	863
1511	885
1512	47
1513	230
1514	608
1515	292
1516	126
1517	951
1518	892
1519	564
1520	230
1521	492
1522	789
1523	95
1524	29
1525	576
1526	630
1527	149
1528	231
1529	379
1530	732
1531	228
1532	309
1533	140
1534	155
1535	144
1536	592
1537	187
1538	809
1539	946
1540	128
1541	758
1542	25
1543	350
1544	850
1545	83
1546	569
1547	926
1548	812
1549	832
1550	501
1551	387
1552	871
1553	418
1554	294
1555	556
1556	925
1557	563
1558	580
1559	70
1560	471
1561	175
1562	308
1563	111
1564	955
1565	439
1566	535
1567	680
1568	908
1569	861
1570	662
1571	957
1572	466
1573	930
1574	900
1575	456
1576	711
1577	214
1578	701
1579	737
1580	386
1581	116
1582	627
1583	795
1584	793
1585	872
1586	228
1587	580
1588	980
1589	128
1590	811
1591	593
1592	953
1593	371
1594	410
1595	791
1596	97
1597	769
1598	48
1599	406
1600	378
1601	130
1602	376
1603	729
1604	938
1605	406
1606	403
1607	337
1608	731
1609	245
1610	289
1611	89
1612	223
1613	422
1614	447
1615	355
1616	424
1617	164
1618	215
1619	728
1620	681
1621	557
1622	117
1623	971
1624	256
1625	865
1626	510
1627	902
1628	13
1629	969
1630	198
1631	606
1632	931
1633	769
1634	400
1635	757
1636	376
1637	857
1638	381
1639	251
1640	701
1641	508
1642	484
1643	247
1644	660
1645	908
1646	980
1647	982
1648	367
1649	382
1650	456
1651	947
1652	25
1653	577
1654	500
1655	413
1656	152
1657	978
1658	863
1659	666
1660	37
1661	407
1662	710
1663	113
1664	758
1665	844
1666	886
1667	413
1668	611
1669	179
1670	752
1671	451
1672	216
1673	623
1674	224
1675	215
1676	321
1677	750
1678	642
1679	175
1680	65
1681	387
1682	823
1683	127
1684	741
1685	756
1686	965
1687	665
1688	884
1689	142
1690	102
1691	857
1692	234
1693	245
1694	247
1695	473
1696	83
1697	514
1698	48
1699	939
1700	244
1701	464
1702	14
1703	174
1704	115
1705	928
1706	570
1707	430
1708	302
1709	830
1710	266
1711	815
1712	898
1713	210
1714	576
1715	165
1716	639
1717	802
1718	906
1719	51
1720	989
1721	704
1722	510
1723	955
1724	285
1725	223
1726	914
1727	205
1728	718
1729	685
1730	309
1731	309
1732	568
1733	202
1734	642
1735	213
1736	814
1737	355
1738	145
1739	936
1740	846
1741	191
1742	279
1743	411
1744	344
1745	518
1746	183
1747	177
1748	352
1749	168
1750	709
1751	234
1752	192
1753	488
1754	663
1755	934
1756	997
1757	348
1758	202
1759	440
1760	891
1761	937
1762	972
1763	277
1764	402
1765	931
1766	73
1767	639
1768	973
1769	128
1770	962
1771	480
1772	893
1773	612
1774	410
1775	877
1776	466
1777	614
1778	797
1779	167
1780	231
1781	469
1782	76
1783	478
1784	909
1785	339
1786	719
1787	256
1788	44
1789	66
1790	570
1791	647
1792	685
1793	197
1794	666
1795	358
1796	107
1797	100
1798	447
1799	131
1800	967
1801	929
1802	403
1803	973
1804	22
1805	992
1806	454
1807	722
1808	527
1809	418
1810	891
1811	783
1812	724
1813	302
1814	489
1815	678
1816	936
1817	437
1818	15
1819	504
1820	232
1821	363
1822	529
1823	776
1824	772
1825	642
1826	169
1827	21
1828	442
1829	351
1830	960
1831	365
1832	764
1833	950
1834	523
1835	992
1836	299
1837	854
1838	616
1839	843
1840	976
1841	980
1842	444
1843	655
1844	821
1845	795
1846	449
1847	795
1848	596
1849	702
1850	383
1851	268
1852	103
1853	373
1854	398
1855	427
1856	868
1857	495
1858	161
1859	694
1860	712
1861	69
1862	59
1863	113
1864	614
1865	269
1866	528
1867	590
1868	617
1869	586
1870	918
1871	656
1872	461
1873	65
1874	301
1875	705
1876	983
1877	597
1878	797
1879	150
1880	72
1881	855
1882	788
1883	604
1884	53
1885	879
1886	448
1887	480
1888	394
1889	936
1890	345
1891	134
1892	666
1893	357
1894	60
1895	357
1896	109
1897	181
1898	646
1899	96
1900	841
1901	893
1902	190
1903	892
1904	253
1905	127
1906	182
1907	97
1908	164
1909	593
1910	822
1911	51
1912	312
1913	622
1914	648
1915	756
1916	670
1917	348
1918	850
1919	754
1920	839
1921	915
1922	420
1923	473
1924	695
1925	202
1926	809
1927	100
1928	60
1929	931
1930	57
1931	325
1932	422
1933	981
1934	63
1935	694
1936	717
1937	475
1938	779
1939	160
1940	301
1941	49
1942	500
1943	346
1944	63
1945	570
1946	423
1947	505
1948	757
1949	813
1950	941
1951	125
1952	423
1953	140
1954	446
1955	713
1956	825
1957	141
1958	720
1959	213
1960	760
1961	339
1962	272
1963	735
1964	882
1965	889
1966	624
1967	394
1968	228
1969	823
1970	525
1971	927
1972	933
1973	499
1974	444
1975	292
1976	433
1977	125
1978	979
1979	694
1980	445
1981	363
1982	294
1983	600
1984	363
1985	863
1986	102
1987	907
1988	988
1989	72
1990	716
1991	960
1992	89
1993	728
1994	602
1995	970
1996	784
1997	576
1998	92
1999	565
2000	998
2001	922
2002	425
2003	706
2004	286
2005	69
2006	66
2007	282
2008	635
2009	178
2010	227
2011	475
2012	22
2013	423
2014	93
2015	976
2016	480
2017	17
2018	287
2019	698
2020	84
2021	605
2022	691
2023	621
2024	887
2025	910
2026	57
2027	363
2028	517
2029	194
2030	991
2031	812
2032	514
2033	685
2034	588
2035	146
2036	362
2037	504
2038	383
2039	956
2040	264
2041	895
2042	415
2043	660
2044	893
2045	636
2046	377
2047	396
2048	457
2049	932
2050	656
2051	630
2052	282
2053	538
2054	866
2055	667
2056	340
2057	428
2058	244
2059	816
2060	549
2061	77
2062	562
2063	785
2064	774
2065	352
2066	855
2067	420
2068	674
2069	656
2070	84
2071	206
2072	683
2073	153
2074	817
2075	820
2076	268
2077	612
2078	556
2079	401
2080	338
2081	571
2082	486
2083	787
2084	211
2085	851
2086	607
2087	157
2088	510
2089	734
2090	846
2091	702
2092	589
2093	929
2094	525
2095	923
2096	164
2097	159
2098	62
2099	959
2100	919
2101	710
2102	197
2103	434
2104	66
2105	51
2106	78
2107	512
2108	858
2109	165
2110	743
2111	46
2112	748
2113	292
2114	429
2115	222
2116	321
2117	852
2118	162
2119	635
2120	897
2121	813
2122	50
2123	85
2124	141
2125	754
2126	97
2127	478
2128	166
2129	44
2130	391
2131	211
2132	234
2133	783
2134	39
2135	821
2136	422
2137	192
2138	790
2139	189
2140	431
2141	492
2142	427
2143	403
2144	367
2145	49
2146	662
2147	652
2148	104
2149	852
2150	845
2151	261
2152	243
2153	626
2154	425
2155	903
2156	952
2157	905
2158	451
2159	212
2160	648
2161	846
2162	448
2163	900
2164	435
2165	357
2166	784
2167	858
2168	357
2169	17
2170	960
2171	298
2172	342
2173	851
2174	925
2175	150
2176	52
2177	285
2178	913
2179	44
2180	551
2181	954
2182	222
2183	416
2184	178
2185	976
2186	947
2187	657
2188	951
2189	949
2190	326
2191	400
2192	81
2193	575
2194	365
2195	488
2196	882
2197	18
2198	300
2199	760
2200	810
2201	793
2202	574
2203	66
2204	851
2205	154
2206	223
2207	549
2208	258
2209	132
2210	851
2211	370
2212	459
2213	416
2214	600
2215	551
2216	291
2217	312
2218	408
2219	865
2220	973
2221	665
2222	132
2223	534
2224	183
2225	115
2226	588
2227	995
2228	308
2229	57
2230	560
2231	265
2232	479
2233	809
2234	986
2235	411
2236	566
2237	985
2238	514
2239	511
2240	158
2241	331
2242	362
2243	306
2244	935
2245	70
2246	624
2247	566
2248	978
2249	820
2250	834
2251	104
2252	999
2253	767
2254	164
2255	268
2256	629
2257	21
2258	784
2259	50
2260	163
2261	393
2262	393
2263	265
2264	263
2265	124
2266	604
2267	598
2268	490
2269	711
2270	196
2271	69
2272	948
2273	485
2274	200
2275	117
2276	777
2277	367
2278	187
2279	331
2280	684
2281	562
2282	507
2283	836
2284	268
2285	860
2286	383
2287	97
2288	182
2289	816
2290	378
2291	320
2292	85
2293	326
2294	787
2295	842
2296	375
2297	504
2298	228
2299	16
2300	320
2301	861
2302	556
2303	865
2304	957
2305	33
2306	533
2307	395
2308	67
2309	492
2310	332
2311	810
2312	928
2313	844
2314	857
2315	818
2316	758
2317	75
2318	248
2319	292
2320	757
2321	328
2322	192
2323	170
2324	812
2325	602
2326	499
2327	150
2328	513
2329	57
2330	721
2331	628
2332	334
2333	627
2334	867
2335	194
2336	871
2337	491
2338	861
2339	113
2340	565
2341	30
2342	615
2343	341
2344	768
2345	620
2346	973
2347	274
2348	690
2349	877
2350	111
2351	570
2352	75
2353	451
2354	757
2355	711
2356	220
2357	357
2358	256
2359	597
2360	637
2361	890
2362	438
2363	677
2364	481
2365	713
2366	252
2367	873
2368	773
2369	532
2370	798
2371	420
2372	462
2373	727
2374	375
2375	436
2376	32
2377	187
2378	51
2379	585
2380	306
2381	709
2382	687
2383	985
2384	132
2385	71
2386	745
2387	29
2388	762
2389	339
2390	224
2391	29
2392	838
2393	560
2394	821
2395	951
2396	115
2397	216
2398	837
2399	806
2400	363
2401	238
2402	245
2403	809
2404	792
2405	888
2406	439
2407	801
2408	919
2409	827
2410	327
2411	916
2412	635
2413	668
2414	126
2415	578
2416	293
2417	383
2418	980
2419	827
2420	125
2421	13
2422	131
2423	121
2424	821
2425	511
2426	867
2427	326
2428	860
2429	884
2430	833
2431	355
2432	891
2433	179
2434	427
2435	46
2436	241
2437	766
2438	814
2439	907
2440	524
2441	865
2442	126
2443	226
2444	686
2445	27
2446	50
2447	237
2448	263
2449	327
2450	651
2451	302
2452	231
2453	938
2454	585
2455	750
2456	465
2457	289
2458	750
2459	887
2460	232
2461	449
2462	791
2463	299
2464	378
2465	759
2466	361
2467	358
2468	645
2469	593
2470	783
2471	682
2472	553
2473	548
2474	272
2475	188
2476	486
2477	866
2478	277
2479	326
2480	551
2481	460
2482	94
2483	361
2484	430
2485	85
2486	111
2487	692
2488	982
2489	816
2490	262
2491	356
2492	263
2493	263
2494	775
2495	765
2496	440
2497	340
2498	130
2499	541
2500	886
2501	677
2502	942
2503	816
2504	48
2505	373
2506	605
2507	607
2508	569
2509	534
2510	540
2511	551
2512	934
2513	902
2514	723
2515	73
2516	143
2517	304
2518	310
2519	144
2520	224
2521	382
2522	456
2523	42
2524	946
2525	29
2526	811
2527	647
2528	467
2529	568
2530	573
2531	250
2532	468
2533	96
2534	706
2535	212
2536	338
2537	305
2538	957
2539	715
2540	387
2541	156
2542	784
2543	541
2544	366
2545	797
2546	645
2547	543
2548	537
2549	826
2550	800
2551	646
2552	477
2553	678
2554	115
2555	84
2556	762
2557	902
2558	169
2559	974
2560	432
2561	574
2562	874
2563	137
2564	417
2565	426
2566	717
2567	973
2568	930
2569	378
2570	149
2571	875
2572	91
2573	963
2574	546
2575	674
2576	837
2577	754
2578	290
2579	925
2580	800
2581	973
2582	300
2583	906
2584	491
2585	596
2586	380
2587	330
2588	835
2589	627
2590	912
2591	835
2592	955
2593	359
2594	493
2595	302
2596	987
2597	135
2598	738
2599	637
2600	693
2601	194
2602	441
2603	264
2604	248
2605	836
2606	863
2607	664
2608	797
2609	853
2610	752
2611	926
2612	387
2613	719
2614	367
2615	900
2616	991
2617	78
2618	228
2619	380
2620	333
2621	20
2622	386
2623	230
2624	124
2625	977
2626	966
2627	533
2628	651
2629	949
2630	456
2631	843
2632	875
2633	804
2634	103
2635	909
2636	975
2637	456
2638	318
2639	354
2640	436
2641	657
2642	279
2643	382
2644	802
2645	597
2646	419
2647	897
2648	370
2649	633
2650	124
2651	315
2652	444
2653	496
2654	835
2655	431
2656	427
2657	33
2658	169
2659	835
2660	806
2661	931
2662	724
2663	290
2664	536
2665	531
2666	347
2667	759
2668	979
2669	748
2670	552
2671	265
2672	507
2673	721
2674	287
2675	380
2676	493
2677	451
2678	373
2679	830
2680	884
2681	68
2682	473
2683	604
2684	591
2685	69
2686	40
2687	371
2688	568
2689	820
2690	319
2691	777
2692	869
2693	508
2694	786
2695	167
2696	753
2697	109
2698	380
2699	56
2700	967
2701	37
2702	949
2703	388
2704	125
2705	165
2706	617
2707	456
2708	169
2709	492
2710	495
2711	532
2712	90
2713	720
2714	329
2715	692
2716	246
2717	203
2718	84
2719	448
2720	375
2721	922
2722	507
2723	132
2724	90
2725	166
2726	885
2727	795
2728	243
2729	770
2730	878
2731	697
2732	37
2733	317
2734	818
2735	703
2736	977
2737	697
2738	371
2739	315
2740	237
2741	208
2742	955
2743	331
2744	690
2745	14
2746	810
2747	749
2748	911
2749	239
2750	96
2751	375
2752	475
2753	400
2754	998
2755	298
2756	631
2757	212
2758	857
2759	848
2760	749
2761	758
2762	534
2763	77
2764	392
2765	363
2766	644
2767	944
2768	617
2769	763
2770	838
2771	595
2772	745
2773	578
2774	574
2775	510
2776	684
2777	468
2778	841
2779	112
2780	826
2781	696
2782	198
2783	485
2784	215
2785	339
2786	972
2787	85
2788	539
2789	108
2790	153
2791	654
2792	884
2793	640
2794	33
2795	701
2796	90
2797	923
2798	934
2799	101
2800	85
2801	98
2802	154
2803	231
2804	376
2805	175
2806	217
2807	149
2808	932
2809	41
2810	577
2811	859
2812	724
2813	89
2814	322
2815	57
2816	259
2817	176
2818	103
2819	214
2820	856
2821	875
2822	764
2823	158
2824	715
2825	96
2826	94
2827	415
2828	54
2829	715
2830	139
2831	125
2832	611
2833	356
2834	942
2835	785
2836	911
2837	508
2838	437
2839	777
2840	942
2841	939
2842	121
2843	171
2844	349
2845	621
2846	329
2847	77
2848	449
2849	245
2850	517
2851	189
2852	646
2853	135
2854	699
2855	957
2856	751
2857	550
2858	997
2859	390
2860	108
2861	548
2862	65
2863	454
2864	786
2865	293
2866	765
2867	445
2868	850
2869	308
2870	792
2871	478
2872	192
2873	746
2874	981
2875	689
2876	69
2877	458
2878	937
2879	60
2880	376
2881	140
2882	709
2883	921
2884	207
2885	120
2886	257
2887	40
2888	781
2889	269
2890	136
2891	647
2892	368
2893	219
2894	458
2895	704
2896	639
2897	883
2898	524
2899	934
2900	441
2901	47
2902	346
2903	740
2904	548
2905	30
2906	833
2907	744
2908	187
2909	823
2910	10
2911	292
2912	150
2913	307
2914	724
2915	706
2916	131
2917	403
2918	828
2919	456
2920	43
2921	249
2922	963
2923	467
2924	562
2925	570
2926	94
2927	128
2928	238
2929	57
2930	605
2931	118
2932	811
2933	343
2934	823
2935	791
2936	355
2937	198
2938	922
2939	611
2940	400
2941	662
2942	549
2943	112
2944	915
2945	440
2946	290
2947	924
2948	629
2949	622
2950	665
2951	823
2952	220
2953	588
2954	150
2955	208
2956	746
2957	302
2958	903
2959	276
2960	244
2961	325
2962	129
2963	506
2964	657
2965	698
2966	67
2967	706
2968	506
2969	987
2970	837
2971	513
2972	904
2973	184
2974	183
2975	630
2976	625
2977	127
2978	295
2979	134
2980	651
2981	802
2982	985
2983	780
2984	850
2985	718
2986	998
2987	83
2988	948
2989	914
2990	771
2991	473
2992	958
2993	89
2994	782
2995	472
2996	885
2997	54
2998	32
2999	918
3000	220
3001	92
3002	971
3003	784
3004	690
3005	890
3006	278
3007	504
3008	434
3009	257
3010	183
3011	863
3012	262
3013	773
3014	143
3015	122
3016	532
3017	26
3018	109
3019	345
3020	214
3021	465
3022	273
3023	462
3024	342
3025	812
3026	872
3027	380
3028	877
3029	637
3030	117
3031	602
3032	828
3033	356
3034	269
3035	718
3036	455
3037	612
3038	514
3039	123
3040	424
3041	727
3042	675
3043	838
3044	816
3045	165
3046	116
3047	21
3048	456
3049	354
3050	309
3051	409
3052	533
3053	407
3054	63
3055	801
3056	440
3057	841
3058	900
3059	344
3060	726
3061	757
3062	99
3063	380
3064	253
3065	269
3066	676
3067	565
3068	712
3069	882
3070	203
3071	832
3072	990
3073	901
3074	438
3075	858
3076	471
3077	456
3078	56
3079	904
3080	849
3081	962
3082	797
3083	381
3084	260
3085	248
3086	310
3087	533
3088	889
3089	141
3090	349
3091	15
3092	48
3093	793
3094	282
3095	927
3096	463
3097	952
3098	940
3099	238
3100	566
3101	403
3102	919
3103	668
3104	490
3105	331
3106	43
3107	90
3108	373
3109	678
3110	193
3111	428
3112	735
3113	325
3114	664
3115	523
3116	334
3117	346
3118	693
3119	536
3120	827
3121	594
3122	43
3123	896
3124	782
3125	118
3126	346
3127	950
3128	654
3129	413
3130	69
3131	163
3132	603
3133	845
3134	25
3135	989
3136	543
3137	237
3138	871
3139	80
3140	242
3141	124
3142	712
3143	991
3144	519
3145	296
3146	436
3147	161
3148	996
3149	444
3150	471
3151	176
3152	772
3153	375
3154	674
3155	788
3156	621
3157	278
3158	374
3159	974
3160	439
3161	313
3162	56
3163	831
3164	486
3165	724
3166	367
3167	703
3168	648
3169	310
3170	419
3171	153
3172	667
3173	647
3174	97
3175	505
3176	950
3177	264
3178	162
3179	474
3180	397
3181	399
3182	89
3183	633
3184	17
3185	722
3186	969
3187	661
3188	345
3189	92
3190	581
3191	547
3192	657
3193	20
3194	434
3195	540
3196	683
3197	625
3198	962
3199	401
3200	461
3201	231
3202	371
3203	530
3204	734
3205	132
3206	325
3207	627
3208	948
3209	617
3210	463
3211	771
3212	546
3213	611
3214	884
3215	542
3216	925
3217	849
3218	921
3219	682
3220	782
3221	981
3222	238
3223	275
3224	316
3225	194
3226	15
3227	731
3228	879
3229	454
3230	880
3231	24
3232	303
3233	472
3234	175
3235	801
3236	402
3237	394
3238	638
3239	232
3240	717
3241	155
3242	131
3243	642
3244	294
3245	687
3246	390
3247	284
3248	833
3249	299
3250	707
3251	754
3252	805
3253	248
3254	253
3255	246
3256	69
3257	590
3258	369
3259	612
3260	527
3261	123
3262	959
3263	498
3264	403
3265	883
3266	423
3267	175
3268	173
3269	320
3270	154
3271	398
3272	759
3273	826
3274	661
3275	548
3276	611
3277	780
3278	589
3279	578
3280	748
3281	331
3282	710
3283	109
3284	799
3285	526
3286	995
3287	296
3288	838
3289	470
3290	635
3291	374
3292	59
3293	187
3294	887
3295	887
3296	372
3297	544
3298	644
3299	997
3300	566
3301	470
3302	916
3303	587
3304	232
3305	482
3306	384
3307	351
3308	855
3309	160
3310	873
3311	806
3312	652
3313	864
3314	197
3315	419
3316	232
3317	257
3318	800
3319	650
3320	56
3321	149
3322	19
3323	616
3324	266
3325	951
3326	54
3327	494
3328	370
3329	348
3330	955
3331	195
3332	875
3333	828
3334	990
3335	382
3336	111
3337	866
3338	491
3339	256
3340	408
3341	454
3342	980
3343	550
3344	728
3345	422
3346	72
3347	52
3348	699
3349	328
3350	602
3351	428
3352	881
3353	217
3354	538
3355	460
3356	360
3357	550
3358	712
3359	450
3360	522
3361	914
3362	115
3363	813
3364	686
3365	125
3366	862
3367	351
3368	755
3369	653
3370	666
3371	683
3372	210
3373	167
3374	528
3375	867
3376	75
3377	538
3378	325
3379	743
3380	93
3381	652
3382	346
3383	486
3384	220
3385	889
3386	607
3387	791
3388	151
3389	406
3390	43
3391	345
3392	51
3393	257
3394	393
3395	591
3396	683
3397	189
3398	872
3399	542
3400	309
3401	758
3402	657
3403	582
3404	754
3405	811
3406	590
3407	851
3408	352
3409	295
3410	561
3411	467
3412	179
3413	38
3414	536
3415	177
3416	601
3417	29
3418	766
3419	249
3420	897
3421	751
3422	384
3423	290
3424	602
3425	647
3426	937
3427	631
3428	281
3429	971
3430	74
3431	87
3432	385
3433	631
3434	372
3435	623
3436	967
3437	350
3438	887
3439	867
3440	972
3441	273
3442	184
3443	706
3444	333
3445	854
3446	510
3447	403
3448	876
3449	218
3450	247
3451	298
3452	374
3453	551
3454	437
3455	989
3456	376
3457	386
3458	913
3459	999
3460	478
3461	604
3462	974
3463	375
3464	699
3465	880
3466	965
3467	873
3468	479
3469	233
3470	12
3471	77
3472	223
3473	591
3474	665
3475	906
3476	738
3477	152
3478	860
3479	608
3480	857
3481	622
3482	722
3483	80
3484	477
3485	366
3486	669
3487	330
3488	357
3489	699
3490	54
3491	590
3492	567
3493	989
3494	856
3495	428
3496	981
3497	842
3498	486
3499	370
3500	806
3501	735
3502	179
3503	640
3504	799
3505	444
3506	532
3507	401
3508	645
3509	428
3510	602
3511	77
3512	624
3513	883
3514	902
3515	349
3516	136
3517	709
3518	603
3519	865
3520	384
3521	519
3522	82
3523	750
3524	71
3525	588
3526	852
3527	791
3528	757
3529	507
3530	413
3531	100
3532	14
3533	971
3534	151
3535	270
3536	472
3537	630
3538	377
3539	395
3540	147
3541	912
3542	472
3543	95
3544	907
3545	698
3546	294
3547	160
3548	756
3549	364
3550	384
3551	929
3552	368
3553	450
3554	559
3555	286
3556	469
3557	671
3558	618
3559	615
3560	467
3561	348
3562	822
3563	939
3564	159
3565	100
3566	616
3567	370
3568	44
3569	659
3570	567
3571	543
3572	996
3573	574
3574	969
3575	527
3576	107
3577	533
3578	733
3579	654
3580	932
3581	105
3582	180
3583	611
3584	269
3585	560
3586	564
3587	182
3588	274
3589	741
3590	861
3591	293
3592	445
3593	565
3594	490
3595	49
3596	283
3597	216
3598	712
3599	543
3600	400
3601	821
3602	78
3603	535
3604	22
3605	463
3606	585
3607	220
3608	318
3609	992
3610	251
3611	608
3612	728
3613	432
3614	894
3615	277
3616	275
3617	422
3618	741
3619	689
3620	792
3621	494
3622	362
3623	246
3624	249
3625	212
3626	482
3627	55
3628	221
3629	540
3630	72
3631	766
3632	14
3633	814
3634	892
3635	246
3636	421
3637	931
3638	659
3639	732
3640	82
3641	353
3642	556
3643	76
3644	173
3645	754
3646	723
3647	80
3648	716
3649	907
3650	278
3651	204
3652	274
3653	849
3654	869
3655	320
3656	813
3657	685
3658	808
3659	842
3660	841
3661	227
3662	923
3663	833
3664	354
3665	371
3666	652
3667	926
3668	787
3669	182
3670	524
3671	36
3672	118
3673	654
3674	909
3675	742
3676	385
3677	502
3678	953
3679	939
3680	217
3681	300
3682	203
3683	377
3684	733
3685	623
3686	540
3687	286
3688	992
3689	188
3690	541
3691	168
3692	239
3693	390
3694	854
3695	516
3696	870
3697	402
3698	783
3699	992
3700	29
3701	569
3702	267
3703	430
3704	720
3705	76
3706	657
3707	504
3708	906
3709	702
3710	671
3711	558
3712	504
3713	95
3714	618
3715	142
3716	196
3717	205
3718	202
3719	939
3720	897
3721	472
3722	923
3723	659
3724	249
3725	887
3726	500
3727	970
3728	874
3729	190
3730	881
3731	784
3732	836
3733	367
3734	706
3735	485
3736	253
3737	799
3738	50
3739	606
3740	649
3741	550
3742	705
3743	815
3744	540
3745	160
3746	289
3747	924
3748	570
3749	863
3750	142
3751	369
3752	620
3753	604
3754	47
3755	876
3756	970
3757	275
3758	889
3759	914
3760	905
3761	61
3762	660
3763	938
3764	305
3765	238
3766	95
3767	208
3768	172
3769	182
3770	806
3771	80
3772	987
3773	380
3774	458
3775	296
3776	295
3777	610
3778	75
3779	770
3780	957
3781	165
3782	807
3783	736
3784	790
3785	26
3786	420
3787	668
3788	657
3789	432
3790	865
3791	975
3792	110
3793	103
3794	37
3795	800
3796	901
3797	118
3798	917
3799	145
3800	247
3801	393
3802	990
3803	751
3804	592
3805	634
3806	980
3807	177
3808	761
3809	969
3810	795
3811	652
3812	642
3813	856
3814	967
3815	301
3816	499
3817	534
3818	192
3819	513
3820	477
3821	489
3822	14
3823	841
3824	22
3825	397
3826	841
3827	369
3828	656
3829	890
3830	529
3831	834
3832	308
3833	372
3834	537
3835	538
3836	318
3837	291
3838	947
3839	196
3840	737
3841	102
3842	972
3843	671
3844	394
3845	997
3846	768
3847	925
3848	28
3849	712
3850	234
3851	290
3852	747
3853	375
3854	669
3855	612
3856	403
3857	271
3858	720
3859	297
3860	738
3861	448
3862	814
3863	143
3864	119
3865	301
3866	102
3867	297
3868	838
3869	201
3870	857
3871	57
3872	758
3873	368
3874	894
3875	520
3876	577
3877	527
3878	275
3879	821
3880	956
3881	178
3882	813
3883	945
3884	71
3885	607
3886	574
3887	898
3888	495
3889	58
3890	546
3891	464
3892	176
3893	478
3894	687
3895	871
3896	824
3897	284
3898	650
3899	930
3900	417
3901	937
3902	127
3903	826
3904	806
3905	659
3906	613
3907	749
3908	537
3909	970
3910	929
3911	788
3912	165
3913	242
3914	265
3915	642
3916	809
3917	794
3918	468
3919	186
3920	251
3921	879
3922	67
3923	579
3924	28
3925	706
3926	679
3927	394
3928	555
3929	654
3930	333
3931	183
3932	288
3933	601
3934	431
3935	868
3936	232
3937	593
3938	302
3939	349
3940	747
3941	776
3942	505
3943	655
3944	38
3945	517
3946	98
3947	739
3948	601
3949	335
3950	343
3951	858
3952	52
3953	994
3954	118
3955	333
3956	656
3957	895
3958	283
3959	466
3960	528
3961	443
3962	25
3963	502
3964	273
3965	12
3966	948
3967	680
3968	361
3969	517
3970	491
3971	98
3972	280
3973	635
3974	886
3975	292
3976	681
3977	863
3978	203
3979	304
3980	143
3981	800
3982	726
3983	591
3984	393
3985	88
3986	15
3987	602
3988	513
3989	199
3990	435
3991	61
3992	351
3993	448
3994	211
3995	730
3996	15
3997	925
3998	847
3999	295
4000	394
4001	796
4002	696
4003	252
4004	12
4005	463
4006	437
4007	739
4008	418
4009	252
4010	498
4011	458
4012	964
4013	601
4014	550
4015	337
4016	64
4017	103
4018	519
4019	235
4020	917
4021	316
4022	749
4023	447
4024	849
4025	501
4026	590
4027	842
4028	368
4029	739
4030	597
4031	622
4032	961
4033	861
4034	902
4035	23
4036	172
4037	425
4038	171
4039	979
4040	80
4041	980
4042	606
4043	237
4044	650
4045	258
4046	57
4047	644
4048	236
4049	164
4050	986
4051	819
4052	454
4053	57
4054	893
4055	233
4056	56
4057	350
4058	926
4059	435
4060	484
4061	30
4062	630
4063	335
4064	949
4065	513
4066	448
4067	329
4068	639
4069	560
4070	462
4071	780
4072	725
4073	897
4074	21
4075	285
4076	835
4077	942
4078	284
4079	703
4080	113
4081	917
4082	111
4083	104
4084	311
4085	637
4086	669
4087	670
4088	691
4089	681
4090	665
4091	340
4092	20
4093	648
4094	805
4095	656
4096	11
4097	997
4098	751
4099	397
4100	538
4101	480
4102	669
4103	168
4104	204
4105	868
4106	265
4107	53
4108	767
4109	753
4110	650
4111	592
4112	469
4113	972
4114	761
4115	333
4116	239
4117	405
4118	294
4119	915
4120	901
4121	814
4122	781
4123	963
4124	994
4125	786
4126	182
4127	731
4128	296
4129	398
4130	493
4131	612
4132	596
4133	642
4134	176
4135	14
4136	970
4137	258
4138	611
4139	859
4140	664
4141	102
4142	62
4143	297
4144	730
4145	793
4146	581
4147	289
4148	486
4149	305
4150	361
4151	594
4152	440
4153	510
4154	432
4155	786
4156	907
4157	412
4158	588
4159	907
4160	980
4161	698
4162	576
4163	218
4164	823
4165	724
4166	383
4167	255
4168	901
4169	723
4170	741
4171	458
4172	544
4173	874
4174	77
4175	937
4176	976
4177	658
4178	542
4179	249
4180	307
4181	743
4182	17
4183	239
4184	23
4185	432
4186	791
4187	495
4188	360
4189	717
4190	578
4191	564
4192	932
4193	241
4194	554
4195	263
4196	954
4197	566
4198	183
4199	200
4200	308
4201	993
4202	932
4203	408
4204	936
4205	840
4206	694
4207	799
4208	447
4209	133
4210	260
4211	575
4212	463
4213	278
4214	775
4215	112
4216	275
4217	767
4218	722
4219	349
4220	945
4221	50
4222	123
4223	868
4224	120
4225	824
4226	874
4227	406
4228	186
4229	195
4230	309
4231	446
4232	874
4233	941
4234	267
4235	998
4236	36
4237	648
4238	181
4239	499
4240	979
4241	531
4242	364
4243	332
4244	314
4245	577
4246	617
4247	866
4248	780
4249	487
4250	618
4251	200
4252	812
4253	708
4254	642
4255	104
4256	245
4257	205
4258	553
4259	982
4260	654
4261	426
4262	186
4263	934
4264	978
4265	619
4266	292
4267	42
4268	686
4269	135
4270	411
4271	967
4272	13
4273	953
4274	546
4275	432
4276	881
4277	317
4278	655
4279	617
4280	713
4281	721
4282	66
4283	673
4284	292
4285	332
4286	910
4287	871
4288	152
4289	222
4290	666
4291	893
4292	313
4293	584
4294	670
4295	611
4296	763
4297	654
4298	761
4299	37
4300	910
4301	284
4302	375
4303	675
4304	411
4305	297
4306	699
4307	872
4308	525
4309	300
4310	110
4311	778
4312	553
4313	829
4314	702
4315	67
4316	262
4317	96
4318	199
4319	924
4320	370
4321	328
4322	297
4323	764
4324	440
4325	747
4326	294
4327	168
4328	623
4329	575
4330	829
4331	382
4332	223
4333	434
4334	169
4335	524
4336	933
4337	759
4338	703
4339	508
4340	558
4341	490
4342	879
4343	384
4344	432
4345	576
4346	911
4347	345
4348	663
4349	473
4350	246
4351	846
4352	448
4353	799
4354	281
4355	939
4356	563
4357	125
4358	366
4359	438
4360	528
4361	487
4362	245
4363	916
4364	386
4365	156
4366	88
4367	53
4368	555
4369	473
4370	341
4371	832
4372	490
4373	339
4374	415
4375	173
4376	562
4377	955
4378	674
4379	915
4380	660
4381	924
4382	613
4383	314
4384	472
4385	269
4386	399
4387	771
4388	103
4389	954
4390	600
4391	909
4392	684
4393	677
4394	55
4395	427
4396	143
4397	342
4398	282
4399	332
4400	280
4401	521
4402	821
4403	402
4404	244
4405	935
4406	137
4407	100
4408	271
4409	200
4410	234
4411	508
4412	944
4413	32
4414	788
4415	302
4416	326
4417	957
4418	414
4419	685
4420	289
4421	597
4422	635
4423	817
4424	57
4425	603
4426	348
4427	541
4428	267
4429	41
4430	482
4431	146
4432	965
4433	86
4434	490
4435	202
4436	924
4437	545
4438	179
4439	678
4440	105
4441	350
4442	991
4443	720
4444	750
4445	555
4446	620
4447	807
4448	165
4449	299
4450	479
4451	574
4452	930
4453	62
4454	10
4455	355
4456	201
4457	761
4458	464
4459	616
4460	584
4461	431
4462	278
4463	838
4464	619
4465	34
4466	79
4467	651
4468	663
4469	880
4470	754
4471	714
4472	563
4473	80
4474	215
4475	808
4476	964
4477	68
4478	574
4479	551
4480	613
4481	173
4482	454
4483	972
4484	416
4485	716
4486	53
4487	513
4488	15
4489	977
4490	212
4491	991
4492	387
4493	585
4494	465
4495	499
4496	596
4497	577
4498	159
4499	625
4500	901
4501	826
4502	737
4503	852
4504	930
4505	62
4506	857
4507	94
4508	966
4509	384
4510	321
4511	137
4512	208
4513	553
4514	574
4515	567
4516	476
4517	590
4518	280
4519	55
4520	750
4521	580
4522	587
4523	207
4524	733
4525	368
4526	978
4527	761
4528	364
4529	448
4530	203
4531	13
4532	819
4533	888
4534	903
4535	549
4536	680
4537	545
4538	335
4539	542
4540	569
4541	588
4542	112
4543	237
4544	503
4545	850
4546	23
4547	438
4548	316
4549	665
4550	663
4551	32
4552	965
4553	934
4554	534
4555	582
4556	217
4557	71
4558	880
4559	966
4560	173
4561	40
4562	752
4563	327
4564	229
4565	49
4566	415
4567	849
4568	975
4569	560
4570	348
4571	96
4572	643
4573	926
4574	488
4575	269
4576	481
4577	534
4578	831
4579	678
4580	451
4581	838
4582	387
4583	492
4584	733
4585	952
4586	153
4587	835
4588	561
4589	260
4590	887
4591	978
4592	232
4593	125
4594	260
4595	917
4596	502
4597	388
4598	929
4599	589
4600	818
4601	247
4602	622
4603	63
4604	920
4605	214
4606	817
4607	31
4608	611
4609	518
4610	763
4611	778
4612	875
4613	930
4614	498
4615	765
4616	753
4617	904
4618	931
4619	27
4620	723
4621	335
4622	23
4623	277
4624	844
4625	581
4626	979
4627	184
4628	107
4629	133
4630	986
4631	394
4632	230
4633	838
4634	811
4635	285
4636	435
4637	130
4638	124
4639	826
4640	185
4641	843
4642	440
4643	306
4644	11
4645	281
4646	68
4647	850
4648	809
4649	196
4650	544
4651	429
4652	822
4653	267
4654	751
4655	745
4656	45
4657	631
4658	614
4659	308
4660	69
4661	419
4662	999
4663	96
4664	62
4665	832
4666	188
4667	434
4668	105
4669	68
4670	712
4671	640
4672	325
4673	123
4674	448
4675	382
4676	871
4677	398
4678	214
4679	437
4680	64
4681	475
4682	520
4683	925
4684	529
4685	69
4686	310
4687	791
4688	116
4689	87
4690	937
4691	143
4692	62
4693	491
4694	493
4695	971
4696	910
4697	729
4698	552
4699	982
4700	23
4701	847
4702	214
4703	687
4704	276
4705	202
4706	789
4707	498
4708	180
4709	264
4710	636
4711	28
4712	664
4713	721
4714	553
4715	232
4716	334
4717	455
4718	439
4719	94
4720	720
4721	118
4722	195
4723	544
4724	480
4725	663
4726	994
4727	414
4728	643
4729	965
4730	967
4731	380
4732	871
4733	966
4734	290
4735	72
4736	359
4737	683
4738	224
4739	91
4740	537
4741	633
4742	62
4743	673
4744	304
4745	644
4746	728
4747	541
4748	254
4749	246
4750	328
4751	628
4752	902
4753	82
4754	492
4755	829
4756	82
4757	647
4758	189
4759	336
4760	941
4761	504
4762	683
4763	836
4764	39
4765	726
4766	796
4767	824
4768	195
4769	654
4770	936
4771	420
4772	605
4773	983
4774	93
4775	865
4776	976
4777	17
4778	301
4779	202
4780	431
4781	905
4782	37
4783	502
4784	581
4785	806
4786	947
4787	739
4788	606
4789	701
4790	637
4791	92
4792	557
4793	502
4794	809
4795	399
4796	787
4797	866
4798	693
4799	62
4800	606
4801	189
4802	202
4803	293
4804	412
4805	511
4806	86
4807	955
4808	737
4809	383
4810	426
4811	683
4812	156
4813	886
4814	14
4815	897
4816	29
4817	960
4818	879
4819	463
4820	31
4821	120
4822	839
4823	147
4824	567
4825	711
4826	313
4827	567
4828	266
4829	176
4830	261
4831	453
4832	800
4833	131
4834	265
4835	28
4836	515
4837	692
4838	386
4839	760
4840	674
4841	710
4842	463
4843	591
4844	761
4845	85
4846	193
4847	867
4848	811
4849	874
4850	645
4851	228
4852	724
4853	521
4854	865
4855	174
4856	299
4857	954
4858	678
4859	205
4860	477
4861	476
4862	166
4863	865
4864	215
4865	659
4866	259
4867	250
4868	448
4869	993
4870	562
4871	745
4872	823
4873	378
4874	224
4875	10
4876	13
4877	44
4878	137
4879	301
4880	756
4881	433
4882	619
4883	923
4884	299
4885	542
4886	244
4887	972
4888	296
4889	288
4890	910
4891	35
4892	79
4893	679
4894	833
4895	369
4896	603
4897	125
4898	397
4899	999
4900	919
4901	108
4902	47
4903	347
4904	395
4905	70
4906	741
4907	808
4908	274
4909	399
4910	739
4911	641
4912	281
4913	459
4914	806
4915	313
4916	325
4917	278
4918	497
4919	806
4920	925
4921	253
4922	227
4923	370
4924	216
4925	206
4926	654
4927	252
4928	887
4929	586
4930	93
4931	634
4932	352
4933	252
4934	710
4935	867
4936	823
4937	90
4938	83
4939	437
4940	237
4941	975
4942	48
4943	885
4944	783
4945	150
4946	575
4947	206
4948	722
4949	102
4950	931
4951	518
4952	78
4953	856
4954	998
4955	503
4956	110
4957	380
4958	443
4959	577
4960	181
4961	738
4962	420
4963	980
4964	120
4965	138
4966	949
4967	553
4968	238
4969	557
4970	570
4971	505
4972	440
4973	128
4974	541
4975	264
4976	508
4977	973
4978	994
4979	297
4980	123
4981	313
4982	75
4983	89
4984	393
4985	640
4986	543
4987	256
4988	733
4989	336
4990	787
4991	680
4992	518
4993	501
4994	514
4995	386
4996	171
4997	923
4998	620
4999	189
5000	669
5001	995
5002	141
5003	924
5004	266
5005	723
5006	628
5007	162
5008	314
5009	682
5010	368
5011	971
5012	734
5013	118
5014	258
5015	19
5016	714
5017	378
5018	22
5019	215
5020	215
5021	807
5022	691
5023	165
5024	896
5025	921
5026	283
5027	958
5028	369
5029	834
5030	457
5031	882
5032	738
5033	816
5034	70
5035	911
5036	799
5037	462
5038	571
5039	834
5040	974
5041	709
5042	293
5043	717
5044	354
5045	416
5046	21
5047	94
5048	40
5049	957
5050	207
5051	156
5052	309
5053	440
5054	997
5055	865
5056	950
5057	870
5058	36
5059	731
5060	144
5061	775
5062	453
5063	466
5064	77
5065	183
5066	800
5067	416
5068	171
5069	751
5070	554
5071	327
5072	464
5073	716
5074	958
5075	517
5076	765
5077	962
5078	568
5079	985
5080	565
5081	920
5082	473
5083	127
5084	640
5085	981
5086	198
5087	384
5088	883
5089	949
5090	480
5091	995
5092	902
5093	606
5094	651
5095	920
5096	135
5097	780
5098	258
5099	479
5100	689
5101	905
5102	298
5103	83
5104	624
5105	587
5106	27
5107	865
5108	317
5109	341
5110	27
5111	269
5112	428
5113	81
5114	520
5115	708
5116	34
5117	46
5118	953
5119	474
5120	130
5121	231
5122	623
5123	552
5124	789
5125	455
5126	889
5127	544
5128	877
5129	35
5130	92
5131	51
5132	539
5133	982
5134	729
5135	877
5136	922
5137	454
5138	564
5139	813
5140	907
5141	224
5142	786
5143	201
5144	420
5145	821
5146	365
5147	973
5148	487
5149	673
5150	95
5151	57
5152	208
5153	193
5154	996
5155	171
5156	142
5157	626
5158	980
5159	110
5160	789
5161	89
5162	531
5163	669
5164	241
5165	864
5166	261
5167	467
5168	608
5169	259
5170	778
5171	533
5172	134
5173	555
5174	668
5175	981
5176	393
5177	600
5178	83
5179	584
5180	404
5181	542
5182	226
5183	113
5184	355
5185	516
5186	818
5187	907
5188	281
5189	596
5190	840
5191	713
5192	695
5193	331
5194	196
5195	650
5196	612
5197	26
5198	57
5199	400
5200	838
5201	310
5202	712
5203	957
5204	824
5205	15
5206	142
5207	830
5208	705
5209	968
5210	806
5211	576
5212	366
5213	946
5214	845
5215	148
5216	325
5217	83
5218	488
5219	734
5220	121
5221	570
5222	57
5223	740
5224	997
5225	712
5226	366
5227	113
5228	626
5229	497
5230	939
5231	677
5232	338
5233	391
5234	655
5235	10
5236	783
5237	275
5238	320
5239	380
5240	317
5241	860
5242	510
5243	357
5244	150
5245	385
5246	180
5247	578
5248	926
5249	735
5250	987
5251	887
5252	975
5253	152
5254	373
5255	378
5256	729
5257	507
5258	349
5259	473
5260	644
5261	607
5262	366
5263	586
5264	939
5265	847
5266	666
5267	764
5268	900
5269	681
5270	153
5271	985
5272	904
5273	438
5274	953
5275	321
5276	359
5277	975
5278	300
5279	660
5280	815
5281	394
5282	679
5283	617
5284	263
5285	551
5286	685
5287	294
5288	926
5289	920
5290	267
5291	897
5292	591
5293	822
5294	864
5295	276
5296	716
5297	250
5298	724
5299	341
5300	419
5301	694
5302	244
5303	427
5304	688
5305	128
5306	512
5307	684
5308	257
5309	472
5310	175
5311	364
5312	947
5313	810
5314	910
5315	657
5316	347
5317	938
5318	898
5319	921
5320	910
5321	177
5322	891
5323	134
5324	536
5325	387
5326	696
5327	582
5328	949
5329	979
5330	15
5331	651
5332	657
5333	679
5334	924
5335	366
5336	230
5337	290
5338	134
5339	982
5340	206
5341	79
5342	919
5343	746
5344	327
5345	729
5346	97
5347	65
5348	326
5349	326
5350	273
5351	871
5352	858
5353	380
5354	990
5355	242
5356	173
5357	104
5358	938
5359	609
5360	693
5361	484
5362	798
5363	854
5364	840
5365	543
5366	12
5367	286
5368	909
5369	44
5370	134
5371	733
5372	315
5373	840
5374	954
5375	360
5376	397
5377	705
5378	570
5379	778
5380	984
5381	518
5382	666
5383	898
5384	261
5385	897
5386	632
5387	849
5388	707
5389	861
5390	740
5391	510
5392	223
5393	379
5394	526
5395	776
5396	402
5397	684
5398	664
5399	223
5400	517
5401	693
5402	225
5403	777
5404	725
5405	973
5406	404
5407	60
5408	742
5409	268
5410	937
5411	590
5412	615
5413	730
5414	310
5415	57
5416	686
5417	558
5418	34
5419	257
5420	698
5421	398
5422	75
5423	32
5424	992
5425	211
5426	420
5427	897
5428	340
5429	801
5430	117
5431	870
5432	338
5433	381
5434	279
5435	816
5436	71
5437	586
5438	345
5439	870
5440	451
5441	795
5442	212
5443	786
5444	37
5445	202
5446	403
5447	390
5448	467
5449	245
5450	395
5451	941
5452	237
5453	652
5454	577
5455	283
5456	610
5457	161
5458	320
5459	421
5460	139
5461	997
5462	390
5463	591
5464	449
5465	273
5466	358
5467	604
5468	543
5469	413
5470	401
5471	353
5472	695
5473	735
5474	333
5475	205
5476	471
5477	412
5478	252
5479	836
5480	636
5481	416
5482	274
5483	115
5484	82
5485	479
5486	998
5487	274
5488	169
5489	297
5490	92
5491	833
5492	674
5493	752
5494	869
5495	705
5496	558
5497	988
5498	505
5499	320
5500	229
5501	13
5502	109
5503	854
5504	98
5505	501
5506	645
5507	995
5508	702
5509	421
5510	289
5511	652
5512	791
5513	25
5514	885
5515	520
5516	209
5517	939
5518	648
5519	643
5520	655
5521	833
5522	176
5523	599
5524	718
5525	196
5526	973
5527	741
5528	935
5529	652
5530	775
5531	610
5532	973
5533	871
5534	601
5535	395
5536	228
5537	702
5538	679
5539	799
5540	964
5541	735
5542	560
5543	974
5544	270
5545	275
5546	15
5547	357
5548	257
5549	895
5550	435
5551	176
5552	814
5553	935
5554	776
5555	313
5556	405
5557	224
5558	544
5559	974
5560	974
5561	26
5562	44
5563	840
5564	536
5565	59
5566	164
5567	400
5568	918
5569	145
5570	824
5571	585
5572	180
5573	302
5574	155
5575	50
5576	159
5577	846
5578	786
5579	462
5580	372
5581	240
5582	990
5583	493
5584	934
5585	499
5586	184
5587	962
5588	279
5589	968
5590	418
5591	875
5592	816
5593	356
5594	999
5595	969
5596	272
5597	676
5598	14
5599	39
5600	747
5601	44
5602	410
5603	899
5604	899
5605	34
5606	45
5607	463
5608	694
5609	975
5610	137
5611	520
5612	982
5613	359
5614	366
5615	570
5616	163
5617	476
5618	665
5619	756
5620	379
5621	94
5622	716
5623	886
5624	592
5625	369
5626	46
5627	643
5628	89
5629	972
5630	975
5631	459
5632	232
5633	80
5634	622
5635	881
5636	668
5637	467
5638	909
5639	143
5640	492
5641	913
5642	70
5643	655
5644	990
5645	338
5646	719
5647	409
5648	731
5649	240
5650	602
5651	921
5652	840
5653	343
5654	312
5655	99
5656	757
5657	844
5658	228
5659	928
5660	995
5661	246
5662	477
5663	590
5664	273
5665	673
5666	855
5667	561
5668	998
5669	990
5670	403
5671	303
5672	89
5673	320
5674	592
5675	961
5676	835
5677	312
5678	692
5679	491
5680	758
5681	426
5682	134
5683	155
5684	546
5685	76
5686	946
5687	239
5688	44
5689	411
5690	145
5691	276
5692	868
5693	257
5694	254
5695	859
5696	339
5697	68
5698	892
5699	967
5700	786
5701	139
5702	281
5703	138
5704	375
5705	15
5706	576
5707	466
5708	999
5709	564
5710	736
5711	468
5712	898
5713	831
5714	986
5715	24
5716	286
5717	971
5718	635
5719	595
5720	443
5721	903
5722	949
5723	80
5724	786
5725	647
5726	505
5727	458
5728	823
5729	602
5730	484
5731	577
5732	402
5733	435
5734	87
5735	540
5736	381
5737	650
5738	115
5739	976
5740	434
5741	820
5742	85
5743	574
5744	561
5745	813
5746	981
5747	14
5748	976
5749	713
5750	643
5751	246
5752	896
5753	964
5754	213
5755	492
5756	618
5757	759
5758	794
5759	540
5760	177
5761	885
5762	795
5763	479
5764	127
5765	430
5766	687
5767	497
5768	861
5769	790
5770	898
5771	445
5772	346
5773	258
5774	725
5775	296
5776	40
5777	698
5778	553
5779	556
5780	446
5781	858
5782	756
5783	150
5784	981
5785	205
5786	919
5787	876
5788	229
5789	420
5790	281
5791	966
5792	193
5793	123
5794	277
5795	925
5796	354
5797	195
5798	325
5799	540
5800	293
5801	824
5802	152
5803	137
5804	949
5805	678
5806	45
5807	750
5808	151
5809	734
5810	983
5811	648
5812	158
5813	667
5814	191
5815	642
5816	248
5817	521
5818	384
5819	435
5820	831
5821	189
5822	734
5823	16
5824	106
5825	237
5826	330
5827	653
5828	93
5829	955
5830	513
5831	852
5832	632
5833	340
5834	433
5835	325
5836	619
5837	482
5838	377
5839	359
5840	838
5841	60
5842	773
5843	491
5844	566
5845	188
5846	681
5847	778
5848	612
5849	139
5850	242
5851	493
5852	69
5853	572
5854	950
5855	520
5856	830
5857	324
5858	444
5859	470
5860	210
5861	351
5862	485
5863	487
5864	534
5865	339
5866	114
5867	866
5868	888
5869	734
5870	300
5871	176
5872	263
5873	152
5874	570
5875	695
5876	482
5877	193
5878	335
5879	18
5880	434
5881	667
5882	334
5883	26
5884	128
5885	697
5886	896
5887	133
5888	994
5889	798
5890	147
5891	691
5892	28
5893	646
5894	498
5895	153
5896	313
5897	900
5898	704
5899	226
5900	960
5901	41
5902	847
5903	529
5904	787
5905	368
5906	289
5907	554
5908	926
5909	470
5910	567
5911	760
5912	578
5913	931
5914	774
5915	768
5916	657
5917	910
5918	210
5919	915
5920	127
5921	857
5922	351
5923	865
5924	627
5925	683
5926	622
5927	173
5928	311
5929	711
5930	809
5931	360
5932	56
5933	530
5934	397
5935	379
5936	571
5937	938
5938	833
5939	829
5940	100
5941	912
5942	831
5943	354
5944	163
5945	848
5946	795
5947	616
5948	759
5949	870
5950	500
5951	74
5952	583
5953	681
5954	604
5955	290
5956	531
5957	796
5958	463
5959	26
5960	106
5961	956
5962	988
5963	141
5964	168
5965	662
5966	527
5967	875
5968	996
5969	33
5970	974
5971	632
5972	774
5973	962
5974	483
5975	787
5976	343
5977	991
5978	826
5979	564
5980	647
5981	576
5982	17
5983	18
5984	775
5985	923
5986	685
5987	803
5988	66
5989	368
5990	309
5991	991
5992	46
5993	186
5994	193
5995	593
5996	798
5997	138
5998	539
5999	727
6000	686
6001	256
6002	805
6003	802
6004	878
6005	866
6006	330
6007	920
6008	748
6009	316
6010	356
6011	938
6012	492
6013	851
6014	44
6015	564
6016	997
6017	981
6018	97
6019	463
6020	84
6021	432
6022	247
6023	464
6024	646
6025	471
6026	139
6027	646
6028	46
6029	542
6030	964
6031	727
6032	392
6033	304
6034	373
6035	401
6036	457
6037	288
6038	416
6039	458
6040	980
6041	467
6042	15
6043	259
6044	901
6045	817
6046	691
6047	546
6048	571
6049	510
6050	905
6051	410
6052	456
6053	901
6054	692
6055	269
6056	363
6057	575
6058	266
6059	739
6060	567
6061	267
6062	700
6063	92
6064	430
6065	18
6066	907
6067	681
6068	755
6069	720
6070	469
6071	331
6072	713
6073	325
6074	441
6075	238
6076	602
6077	772
6078	481
6079	400
6080	645
6081	702
6082	555
6083	626
6084	839
6085	848
6086	893
6087	712
6088	135
6089	417
6090	632
6091	899
6092	77
6093	22
6094	153
6095	956
6096	66
6097	496
6098	239
6099	197
6100	837
6101	294
6102	534
6103	954
6104	887
6105	101
6106	404
6107	542
6108	709
6109	75
6110	207
6111	280
6112	291
6113	885
6114	908
6115	949
6116	234
6117	357
6118	840
6119	693
6120	350
6121	473
6122	350
6123	736
6124	596
6125	637
6126	976
6127	736
6128	341
6129	763
6130	724
6131	359
6132	212
6133	314
6134	315
6135	843
6136	540
6137	630
6138	631
6139	662
6140	240
6141	429
6142	659
6143	148
6144	245
6145	833
6146	320
6147	899
6148	789
6149	474
6150	139
6151	404
6152	641
6153	579
6154	977
6155	839
6156	270
6157	575
6158	932
6159	557
6160	934
6161	404
6162	461
6163	151
6164	970
6165	236
6166	690
6167	54
6168	663
6169	324
6170	951
6171	475
6172	209
6173	220
6174	675
6175	342
6176	925
6177	378
6178	958
6179	793
6180	500
6181	762
6182	301
6183	178
6184	11
6185	611
6186	513
6187	146
6188	943
6189	575
6190	198
6191	565
6192	454
6193	723
6194	974
6195	301
6196	74
6197	400
6198	949
6199	16
6200	738
6201	196
6202	169
6203	978
6204	947
6205	188
6206	946
6207	156
6208	180
6209	762
6210	142
6211	683
6212	52
6213	898
6214	37
6215	940
6216	782
6217	568
6218	258
6219	664
6220	300
6221	91
6222	812
6223	412
6224	668
6225	980
6226	170
6227	571
6228	982
6229	141
6230	192
6231	257
6232	308
6233	607
6234	141
6235	741
6236	75
6237	157
6238	211
6239	858
6240	163
6241	327
6242	882
6243	575
6244	538
6245	868
6246	896
6247	801
6248	999
6249	542
6250	301
6251	231
6252	744
6253	859
6254	737
6255	483
6256	316
6257	87
6258	776
6259	564
6260	555
6261	684
6262	400
6263	448
6264	160
6265	137
6266	711
6267	452
6268	535
6269	165
6270	183
6271	787
6272	76
6273	865
6274	511
6275	463
6276	471
6277	252
6278	959
6279	189
6280	541
6281	99
6282	944
6283	559
6284	866
6285	280
6286	863
6287	378
6288	760
6289	306
6290	83
6291	580
6292	253
6293	446
6294	778
6295	323
6296	629
6297	45
6298	827
6299	217
6300	468
6301	574
6302	892
6303	819
6304	22
6305	368
6306	487
6307	649
6308	502
6309	65
6310	855
6311	156
6312	660
6313	521
6314	674
6315	341
6316	683
6317	846
6318	687
6319	113
6320	242
6321	570
6322	124
6323	52
6324	543
6325	76
6326	713
6327	953
6328	498
6329	954
6330	408
6331	984
6332	77
6333	641
6334	789
6335	927
6336	620
6337	407
6338	228
6339	884
6340	505
6341	718
6342	804
6343	304
6344	379
6345	506
6346	66
6347	670
6348	352
6349	465
6350	992
6351	565
6352	970
6353	711
6354	148
6355	971
6356	779
6357	893
6358	931
6359	931
6360	940
6361	168
6362	485
6363	710
6364	232
6365	25
6366	140
6367	178
6368	865
6369	907
6370	239
6371	789
6372	400
6373	559
6374	83
6375	784
6376	186
6377	677
6378	258
6379	482
6380	772
6381	812
6382	153
6383	689
6384	836
6385	270
6386	618
6387	981
6388	110
6389	178
6390	401
6391	843
6392	152
6393	31
6394	119
6395	586
6396	254
6397	742
6398	270
6399	694
6400	662
6401	628
6402	169
6403	90
6404	278
6405	429
6406	387
6407	937
6408	606
6409	559
6410	435
6411	335
6412	643
6413	538
6414	413
6415	905
6416	953
6417	287
6418	400
6419	373
6420	901
6421	672
6422	345
6423	670
6424	963
6425	84
6426	516
6427	66
6428	297
6429	169
6430	161
6431	207
6432	608
6433	891
6434	206
6435	129
6436	309
6437	883
6438	725
6439	40
6440	146
6441	409
6442	755
6443	183
6444	348
6445	568
6446	856
6447	290
6448	779
6449	660
6450	511
6451	716
6452	298
6453	90
6454	31
6455	513
6456	212
6457	263
6458	959
6459	968
6460	931
6461	340
6462	780
6463	441
6464	514
6465	161
6466	378
6467	235
6468	929
6469	474
6470	170
6471	619
6472	995
6473	455
6474	341
6475	532
6476	322
6477	195
6478	349
6479	943
6480	154
6481	497
6482	89
6483	577
6484	159
6485	780
6486	674
6487	209
6488	12
6489	772
6490	950
6491	372
6492	402
6493	371
6494	813
6495	147
6496	123
6497	775
6498	231
6499	328
6500	842
6501	558
6502	61
6503	17
6504	225
6505	36
6506	712
6507	566
6508	303
6509	311
6510	50
6511	194
6512	806
6513	953
6514	887
6515	684
6516	175
6517	388
6518	121
6519	278
6520	793
6521	119
6522	115
6523	518
6524	964
6525	222
6526	134
6527	988
6528	544
6529	600
6530	361
6531	363
6532	249
6533	276
6534	208
6535	370
6536	641
6537	109
6538	314
6539	637
6540	981
6541	405
6542	49
6543	887
6544	911
6545	175
6546	27
6547	235
6548	440
6549	693
6550	593
6551	770
6552	378
6553	721
6554	347
6555	566
6556	23
6557	465
6558	627
6559	46
6560	963
6561	787
6562	364
6563	63
6564	892
6565	38
6566	476
6567	885
6568	195
6569	690
6570	437
6571	738
6572	607
6573	724
6574	521
6575	602
6576	999
6577	636
6578	208
6579	686
6580	90
6581	412
6582	288
6583	461
6584	588
6585	790
6586	773
6587	404
6588	248
6589	520
6590	874
6591	149
6592	15
6593	434
6594	630
6595	442
6596	448
6597	134
6598	344
6599	625
6600	55
6601	674
6602	246
6603	376
6604	910
6605	173
6606	974
6607	915
6608	931
6609	653
6610	227
6611	671
6612	439
6613	236
6614	14
6615	869
6616	77
6617	721
6618	893
6619	185
6620	541
6621	803
6622	74
6623	868
6624	366
6625	427
6626	543
6627	669
6628	566
6629	910
6630	867
6631	411
6632	154
6633	516
6634	231
6635	359
6636	67
6637	367
6638	48
6639	565
6640	311
6641	272
6642	994
6643	388
6644	219
6645	754
6646	617
6647	729
6648	630
6649	708
6650	506
6651	27
6652	27
6653	389
6654	787
6655	397
6656	133
6657	116
6658	532
6659	683
6660	332
6661	63
6662	650
6663	388
6664	526
6665	356
6666	711
6667	49
6668	916
6669	482
6670	339
6671	729
6672	849
6673	253
6674	763
6675	81
6676	272
6677	711
6678	588
6679	232
6680	693
6681	982
6682	876
6683	392
6684	726
6685	560
6686	113
6687	894
6688	372
6689	202
6690	527
6691	138
6692	419
6693	400
6694	178
6695	666
6696	13
6697	17
6698	839
6699	484
6700	283
6701	229
6702	907
6703	140
6704	290
6705	569
6706	904
6707	70
6708	346
6709	53
6710	305
6711	674
6712	377
6713	212
6714	707
6715	650
6716	478
6717	893
6718	488
6719	926
6720	414
6721	449
6722	282
6723	126
6724	587
6725	859
6726	139
6727	595
6728	768
6729	384
6730	576
6731	995
6732	485
6733	561
6734	744
6735	349
6736	164
6737	909
6738	899
6739	828
6740	391
6741	326
6742	516
6743	996
6744	622
6745	482
6746	282
6747	300
6748	385
6749	255
6750	994
6751	293
6752	346
6753	628
6754	71
6755	242
6756	926
6757	974
6758	196
6759	126
6760	224
6761	721
6762	201
6763	691
6764	950
6765	621
6766	818
6767	811
6768	152
6769	706
6770	897
6771	628
6772	889
6773	949
6774	521
6775	632
6776	977
6777	531
6778	422
6779	357
6780	530
6781	224
6782	368
6783	865
6784	249
6785	240
6786	275
6787	413
6788	416
6789	462
6790	666
6791	793
6792	740
6793	335
6794	803
6795	373
6796	138
6797	344
6798	251
6799	166
6800	346
6801	173
6802	438
6803	175
6804	753
6805	769
6806	501
6807	235
6808	437
6809	523
6810	691
6811	469
6812	308
6813	557
6814	321
6815	987
6816	648
6817	496
6818	349
6819	40
6820	225
6821	392
6822	670
6823	866
6824	776
6825	138
6826	339
6827	414
6828	350
6829	291
6830	965
6831	217
6832	10
6833	866
6834	768
6835	856
6836	206
6837	439
6838	574
6839	783
6840	861
6841	30
6842	337
6843	155
6844	898
6845	54
6846	759
6847	748
6848	709
6849	122
6850	648
6851	914
6852	351
6853	461
6854	198
6855	22
6856	769
6857	637
6858	570
6859	43
6860	66
6861	204
6862	529
6863	251
6864	279
6865	318
6866	344
6867	61
6868	232
6869	169
6870	40
6871	570
6872	583
6873	612
6874	476
6875	720
6876	467
6877	351
6878	265
6879	820
6880	609
6881	338
6882	661
6883	523
6884	26
6885	815
6886	618
6887	168
6888	440
6889	817
6890	643
6891	528
6892	60
6893	736
6894	403
6895	996
6896	397
6897	70
6898	877
6899	920
6900	76
6901	290
6902	277
6903	482
6904	492
6905	618
6906	79
6907	417
6908	427
6909	263
6910	362
6911	277
6912	671
6913	706
6914	97
6915	21
6916	366
6917	976
6918	185
6919	927
6920	910
6921	372
6922	578
6923	847
6924	13
6925	931
6926	398
6927	899
6928	852
6929	841
6930	620
6931	300
6932	237
6933	158
6934	900
6935	218
6936	316
6937	530
6938	150
6939	166
6940	456
6941	982
6942	182
6943	854
6944	711
6945	191
6946	349
6947	599
6948	881
6949	340
6950	874
6951	194
6952	215
6953	852
6954	302
6955	228
6956	989
6957	860
6958	620
6959	63
6960	55
6961	196
6962	162
6963	130
6964	529
6965	860
6966	569
6967	822
6968	436
6969	529
6970	714
6971	550
6972	618
6973	830
6974	866
6975	293
6976	108
6977	962
6978	882
6979	667
6980	220
6981	730
6982	305
6983	243
6984	567
6985	268
6986	663
6987	111
6988	384
6989	995
6990	510
6991	455
6992	891
6993	134
6994	432
6995	939
6996	665
6997	318
6998	941
6999	136
7000	840
7001	674
7002	41
7003	465
7004	170
7005	862
7006	362
7007	35
7008	67
7009	585
7010	954
7011	251
7012	667
7013	622
7014	939
7015	86
7016	102
7017	462
7018	992
7019	99
7020	659
7021	798
7022	434
7023	915
7024	903
7025	341
7026	336
7027	909
7028	870
7029	122
7030	436
7031	508
7032	660
7033	238
7034	563
7035	889
7036	488
7037	31
7038	925
7039	39
7040	664
7041	816
7042	219
7043	244
7044	46
7045	339
7046	398
7047	325
7048	331
7049	13
7050	620
7051	277
7052	644
7053	981
7054	353
7055	312
7056	273
7057	368
7058	454
7059	899
7060	54
7061	792
7062	60
7063	510
7064	777
7065	655
7066	184
7067	417
7068	731
7069	211
7070	91
7071	998
7072	88
7073	814
7074	703
7075	975
7076	249
7077	889
7078	47
7079	190
7080	72
7081	910
7082	899
7083	476
7084	630
7085	33
7086	60
7087	444
7088	375
7089	350
7090	441
7091	132
7092	950
7093	854
7094	11
7095	888
7096	91
7097	685
7098	180
7099	869
7100	592
7101	783
7102	282
7103	620
7104	536
7105	37
7106	731
7107	566
7108	197
7109	907
7110	652
7111	138
7112	112
7113	751
7114	293
7115	960
7116	923
7117	353
7118	460
7119	264
7120	310
7121	746
7122	505
7123	829
7124	934
7125	189
7126	450
7127	467
7128	792
7129	137
7130	479
7131	694
7132	724
7133	109
7134	907
7135	280
7136	478
7137	407
7138	131
7139	529
7140	480
7141	114
7142	446
7143	599
7144	307
7145	691
7146	866
7147	62
7148	315
7149	728
7150	467
7151	739
7152	850
7153	625
7154	548
7155	521
7156	699
7157	257
7158	953
7159	342
7160	372
7161	772
7162	640
7163	430
7164	369
7165	425
7166	178
7167	779
7168	492
7169	333
7170	355
7171	267
7172	348
7173	877
7174	72
7175	348
7176	481
7177	904
7178	899
7179	161
7180	904
7181	406
7182	899
7183	40
7184	428
7185	905
7186	413
7187	260
7188	583
7189	678
7190	175
7191	11
7192	549
7193	903
7194	90
7195	912
7196	579
7197	814
7198	207
7199	561
7200	426
7201	870
7202	35
7203	791
7204	438
7205	438
7206	47
7207	919
7208	685
7209	887
7210	893
7211	723
7212	937
7213	399
7214	16
7215	357
7216	506
7217	204
7218	764
7219	494
7220	903
7221	609
7222	143
7223	800
7224	961
7225	49
7226	101
7227	667
7228	674
7229	532
7230	50
7231	851
7232	234
7233	773
7234	317
7235	312
7236	830
7237	68
7238	136
7239	744
7240	309
7241	164
7242	654
7243	669
7244	938
7245	537
7246	18
7247	97
7248	34
7249	599
7250	129
7251	959
7252	829
7253	443
7254	849
7255	235
7256	859
7257	262
7258	71
7259	902
7260	293
7261	312
7262	934
7263	385
7264	46
7265	721
7266	663
7267	34
7268	865
7269	925
7270	168
7271	292
7272	519
7273	856
7274	841
7275	663
7276	831
7277	688
7278	249
7279	679
7280	265
7281	41
7282	482
7283	120
7284	267
7285	370
7286	465
7287	648
7288	416
7289	664
7290	506
7291	772
7292	627
7293	156
7294	420
7295	27
7296	955
7297	381
7298	485
7299	844
7300	246
7301	989
7302	781
7303	879
7304	588
7305	752
7306	558
7307	886
7308	440
7309	697
7310	355
7311	683
7312	642
7313	630
7314	94
7315	612
7316	292
7317	262
7318	715
7319	800
7320	141
7321	548
7322	294
7323	248
7324	353
7325	59
7326	733
7327	948
7328	82
7329	695
7330	156
7331	290
7332	911
7333	492
7334	653
7335	634
7336	524
7337	124
7338	393
7339	701
7340	891
7341	533
7342	57
7343	645
7344	100
7345	582
7346	849
7347	371
7348	642
7349	377
7350	42
7351	748
7352	896
7353	640
7354	682
7355	177
7356	645
7357	197
7358	86
7359	799
7360	218
7361	980
7362	911
7363	263
7364	272
7365	496
7366	600
7367	954
7368	576
7369	29
7370	516
7371	735
7372	482
7373	140
7374	952
7375	154
7376	318
7377	58
7378	858
7379	637
7380	720
7381	419
7382	842
7383	633
7384	38
7385	48
7386	588
7387	61
7388	933
7389	73
7390	153
7391	281
7392	876
7393	269
7394	178
7395	118
7396	94
7397	76
7398	192
7399	219
7400	81
7401	510
7402	256
7403	909
7404	359
7405	487
7406	975
7407	639
7408	536
7409	595
7410	550
7411	660
7412	622
7413	398
7414	539
7415	810
7416	42
7417	283
7418	572
7419	938
7420	769
7421	108
7422	492
7423	783
7424	945
7425	383
7426	645
7427	492
7428	794
7429	506
7430	251
7431	971
7432	139
7433	168
7434	664
7435	892
7436	704
7437	371
7438	790
7439	471
7440	257
7441	589
7442	975
7443	360
7444	718
7445	846
7446	678
7447	864
7448	388
7449	24
7450	145
7451	41
7452	352
7453	212
7454	213
7455	533
7456	585
7457	385
7458	892
7459	487
7460	489
7461	122
7462	842
7463	383
7464	681
7465	591
7466	636
7467	460
7468	789
7469	345
7470	851
7471	687
7472	439
7473	196
7474	754
7475	574
7476	280
7477	873
7478	859
7479	957
7480	924
7481	907
7482	759
7483	468
7484	238
7485	786
7486	449
7487	627
7488	852
7489	681
7490	760
7491	602
7492	255
7493	160
7494	180
7495	141
7496	355
7497	270
7498	961
7499	290
7500	429
7501	427
7502	505
7503	75
7504	710
7505	326
7506	82
7507	373
7508	598
7509	515
7510	781
7511	74
7512	388
7513	100
7514	144
7515	740
7516	701
7517	719
7518	216
7519	662
7520	588
7521	476
7522	153
7523	14
7524	270
7525	277
7526	925
7527	596
7528	722
7529	305
7530	954
7531	696
7532	356
7533	980
7534	627
7535	875
7536	991
7537	161
7538	404
7539	872
7540	210
7541	945
7542	991
7543	569
7544	457
7545	839
7546	266
7547	365
7548	270
7549	776
7550	999
7551	288
7552	943
7553	937
7554	700
7555	598
7556	200
7557	96
7558	563
7559	484
7560	401
7561	591
7562	34
7563	787
7564	25
7565	325
7566	382
7567	866
7568	142
7569	635
7570	259
7571	178
7572	561
7573	47
7574	851
7575	692
7576	994
7577	827
7578	678
7579	136
7580	856
7581	30
7582	758
7583	261
7584	234
7585	693
7586	861
7587	355
7588	357
7589	333
7590	49
7591	705
7592	439
7593	857
7594	799
7595	522
7596	289
7597	493
7598	483
7599	41
7600	14
7601	508
7602	662
7603	763
7604	813
7605	706
7606	160
7607	349
7608	831
7609	586
7610	542
7611	624
7612	166
7613	647
7614	629
7615	508
7616	391
7617	33
7618	805
7619	495
7620	175
7621	52
7622	514
7623	794
7624	636
7625	105
7626	218
7627	217
7628	533
7629	792
7630	582
7631	584
7632	566
7633	384
7634	702
7635	55
7636	106
7637	613
7638	969
7639	785
7640	631
7641	557
7642	904
7643	347
7644	619
7645	764
7646	53
7647	661
7648	765
7649	411
7650	746
7651	948
7652	430
7653	428
7654	409
7655	462
7656	157
7657	910
7658	136
7659	964
7660	669
7661	503
7662	186
7663	654
7664	403
7665	303
7666	702
7667	389
7668	850
7669	710
7670	175
7671	669
7672	401
7673	327
7674	780
7675	52
7676	590
7677	683
7678	634
7679	574
7680	574
7681	750
7682	139
7683	626
7684	791
7685	676
7686	507
7687	738
7688	977
7689	236
7690	955
7691	529
7692	575
7693	281
7694	627
7695	283
7696	255
7697	335
7698	557
7699	195
7700	663
7701	111
7702	129
7703	949
7704	72
7705	478
7706	430
7707	740
7708	171
7709	111
7710	410
7711	339
7712	564
7713	955
7714	222
7715	940
7716	134
7717	498
7718	433
7719	289
7720	773
7721	946
7722	756
7723	60
7724	425
7725	807
7726	674
7727	79
7728	984
7729	688
7730	665
7731	581
7732	188
7733	749
7734	122
7735	170
7736	669
7737	615
7738	419
7739	874
7740	166
7741	807
7742	819
7743	286
7744	454
7745	234
7746	507
7747	231
7748	101
7749	626
7750	91
7751	258
7752	515
7753	930
7754	372
7755	333
7756	442
7757	147
7758	115
7759	176
7760	572
7761	853
7762	31
7763	90
7764	548
7765	478
7766	942
7767	549
7768	630
7769	998
7770	943
7771	193
7772	743
7773	272
7774	105
7775	480
7776	551
7777	645
7778	582
7779	360
7780	534
7781	974
7782	534
7783	305
7784	525
7785	940
7786	47
7787	887
7788	557
7789	231
7790	943
7791	895
7792	492
7793	244
7794	915
7795	887
7796	832
7797	855
7798	203
7799	544
7800	633
7801	369
7802	898
7803	732
7804	247
7805	745
7806	413
7807	200
7808	120
7809	513
7810	817
7811	243
7812	134
7813	852
7814	813
7815	211
7816	342
7817	931
7818	61
7819	574
7820	480
7821	175
7822	680
7823	677
7824	164
7825	849
7826	757
7827	147
7828	76
7829	402
7830	740
7831	159
7832	609
7833	345
7834	176
7835	595
7836	605
7837	332
7838	347
7839	881
7840	929
7841	980
7842	466
7843	565
7844	872
7845	747
7846	219
7847	595
7848	914
7849	266
7850	859
7851	18
7852	666
7853	691
7854	127
7855	681
7856	800
7857	488
7858	546
7859	808
7860	266
7861	571
7862	882
7863	676
7864	303
7865	59
7866	732
7867	762
7868	24
7869	438
7870	207
7871	126
7872	616
7873	452
7874	600
7875	385
7876	799
7877	220
7878	467
7879	286
7880	695
7881	282
7882	221
7883	535
7884	724
7885	294
7886	281
7887	717
7888	302
7889	936
7890	463
7891	576
7892	963
7893	161
7894	741
7895	280
7896	931
7897	351
7898	961
7899	697
7900	196
7901	268
7902	621
7903	63
7904	141
7905	199
7906	494
7907	961
7908	508
7909	344
7910	386
7911	735
7912	12
7913	819
7914	824
7915	992
7916	696
7917	619
7918	816
7919	849
7920	509
7921	737
7922	96
7923	304
7924	893
7925	451
7926	295
7927	940
7928	498
7929	180
7930	733
7931	59
7932	797
7933	711
7934	986
7935	850
7936	63
7937	820
7938	808
7939	475
7940	966
7941	283
7942	469
7943	139
7944	322
7945	106
7946	982
7947	49
7948	776
7949	559
7950	599
7951	274
7952	565
7953	885
7954	765
7955	529
7956	59
7957	770
7958	610
7959	306
7960	100
7961	602
7962	735
7963	104
7964	579
7965	245
7966	209
7967	584
7968	24
7969	953
7970	230
7971	927
7972	138
7973	386
7974	914
7975	556
7976	856
7977	483
7978	732
7979	298
7980	927
7981	512
7982	747
7983	882
7984	647
7985	148
7986	553
7987	538
7988	910
7989	828
7990	815
7991	795
7992	918
7993	977
7994	572
7995	295
7996	594
7997	217
7998	229
7999	168
8000	911
8001	704
8002	898
8003	984
8004	794
8005	410
8006	606
8007	769
8008	52
8009	655
8010	10
8011	951
8012	916
8013	390
8014	830
8015	173
8016	716
8017	304
8018	350
8019	458
8020	134
8021	403
8022	203
8023	715
8024	319
8025	757
8026	105
8027	551
8028	165
8029	169
8030	952
8031	733
8032	320
8033	401
8034	339
8035	994
8036	272
8037	306
8038	492
8039	161
8040	303
8041	709
8042	286
8043	348
8044	248
8045	811
8046	572
8047	734
8048	732
8049	996
8050	623
8051	913
8052	281
8053	845
8054	31
8055	610
8056	432
8057	431
8058	530
8059	680
8060	917
8061	558
8062	933
8063	52
8064	614
8065	100
8066	124
8067	881
8068	333
8069	86
8070	960
8071	216
8072	682
8073	595
8074	273
8075	868
8076	497
8077	36
8078	635
8079	160
8080	838
8081	556
8082	293
8083	759
8084	144
8085	966
8086	564
8087	549
8088	975
8089	139
8090	768
8091	495
8092	591
8093	471
8094	361
8095	340
8096	364
8097	356
8098	41
8099	316
8100	958
8101	278
8102	646
8103	200
8104	891
8105	479
8106	45
8107	905
8108	610
8109	25
8110	993
8111	512
8112	27
8113	311
8114	192
8115	311
8116	22
8117	689
8118	775
8119	751
8120	597
8121	407
8122	537
8123	98
8124	862
8125	756
8126	887
8127	198
8128	374
8129	779
8130	70
8131	667
8132	366
8133	472
8134	127
8135	378
8136	115
8137	500
8138	221
8139	121
8140	543
8141	315
8142	359
8143	191
8144	734
8145	980
8146	711
8147	660
8148	578
8149	65
8150	223
8151	95
8152	298
8153	550
8154	707
8155	837
8156	967
8157	170
8158	815
8159	889
8160	23
8161	843
8162	759
8163	323
8164	764
8165	427
8166	120
8167	394
8168	182
8169	419
8170	643
8171	676
8172	843
8173	35
8174	139
8175	403
8176	25
8177	588
8178	67
8179	566
8180	752
8181	120
8182	617
8183	923
8184	506
8185	191
8186	441
8187	490
8188	401
8189	891
8190	14
8191	745
8192	263
8193	464
8194	497
8195	707
8196	516
8197	270
8198	605
8199	233
8200	645
8201	651
8202	63
8203	956
8204	660
8205	610
8206	522
8207	974
8208	562
8209	309
8210	625
8211	332
8212	151
8213	53
8214	648
8215	845
8216	234
8217	423
8218	528
8219	16
8220	287
8221	134
8222	192
8223	925
8224	895
8225	843
8226	108
8227	706
8228	952
8229	281
8230	390
8231	311
8232	155
8233	224
8234	277
8235	120
8236	615
8237	755
8238	107
8239	848
8240	262
8241	930
8242	983
8243	280
8244	495
8245	220
8246	410
8247	743
8248	791
8249	168
8250	529
8251	575
8252	941
8253	33
8254	37
8255	284
8256	545
8257	135
8258	384
8259	806
8260	584
8261	752
8262	575
8263	186
8264	651
8265	74
8266	368
8267	95
8268	144
8269	90
8270	551
8271	808
8272	728
8273	320
8274	68
8275	274
8276	660
8277	492
8278	68
8279	752
8280	675
8281	104
8282	142
8283	227
8284	96
8285	651
8286	574
8287	624
8288	814
8289	269
8290	986
8291	594
8292	998
8293	456
8294	536
8295	363
8296	12
8297	300
8298	360
8299	568
8300	679
8301	977
8302	871
8303	984
8304	316
8305	328
8306	871
8307	769
8308	656
8309	429
8310	213
8311	570
8312	956
8313	794
8314	312
8315	711
8316	188
8317	377
8318	437
8319	49
8320	263
8321	678
8322	216
8323	24
8324	145
8325	136
8326	777
8327	730
8328	402
8329	777
8330	911
8331	341
8332	339
8333	167
8334	743
8335	581
8336	44
8337	821
8338	439
8339	949
8340	213
8341	767
8342	410
8343	620
8344	867
8345	462
8346	646
8347	32
8348	464
8349	232
8350	367
8351	669
8352	488
8353	209
8354	116
8355	977
8356	289
8357	631
8358	284
8359	107
8360	124
8361	675
8362	537
8363	597
8364	402
8365	458
8366	385
8367	309
8368	65
8369	192
8370	299
8371	373
8372	354
8373	789
8374	420
8375	595
8376	901
8377	835
8378	531
8379	87
8380	130
8381	721
8382	596
8383	448
8384	47
8385	784
8386	551
8387	706
8388	374
8389	100
8390	745
8391	360
8392	182
8393	351
8394	762
8395	653
8396	306
8397	272
8398	511
8399	110
8400	78
8401	820
8402	172
8403	680
8404	561
8405	963
8406	624
8407	850
8408	79
8409	749
8410	513
8411	91
8412	177
8413	606
8414	526
8415	385
8416	486
8417	449
8418	604
8419	435
8420	78
8421	728
8422	324
8423	727
8424	286
8425	163
8426	872
8427	590
8428	485
8429	277
8430	872
8431	581
8432	203
8433	206
8434	236
8435	899
8436	914
8437	472
8438	153
8439	180
8440	728
8441	793
8442	457
8443	99
8444	416
8445	104
8446	206
8447	800
8448	207
8449	37
8450	838
8451	876
8452	178
8453	658
8454	239
8455	671
8456	652
8457	664
8458	597
8459	325
8460	657
8461	802
8462	832
8463	668
8464	839
8465	936
8466	541
8467	735
8468	815
8469	21
8470	162
8471	404
8472	494
8473	669
8474	932
8475	226
8476	136
8477	79
8478	141
8479	74
8480	445
8481	214
8482	981
8483	38
8484	727
8485	373
8486	896
8487	860
8488	192
8489	720
8490	324
8491	603
8492	989
8493	456
8494	513
8495	61
8496	26
8497	364
8498	64
8499	443
8500	699
8501	514
8502	862
8503	414
8504	783
8505	650
8506	390
8507	55
8508	897
8509	692
8510	921
8511	317
8512	69
8513	269
8514	464
8515	734
8516	502
8517	234
8518	924
8519	806
8520	479
8521	955
8522	312
8523	447
8524	712
8525	383
8526	22
8527	825
8528	669
8529	119
8530	831
8531	747
8532	330
8533	84
8534	713
8535	975
8536	451
8537	717
8538	517
8539	692
8540	83
8541	16
8542	191
8543	639
8544	515
8545	143
8546	326
8547	561
8548	197
8549	581
8550	621
8551	565
8552	170
8553	175
8554	425
8555	466
8556	588
8557	817
8558	228
8559	860
8560	422
8561	286
8562	792
8563	333
8564	92
8565	856
8566	271
8567	982
8568	969
8569	819
8570	449
8571	57
8572	449
8573	28
8574	330
8575	321
8576	533
8577	245
8578	43
8579	502
8580	954
8581	931
8582	376
8583	78
8584	159
8585	92
8586	839
8587	661
8588	851
8589	305
8590	639
8591	462
8592	343
8593	534
8594	678
8595	332
8596	837
8597	196
8598	275
8599	507
8600	805
8601	786
8602	153
8603	734
8604	520
8605	676
8606	608
8607	477
8608	73
8609	554
8610	679
8611	945
8612	695
8613	730
8614	534
8615	607
8616	172
8617	51
8618	292
8619	122
8620	38
8621	93
8622	806
8623	703
8624	170
8625	767
8626	592
8627	424
8628	788
8629	607
8630	429
8631	244
8632	289
8633	383
8634	590
8635	168
8636	996
8637	352
8638	42
8639	767
8640	927
8641	476
8642	980
8643	487
8644	642
8645	196
8646	198
8647	834
8648	150
8649	64
8650	272
8651	125
8652	166
8653	298
8654	803
8655	77
8656	487
8657	812
8658	686
8659	947
8660	906
8661	152
8662	342
8663	825
8664	639
8665	994
8666	175
8667	348
8668	911
8669	262
8670	571
8671	542
8672	649
8673	949
8674	781
8675	962
8676	729
8677	745
8678	441
8679	992
8680	11
8681	769
8682	794
8683	224
8684	939
8685	242
8686	290
8687	774
8688	417
8689	612
8690	485
8691	591
8692	377
8693	530
8694	172
8695	513
8696	611
8697	519
8698	885
8699	823
8700	891
8701	359
8702	153
8703	976
8704	80
8705	378
8706	326
8707	405
8708	249
8709	544
8710	520
8711	680
8712	234
8713	813
8714	142
8715	704
8716	293
8717	489
8718	608
8719	346
8720	233
8721	443
8722	313
8723	83
8724	559
8725	634
8726	464
8727	671
8728	164
8729	788
8730	767
8731	322
8732	122
8733	167
8734	25
8735	745
8736	186
8737	747
8738	957
8739	165
8740	271
8741	551
8742	475
8743	738
8744	827
8745	65
8746	61
8747	997
8748	790
8749	116
8750	508
8751	939
8752	482
8753	658
8754	375
8755	485
8756	51
8757	828
8758	696
8759	716
8760	776
8761	266
8762	56
8763	512
8764	424
8765	67
8766	901
8767	612
8768	609
8769	616
8770	734
8771	934
8772	393
8773	722
8774	691
8775	793
8776	124
8777	258
8778	59
8779	509
8780	589
8781	647
8782	857
8783	931
8784	83
8785	453
8786	957
8787	545
8788	187
8789	626
8790	982
8791	849
8792	884
8793	271
8794	619
8795	538
8796	69
8797	558
8798	467
8799	565
8800	421
8801	279
8802	325
8803	63
8804	238
8805	768
8806	917
8807	865
8808	871
8809	569
8810	131
8811	351
8812	159
8813	271
8814	990
8815	176
8816	845
8817	123
8818	278
8819	532
8820	675
8821	164
8822	499
8823	189
8824	850
8825	442
8826	202
8827	639
8828	646
8829	980
8830	597
8831	914
8832	577
8833	749
8834	862
8835	563
8836	237
8837	982
8838	211
8839	620
8840	314
8841	518
8842	516
8843	553
8844	489
8845	656
8846	78
8847	535
8848	67
8849	367
8850	385
8851	189
8852	704
8853	21
8854	65
8855	727
8856	78
8857	785
8858	791
8859	500
8860	706
8861	176
8862	34
8863	892
8864	653
8865	37
8866	189
8867	597
8868	227
8869	680
8870	292
8871	706
8872	434
8873	797
8874	966
8875	167
8876	220
8877	100
8878	57
8879	206
8880	442
8881	125
8882	812
8883	197
8884	97
8885	874
8886	455
8887	734
8888	688
8889	894
8890	886
8891	738
8892	463
8893	571
8894	741
8895	223
8896	258
8897	98
8898	871
8899	607
8900	302
8901	680
8902	913
8903	744
8904	210
8905	508
8906	11
8907	766
8908	117
8909	251
8910	683
8911	170
8912	132
8913	374
8914	272
8915	716
8916	983
8917	507
8918	897
8919	914
8920	375
8921	796
8922	901
8923	118
8924	216
8925	337
8926	718
8927	179
8928	666
8929	179
8930	757
8931	824
8932	471
8933	414
8934	628
8935	398
8936	105
8937	256
8938	670
8939	954
8940	515
8941	168
8942	122
8943	477
8944	142
8945	525
8946	963
8947	474
8948	604
8949	564
8950	242
8951	23
8952	725
8953	955
8954	394
8955	854
8956	908
8957	855
8958	489
8959	662
8960	233
8961	833
8962	256
8963	574
8964	587
8965	82
8966	465
8967	59
8968	466
8969	670
8970	325
8971	215
8972	170
8973	977
8974	533
8975	731
8976	776
8977	768
8978	129
8979	863
8980	485
8981	747
8982	299
8983	250
8984	768
8985	931
8986	508
8987	727
8988	392
8989	274
8990	987
8991	747
8992	930
8993	277
8994	83
8995	842
8996	75
8997	395
8998	112
8999	657
9000	259
9001	829
9002	891
9003	703
9004	946
9005	832
9006	368
9007	314
9008	542
9009	980
9010	57
9011	665
9012	788
9013	783
9014	944
9015	95
9016	40
9017	158
9018	217
9019	219
9020	744
9021	396
9022	286
9023	199
9024	730
9025	422
9026	870
9027	705
9028	903
9029	440
9030	988
9031	118
9032	617
9033	38
9034	179
9035	545
9036	60
9037	480
9038	588
9039	824
9040	965
9041	642
9042	392
9043	746
9044	155
9045	725
9046	371
9047	961
9048	745
9049	358
9050	750
9051	425
9052	388
9053	645
9054	521
9055	480
9056	85
9057	304
9058	180
9059	990
9060	449
9061	60
9062	826
9063	820
9064	796
9065	498
9066	595
9067	930
9068	35
9069	117
9070	557
9071	337
9072	988
9073	254
9074	969
9075	370
9076	525
9077	108
9078	977
9079	258
9080	615
9081	175
9082	862
9083	137
9084	244
9085	410
9086	789
9087	805
9088	209
9089	168
9090	293
9091	803
9092	478
9093	354
9094	89
9095	830
9096	924
9097	465
9098	15
9099	752
9100	267
9101	905
9102	925
9103	773
9104	246
9105	798
9106	810
9107	501
9108	605
9109	398
9110	583
9111	202
9112	709
9113	341
9114	276
9115	542
9116	622
9117	358
9118	252
9119	609
9120	583
9121	880
9122	523
9123	304
9124	83
9125	779
9126	898
9127	101
9128	135
9129	170
9130	982
9131	87
9132	373
9133	755
9134	146
9135	156
9136	833
9137	736
9138	717
9139	724
9140	267
9141	345
9142	184
9143	146
9144	943
9145	86
9146	895
9147	180
9148	262
9149	233
9150	64
9151	32
9152	153
9153	131
9154	309
9155	301
9156	770
9157	301
9158	954
9159	347
9160	499
9161	220
9162	109
9163	130
9164	979
9165	708
9166	963
9167	942
9168	130
9169	955
9170	58
9171	165
9172	527
9173	575
9174	997
9175	659
9176	659
9177	118
9178	354
9179	480
9180	976
9181	579
9182	675
9183	881
9184	726
9185	794
9186	698
9187	176
9188	456
9189	111
9190	765
9191	83
9192	399
9193	867
9194	745
9195	97
9196	455
9197	633
9198	615
9199	281
9200	935
9201	326
9202	101
9203	945
9204	580
9205	101
9206	212
9207	42
9208	782
9209	799
9210	174
9211	576
9212	564
9213	950
9214	920
9215	652
9216	189
9217	239
9218	765
9219	555
9220	609
9221	481
9222	914
9223	165
9224	635
9225	699
9226	902
9227	473
9228	976
9229	576
9230	925
9231	300
9232	767
9233	184
9234	565
9235	794
9236	323
9237	82
9238	795
9239	607
9240	123
9241	958
9242	307
9243	715
9244	247
9245	66
9246	400
9247	902
9248	805
9249	711
9250	337
9251	336
9252	313
9253	174
9254	762
9255	538
9256	965
9257	158
9258	485
9259	264
9260	619
9261	329
9262	123
9263	318
9264	458
9265	423
9266	732
9267	64
9268	932
9269	496
9270	192
9271	471
9272	209
9273	808
9274	372
9275	885
9276	383
9277	367
9278	684
9279	746
9280	396
9281	659
9282	625
9283	455
9284	504
9285	891
9286	51
9287	561
9288	459
9289	513
9290	610
9291	598
9292	730
9293	692
9294	582
9295	182
9296	834
9297	552
9298	707
9299	880
9300	26
9301	106
9302	17
9303	57
9304	298
9305	552
9306	144
9307	115
9308	785
9309	662
9310	894
9311	751
9312	584
9313	204
9314	283
9315	28
9316	91
9317	412
9318	952
9319	431
9320	180
9321	733
9322	447
9323	340
9324	325
9325	984
9326	290
9327	377
9328	850
9329	282
9330	316
9331	892
9332	725
9333	221
9334	580
9335	53
9336	909
9337	119
9338	797
9339	899
9340	220
9341	107
9342	26
9343	871
9344	890
9345	429
9346	246
9347	208
9348	257
9349	662
9350	154
9351	247
9352	755
9353	711
9354	12
9355	40
9356	794
9357	216
9358	215
9359	386
9360	652
9361	127
9362	122
9363	935
9364	451
9365	867
9366	559
9367	217
9368	518
9369	531
9370	454
9371	427
9372	512
9373	163
9374	583
9375	844
9376	981
9377	962
9378	50
9379	435
9380	651
9381	522
9382	199
9383	172
9384	301
9385	401
9386	483
9387	870
9388	630
9389	453
9390	363
9391	758
9392	161
9393	544
9394	81
9395	373
9396	555
9397	749
9398	324
9399	532
9400	771
9401	464
9402	388
9403	802
9404	911
9405	85
9406	147
9407	586
9408	660
9409	302
9410	942
9411	410
9412	791
9413	599
9414	957
9415	221
9416	111
9417	356
9418	560
9419	999
9420	442
9421	980
9422	844
9423	457
9424	589
9425	96
9426	323
9427	401
9428	625
9429	517
9430	496
9431	235
9432	895
9433	369
9434	578
9435	127
9436	39
9437	276
9438	85
9439	66
9440	70
9441	360
9442	476
9443	408
9444	279
9445	648
9446	452
9447	148
9448	791
9449	166
9450	260
9451	816
9452	973
9453	583
9454	531
9455	884
9456	493
9457	75
9458	556
9459	974
9460	763
9461	905
9462	211
9463	182
9464	625
9465	812
9466	965
9467	589
9468	970
9469	163
9470	226
9471	173
9472	624
9473	890
9474	829
9475	383
9476	283
9477	49
9478	578
9479	945
9480	225
9481	265
9482	749
9483	645
9484	516
9485	542
9486	739
9487	234
9488	707
9489	237
9490	605
9491	749
9492	418
9493	225
9494	515
9495	126
9496	262
9497	442
9498	982
9499	395
9500	130
9501	974
9502	769
9503	93
9504	206
9505	110
9506	682
9507	375
9508	843
9509	839
9510	380
9511	499
9512	788
9513	663
9514	712
9515	374
9516	167
9517	888
9518	546
9519	467
9520	831
9521	977
9522	574
9523	543
9524	232
9525	587
9526	526
9527	317
9528	325
9529	59
9530	813
9531	718
9532	118
9533	63
9534	57
9535	626
9536	977
9537	59
9538	821
9539	715
9540	446
9541	927
9542	170
9543	756
9544	576
9545	65
9546	657
9547	494
9548	581
9549	335
9550	104
9551	647
9552	651
9553	594
9554	145
9555	906
9556	452
9557	603
9558	716
9559	980
9560	310
9561	382
9562	932
9563	450
9564	407
9565	41
9566	584
9567	58
9568	559
9569	326
9570	233
9571	546
9572	335
9573	751
9574	140
9575	144
9576	816
9577	828
9578	777
9579	87
9580	605
9581	381
9582	559
9583	923
9584	35
9585	972
9586	488
9587	231
9588	372
9589	782
9590	936
9591	181
9592	33
9593	952
9594	400
9595	41
9596	87
9597	534
9598	953
9599	918
9600	778
9601	477
9602	974
9603	112
9604	187
9605	121
9606	896
9607	463
9608	256
9609	449
9610	799
9611	198
9612	289
9613	201
9614	60
9615	794
9616	788
9617	420
9618	346
9619	845
9620	276
9621	354
9622	614
9623	462
9624	60
9625	660
9626	372
9627	59
9628	272
9629	794
9630	40
9631	380
9632	778
9633	754
9634	556
9635	365
9636	518
9637	586
9638	465
9639	24
9640	792
9641	769
9642	337
9643	194
9644	834
9645	657
9646	242
9647	97
9648	69
9649	886
9650	676
9651	786
9652	456
9653	853
9654	623
9655	988
9656	766
9657	404
9658	423
9659	920
9660	722
9661	785
9662	961
9663	464
9664	753
9665	575
9666	44
9667	411
9668	407
9669	952
9670	164
9671	275
9672	67
9673	734
9674	228
9675	488
9676	985
9677	106
9678	891
9679	221
9680	603
9681	336
9682	496
9683	484
9684	751
9685	125
9686	391
9687	448
9688	492
9689	440
9690	76
9691	315
9692	90
9693	240
9694	515
9695	893
9696	950
9697	272
9698	659
9699	183
9700	956
9701	305
9702	995
9703	645
9704	263
9705	933
9706	422
9707	238
9708	266
9709	299
9710	118
9711	117
9712	577
9713	503
9714	295
9715	85
9716	125
9717	40
9718	644
9719	314
9720	232
9721	845
9722	94
9723	715
9724	291
9725	150
9726	220
9727	848
9728	398
9729	611
9730	246
9731	957
9732	126
9733	130
9734	981
9735	936
9736	895
9737	613
9738	829
9739	421
9740	639
9741	123
9742	541
9743	460
9744	335
9745	787
9746	611
9747	793
9748	737
9749	661
9750	403
9751	48
9752	508
9753	644
9754	57
9755	705
9756	630
9757	260
9758	830
9759	221
9760	806
9761	609
9762	36
9763	211
9764	218
9765	70
9766	849
9767	857
9768	862
9769	518
9770	701
9771	891
9772	161
9773	431
9774	183
9775	631
9776	631
9777	602
9778	248
9779	807
9780	159
9781	194
9782	597
9783	588
9784	799
9785	41
9786	639
9787	365
9788	998
9789	966
9790	635
9791	854
9792	288
9793	66
9794	379
9795	154
9796	795
9797	700
9798	758
9799	155
9800	352
9801	190
9802	973
9803	826
9804	896
9805	662
9806	278
9807	872
9808	861
9809	737
9810	559
9811	222
9812	964
9813	217
9814	946
9815	766
9816	74
9817	327
9818	215
9819	380
9820	777
9821	228
9822	11
9823	342
9824	177
9825	390
9826	826
9827	712
9828	304
9829	937
9830	423
9831	852
9832	109
9833	106
9834	185
9835	97
9836	909
9837	618
9838	748
9839	229
9840	725
9841	295
9842	452
9843	540
9844	535
9845	837
9846	489
9847	25
9848	877
9849	958
9850	115
9851	339
9852	870
9853	829
9854	838
9855	672
9856	672
9857	239
9858	86
9859	234
9860	938
9861	481
9862	173
9863	176
9864	562
9865	253
9866	302
9867	65
9868	520
9869	962
9870	717
9871	676
9872	874
9873	573
9874	429
9875	266
9876	227
9877	142
9878	285
9879	20
9880	639
9881	235
9882	239
9883	670
9884	442
9885	766
9886	296
9887	518
9888	675
9889	340
9890	317
9891	460
9892	430
9893	849
9894	472
9895	445
9896	301
9897	574
9898	162
9899	343
9900	548
9901	948
9902	559
9903	75
9904	70
9905	549
9906	327
9907	946
9908	699
9909	415
9910	864
9911	622
9912	417
9913	99
9914	369
9915	793
9916	756
9917	924
9918	313
9919	394
9920	310
9921	163
9922	410
9923	394
9924	948
9925	557
9926	387
9927	742
9928	347
9929	817
9930	809
9931	938
9932	965
9933	811
9934	63
9935	240
9936	233
9937	309
9938	147
9939	399
9940	741
9941	809
9942	847
9943	756
9944	850
9945	663
9946	737
9947	908
9948	748
9949	819
9950	498
9951	373
9952	703
9953	801
9954	533
9955	389
9956	956
9957	771
9958	451
9959	583
9960	835
9961	277
9962	440
9963	344
9964	452
9965	405
9966	120
9967	867
9968	78
9969	38
9970	523
9971	336
9972	102
9973	763
9974	219
9975	570
9976	702
9977	834
9978	378
9979	989
9980	678
9981	748
9982	797
9983	753
9984	513
9985	686
9986	625
9987	79
9988	216
9989	155
9990	523
9991	234
9992	535
9993	903
9994	238
9995	16
9996	312
9997	522
9998	524
9999	637
10000	605
Classes	2
Teachers	1
1	1
2	1
