Class Times	20
Rooms	10000
1	970
2	33
3	559
4	486
5	948
6	761
7	490
8	75
9	817
10	25
11	728
12	334
13	245
14	218
15	741
16	598
17	202
18	610
19	369
20	730
21	378
22	749
23	813
24	732
25	802
26	437
27	53
28	781
29	389
30	572
31	641
32	693
33	82
34	79
35	783
36	91
37	738
38	227
39	312
40	224
41	685
42	338
43	110
44	437
45	630
46	733
47	95
48	847
49	356
50	909
51	83
52	923
53	708
54	790
55	844
56	166
57	135
58	341
59	98
60	427
61	431
62	691
63	259
64	69
65	202
66	991
67	804
68	58
69	385
70	56
71	184
72	994
73	766
74	836
75	989
76	597
77	940
78	303
79	513
80	852
81	412
82	904
83	44
84	501
85	468
86	805
87	992
88	308
89	436
90	172
91	373
92	431
93	116
94	30
95	835
96	177
97	580
98	188
99	455
100	237
101	85
102	498
103	432
104	492
105	296
106	195
107	892
108	463
109	680
110	678
111	131
112	853
113	382
114	597
115	783
116	551
117	185
118	458
119	791
120	753
121	643
122	638
123	650
124	178
125	834
126	998
127	842
128	618
129	406
130	900
131	331
132	243
133	848
134	76
135	545
136	423
137	474
138	687
139	570
140	510
141	265
142	167
143	636
144	833
145	247
146	720
147	464
148	821
149	911
150	980
151	771
152	54
153	38
154	605
155	587
156	489
157	756
158	554
159	802
160	621
161	717
162	436
163	381
164	461
165	654
166	863
167	701
168	914
169	23
170	457
171	327
172	587
173	794
174	463
175	790
176	956
177	445
178	292
179	500
180	301
181	592
182	451
183	12
184	801
185	128
186	197
187	410
188	841
189	587
190	465
191	81
192	885
193	149
194	106
195	278
196	371
197	576
198	817
199	927
200	141
201	53
202	646
203	733
204	865
205	564
206	654
207	96
208	986
209	418
210	228
211	321
212	331
213	673
214	159
215	508
216	948
217	236
218	195
219	287
220	201
221	367
222	48
223	118
224	696
225	838
226	682
227	100
228	607
229	600
230	429
231	379
232	240
233	893
234	154
235	295
236	705
237	697
238	713
239	218
240	170
241	631
242	656
243	607
244	801
245	659
246	753
247	983
248	573
249	161
250	196
251	879
252	985
253	686
254	622
255	703
256	709
257	253
258	691
259	799
260	358
261	472
262	392
263	191
264	195
265	306
266	295
267	476
268	912
269	576
270	93
271	698
272	74
273	651
274	333
275	634
276	849
277	917
278	571
279	487
280	819
281	506
282	988
283	576
284	810
285	885
286	366
287	702
288	994
289	107
290	48
291	28
292	496
293	130
294	700
295	502
296	957
297	517
298	60
299	742
300	939
301	422
302	856
303	361
304	941
305	719
306	644
307	126
308	583
309	365
310	583
311	360
312	455
313	183
314	739
315	852
316	241
317	677
318	876
319	751
320	800
321	204
322	591
323	639
324	49
325	221
326	679
327	68
328	498
329	767
330	289
331	963
332	467
333	605
334	956
335	924
336	19
337	361
338	820
339	166
340	354
341	436
342	624
343	130
344	456
345	492
346	346
347	392
348	295
349	743
350	177
351	491
352	509
353	463
354	63
355	662
356	391
357	220
358	448
359	935
360	119
361	669
362	426
363	767
364	891
365	172
366	959
367	459
368	248
369	488
370	709
371	690
372	77
373	945
374	260
375	694
376	262
377	439
378	630
379	289
380	114
381	802
382	403
383	746
384	348
385	744
386	825
387	915
388	799
389	593
390	334
391	852
392	687
393	971
394	220
395	304
396	281
397	33
398	926
399	940
400	105
401	567
402	708
403	16
404	64
405	250
406	847
407	435
408	72
409	600
410	752
411	13
412	237
413	612
414	941
415	239
416	313
417	928
418	137
419	40
420	723
421	585
422	735
423	640
424	223
425	261
426	944
427	945
428	140
429	420
430	831
431	687
432	761
433	266
434	328
435	853
436	900
437	201
438	343
439	613
440	768
441	213
442	372
443	475
444	86
445	435
446	298
447	217
448	808
449	781
450	111
451	229
452	369
453	49
454	924
455	299
456	237
457	974
458	674
459	452
460	681
461	22
462	51
463	908
464	329
465	121
466	854
467	526
468	886
469	518
470	194
471	713
472	955
473	840
474	55
475	841
476	72
477	468
478	270
479	656
480	534
481	75
482	224
483	377
484	73
485	863
486	278
487	167
488	533
489	440
490	955
491	954
492	969
493	287
494	383
495	97
496	463
497	749
498	709
499	550
500	441
501	932
502	34
503	100
504	539
505	269
506	458
507	463
508	890
509	724
510	20
511	407
512	42
513	471
514	607
515	925
516	944
517	507
518	439
519	710
520	793
521	147
522	604
523	503
524	458
525	522
526	229
527	550
528	63
529	92
530	840
531	421
532	103
533	679
534	499
535	527
536	444
537	924
538	775
539	491
540	489
541	877
542	378
543	795
544	561
545	730
546	744
547	80
548	350
549	77
550	971
551	444
552	525
553	44
554	899
555	411
556	439
557	121
558	217
559	761
560	335
561	85
562	831
563	854
564	555
565	797
566	774
567	85
568	930
569	588
570	897
571	707
572	123
573	550
574	33
575	306
576	565
577	607
578	50
579	739
580	557
581	494
582	915
583	404
584	838
585	172
586	875
587	126
588	948
589	508
590	978
591	926
592	914
593	484
594	91
595	152
596	194
597	822
598	305
599	890
600	20
601	600
602	850
603	991
604	155
605	562
606	949
607	633
608	485
609	68
610	787
611	872
612	318
613	293
614	770
615	809
616	623
617	203
618	46
619	952
620	545
621	361
622	491
623	267
624	417
625	121
626	653
627	19
628	669
629	249
630	189
631	292
632	434
633	335
634	991
635	984
636	973
637	655
638	733
639	847
640	216
641	253
642	970
643	540
644	613
645	409
646	458
647	304
648	503
649	366
650	143
651	286
652	471
653	430
654	402
655	528
656	925
657	176
658	211
659	544
660	76
661	342
662	808
663	758
664	775
665	239
666	461
667	407
668	602
669	160
670	161
671	942
672	801
673	749
674	516
675	307
676	270
677	636
678	700
679	275
680	197
681	285
682	420
683	636
684	786
685	658
686	34
687	311
688	68
689	28
690	611
691	668
692	39
693	812
694	139
695	318
696	184
697	56
698	353
699	562
700	394
701	97
702	628
703	440
704	899
705	589
706	344
707	435
708	783
709	128
710	367
711	857
712	685
713	188
714	885
715	245
716	884
717	959
718	366
719	527
720	900
721	70
722	651
723	695
724	463
725	794
726	176
727	698
728	117
729	672
730	203
731	546
732	477
733	285
734	916
735	429
736	389
737	518
738	855
739	381
740	22
741	452
742	219
743	22
744	772
745	31
746	83
747	478
748	893
749	225
750	651
751	686
752	460
753	72
754	374
755	386
756	254
757	642
758	174
759	951
760	775
761	152
762	166
763	582
764	317
765	870
766	713
767	656
768	745
769	72
770	301
771	83
772	89
773	808
774	629
775	206
776	437
777	996
778	817
779	755
780	532
781	989
782	44
783	370
784	92
785	552
786	555
787	83
788	552
789	94
790	980
791	870
792	603
793	319
794	491
795	66
796	922
797	829
798	485
799	59
800	670
801	868
802	448
803	539
804	115
805	748
806	756
807	200
808	563
809	940
810	514
811	341
812	827
813	418
814	792
815	446
816	386
817	684
818	818
819	392
820	76
821	232
822	136
823	784
824	336
825	605
826	732
827	753
828	277
829	898
830	175
831	271
832	373
833	752
834	251
835	248
836	216
837	13
838	607
839	514
840	539
841	137
842	411
843	564
844	311
845	836
846	591
847	556
848	57
849	194
850	859
851	926
852	902
853	818
854	56
855	241
856	214
857	466
858	220
859	698
860	318
861	509
862	198
863	689
864	120
865	102
866	785
867	839
868	305
869	923
870	584
871	938
872	159
873	977
874	390
875	20
876	37
877	633
878	356
879	308
880	237
881	783
882	306
883	591
884	417
885	440
886	46
887	13
888	761
889	940
890	258
891	259
892	207
893	137
894	271
895	460
896	497
897	963
898	162
899	639
900	158
901	947
902	965
903	686
904	392
905	131
906	747
907	106
908	83
909	737
910	178
911	703
912	829
913	632
914	693
915	882
916	623
917	938
918	397
919	10
920	688
921	909
922	631
923	846
924	163
925	626
926	536
927	959
928	906
929	513
930	696
931	409
932	272
933	702
934	830
935	635
936	524
937	418
938	497
939	579
940	930
941	393
942	790
943	351
944	285
945	315
946	127
947	821
948	661
949	777
950	237
951	520
952	337
953	438
954	823
955	879
956	497
957	995
958	528
959	326
960	764
961	147
962	118
963	965
964	25
965	151
966	895
967	228
968	107
969	286
970	635
971	482
972	281
973	578
974	153
975	838
976	321
977	815
978	965
979	852
980	743
981	636
982	515
983	346
984	272
985	781
986	500
987	326
988	311
989	157
990	427
991	372
992	917
993	953
994	976
995	111
996	581
997	329
998	840
999	433
1000	260
1001	23
1002	969
1003	984
1004	699
1005	688
1006	492
1007	937
1008	203
1009	62
1010	282
1011	355
1012	183
1013	896
1014	743
1015	257
1016	466
1017	582
1018	727
1019	474
1020	322
1021	81
1022	151
1023	603
1024	823
1025	957
1026	126
1027	258
1028	151
1029	200
1030	538
1031	377
1032	859
1033	437
1034	906
1035	713
1036	801
1037	873
1038	565
1039	957
1040	904
1041	401
1042	272
1043	156
1044	905
1045	464
1046	884
1047	350
1048	569
1049	624
1050	502
1051	402
1052	391
1053	994
1054	749
1055	645
1056	902
1057	542
1058	364
1059	507
1060	922
1061	28
1062	731
1063	31
1064	51
1065	442
1066	754
1067	923
1068	240
1069	620
1070	353
1071	901
1072	821
1073	710
1074	464
1075	635
1076	106
1077	364
1078	938
1079	760
1080	770
1081	810
1082	952
1083	565
1084	186
1085	994
1086	653
1087	678
1088	654
1089	714
1090	173
1091	409
1092	438
1093	871
1094	682
1095	535
1096	546
1097	974
1098	42
1099	188
1100	133
1101	17
1102	885
1103	824
1104	380
1105	439
1106	951
1107	874
1108	261
1109	738
1110	736
1111	239
1112	776
1113	745
1114	880
1115	108
1116	496
1117	567
1118	167
1119	377
1120	957
1121	647
1122	664
1123	68
1124	571
1125	692
1126	219
1127	673
1128	418
1129	884
1130	304
1131	904
1132	435
1133	226
1134	645
1135	949
1136	171
1137	186
1138	304
1139	326
1140	371
1141	649
1142	408
1143	51
1144	372
1145	465
1146	975
1147	307
1148	743
1149	634
1150	826
1151	804
1152	147
1153	933
1154	527
1155	42
1156	952
1157	450
1158	733
1159	887
1160	577
1161	149
1162	945
1163	372
1164	685
1165	706
1166	973
1167	25
1168	51
1169	329
1170	542
1171	544
1172	599
1173	187
1174	48
1175	808
1176	78
1177	812
1178	355
1179	742
1180	123
1181	547
1182	117
1183	854
1184	228
1185	176
1186	251
1187	559
1188	94
1189	866
1190	672
1191	470
1192	714
1193	12
1194	541
1195	619
1196	670
1197	587
1198	131
1199	364
1200	692
1201	154
1202	846
1203	514
1204	13
1205	435
1206	75
1207	639
1208	419
1209	986
1210	780
1211	610
1212	879
1213	504
1214	865
1215	607
1216	914
1217	265
1218	308
1219	526
1220	773
1221	264
1222	882
1223	319
1224	41
1225	538
1226	136
1227	818
1228	494
1229	761
1230	314
1231	244
1232	154
1233	979
1234	312
1235	958
1236	805
1237	791
1238	784
1239	174
1240	296
1241	687
1242	236
1243	699
1244	349
1245	948
1246	147
1247	225
1248	833
1249	31
1250	676
1251	801
1252	329
1253	905
1254	476
1255	850
1256	352
1257	52
1258	99
1259	527
1260	570
1261	219
1262	371
1263	895
1264	825
1265	873
1266	332
1267	262
1268	656
1269	85
1270	601
1271	940
1272	910
1273	431
1274	130
1275	584
1276	996
1277	441
1278	793
1279	808
1280	428
1281	561
1282	266
1283	343
1284	75
1285	550
1286	573
1287	520
1288	28
1289	900
1290	954
1291	379
1292	30
1293	38
1294	469
1295	863
1296	494
1297	285
1298	179
1299	367
1300	488
1301	992
1302	474
1303	663
1304	860
1305	515
1306	854
1307	461
1308	297
1309	422
1310	429
1311	789
1312	138
1313	875
1314	662
1315	568
1316	621
1317	449
1318	552
1319	396
1320	267
1321	264
1322	735
1323	715
1324	988
1325	624
1326	386
1327	991
1328	722
1329	269
1330	138
1331	322
1332	362
1333	421
1334	36
1335	804
1336	749
1337	127
1338	82
1339	173
1340	597
1341	521
1342	138
1343	239
1344	270
1345	307
1346	854
1347	608
1348	461
1349	526
1350	183
1351	434
1352	268
1353	169
1354	280
1355	647
1356	343
1357	659
1358	846
1359	742
1360	339
1361	733
1362	809
1363	788
1364	871
1365	34
1366	884
1367	105
1368	959
1369	70
1370	224
1371	899
1372	795
1373	755
1374	564
1375	696
1376	120
1377	161
1378	242
1379	780
1380	278
1381	106
1382	221
1383	803
1384	683
1385	561
1386	106
1387	995
1388	295
1389	207
1390	462
1391	186
1392	288
1393	181
1394	62
1395	172
1396	589
1397	753
1398	644
1399	365
1400	12
1401	671
1402	784
1403	71
1404	82
1405	229
1406	810
1407	45
1408	760
1409	192
1410	553
1411	918
1412	607
1413	692
1414	961
1415	861
1416	977
1417	696
1418	255
1419	729
1420	465
1421	557
1422	661
1423	255
1424	539
1425	434
1426	18
1427	709
1428	993
1429	574
1430	101
1431	210
1432	952
1433	333
1434	878
1435	835
1436	347
1437	724
1438	609
1439	740
1440	142
1441	298
1442	196
1443	970
1444	274
1445	414
1446	239
1447	215
1448	102
1449	419
1450	649
1451	259
1452	812
1453	322
1454	283
1455	754
1456	426
1457	973
1458	795
1459	249
1460	530
1461	127
1462	115
1463	112
1464	497
1465	169
1466	506
1467	885
1468	814
1469	859
1470	341
1471	204
1472	788
1473	10
1474	383
1475	419
1476	65
1477	435
1478	282
1479	392
1480	983
1481	852
1482	447
1483	194
1484	999
1485	142
1486	147
1487	592
1488	946
1489	228
1490	316
1491	909
1492	90
1493	653
1494	714
1495	336
1496	65
1497	363
1498	111
1499	786
1500	276
1501	98
1502	374
1503	515
1504	870
1505	228
1506	741
1507	962
1508	247
1509	57
1510	152
1511	676
1512	491
1513	21
1514	878
1515	41
1516	651
1517	677
1518	258
1519	714
1520	588
1521	357
1522	692
1523	468
1524	614
1525	811
1526	865
1527	241
1528	568
1529	635
1530	865
1531	579
1532	471
1533	237
1534	215
1535	262
1536	864
1537	764
1538	734
1539	92
1540	348
1541	820
1542	993
1543	501
1544	64
1545	753
1546	161
1547	279
1548	37
1549	300
1550	43
1551	352
1552	55
1553	158
1554	856
1555	626
1556	224
1557	762
1558	417
1559	419
1560	269
1561	355
1562	277
1563	37
1564	208
1565	923
1566	952
1567	751
1568	512
1569	134
1570	479
1571	809
1572	702
1573	276
1574	835
1575	964
1576	828
1577	656
1578	790
1579	410
1580	639
1581	920
1582	147
1583	927
1584	516
1585	382
1586	723
1587	970
1588	308
1589	130
1590	754
1591	234
1592	157
1593	779
1594	410
1595	74
1596	545
1597	556
1598	581
1599	309
1600	472
1601	78
1602	441
1603	349
1604	322
1605	709
1606	223
1607	993
1608	545
1609	301
1610	13
1611	400
1612	213
1613	644
1614	329
1615	292
1616	842
1617	149
1618	520
1619	904
1620	252
1621	264
1622	677
1623	188
1624	517
1625	992
1626	521
1627	876
1628	727
1629	138
1630	541
1631	959
1632	220
1633	437
1634	530
1635	989
1636	497
1637	602
1638	362
1639	579
1640	807
1641	416
1642	590
1643	64
1644	609
1645	501
1646	891
1647	574
1648	263
1649	811
1650	745
1651	146
1652	127
1653	386
1654	899
1655	676
1656	64
1657	926
1658	343
1659	191
1660	209
1661	626
1662	177
1663	229
1664	627
1665	739
1666	49
1667	853
1668	752
1669	49
1670	221
1671	635
1672	223
1673	456
1674	780
1675	852
1676	170
1677	981
1678	209
1679	411
1680	998
1681	929
1682	266
1683	266
1684	935
1685	998
1686	805
1687	611
1688	130
1689	64
1690	643
1691	221
1692	353
1693	261
1694	436
1695	280
1696	825
1697	68
1698	12
1699	860
1700	534
1701	799
1702	998
1703	998
1704	815
1705	42
1706	656
1707	637
1708	886
1709	755
1710	752
1711	794
1712	456
1713	663
1714	987
1715	829
1716	928
1717	203
1718	850
1719	368
1720	524
1721	254
1722	580
1723	821
1724	341
1725	250
1726	446
1727	184
1728	728
1729	668
1730	385
1731	581
1732	193
1733	446
1734	630
1735	28
1736	404
1737	786
1738	512
1739	798
1740	121
1741	55
1742	311
1743	248
1744	252
1745	256
1746	765
1747	536
1748	385
1749	236
1750	192
1751	631
1752	452
1753	236
1754	250
1755	297
1756	670
1757	524
1758	354
1759	573
1760	813
1761	919
1762	672
1763	335
1764	755
1765	63
1766	617
1767	250
1768	193
1769	101
1770	754
1771	363
1772	61
1773	304
1774	617
1775	651
1776	828
1777	997
1778	802
1779	895
1780	472
1781	978
1782	954
1783	615
1784	14
1785	231
1786	26
1787	342
1788	868
1789	884
1790	12
1791	353
1792	627
1793	960
1794	387
1795	120
1796	28
1797	37
1798	909
1799	758
1800	315
1801	237
1802	808
1803	472
1804	747
1805	479
1806	194
1807	416
1808	15
1809	276
1810	298
1811	37
1812	661
1813	718
1814	793
1815	101
1816	818
1817	223
1818	147
1819	748
1820	829
1821	132
1822	958
1823	832
1824	489
1825	659
1826	881
1827	817
1828	360
1829	441
1830	187
1831	608
1832	680
1833	400
1834	501
1835	851
1836	932
1837	612
1838	629
1839	280
1840	973
1841	18
1842	641
1843	941
1844	141
1845	706
1846	12
1847	855
1848	252
1849	372
1850	61
1851	233
1852	332
1853	606
1854	286
1855	925
1856	944
1857	315
1858	130
1859	251
1860	854
1861	496
1862	32
1863	842
1864	678
1865	133
1866	466
1867	660
1868	341
1869	53
1870	55
1871	429
1872	300
1873	282
1874	807
1875	897
1876	745
1877	148
1878	947
1879	973
1880	700
1881	82
1882	996
1883	906
1884	201
1885	784
1886	675
1887	766
1888	442
1889	655
1890	759
1891	437
1892	252
1893	594
1894	634
1895	690
1896	215
1897	630
1898	66
1899	261
1900	849
1901	887
1902	45
1903	321
1904	369
1905	316
1906	316
1907	326
1908	20
1909	920
1910	112
1911	474
1912	549
1913	184
1914	357
1915	37
1916	653
1917	229
1918	433
1919	354
1920	678
1921	601
1922	134
1923	773
1924	100
1925	431
1926	394
1927	311
1928	605
1929	489
1930	275
1931	442
1932	140
1933	165
1934	710
1935	733
1936	854
1937	608
1938	339
1939	761
1940	657
1941	738
1942	338
1943	827
1944	130
1945	804
1946	248
1947	317
1948	302
1949	526
1950	685
1951	664
1952	264
1953	275
1954	623
1955	435
1956	779
1957	699
1958	922
1959	680
1960	843
1961	273
1962	132
1963	570
1964	136
1965	171
1966	305
1967	603
1968	616
1969	510
1970	473
1971	398
1972	166
1973	23
1974	823
1975	866
1976	337
1977	369
1978	884
1979	490
1980	266
1981	737
1982	503
1983	792
1984	996
1985	788
1986	929
1987	576
1988	780
1989	894
1990	87
1991	121
1992	674
1993	537
1994	125
1995	141
1996	977
1997	568
1998	846
1999	33
2000	558
2001	830
2002	594
2003	596
2004	870
2005	179
2006	248
2007	498
2008	360
2009	197
2010	211
2011	513
2012	27
2013	726
2014	260
2015	520
2016	486
2017	349
2018	671
2019	891
2020	718
2021	665
2022	361
2023	857
2024	33
2025	731
2026	130
2027	252
2028	850
2029	659
2030	431
2031	79
2032	12
2033	996
2034	365
2035	42
2036	144
2037	724
2038	566
2039	812
2040	943
2041	319
2042	200
2043	956
2044	368
2045	984
2046	855
2047	905
2048	358
2049	39
2050	880
2051	920
2052	701
2053	266
2054	271
2055	316
2056	319
2057	484
2058	334
2059	551
2060	192
2061	359
2062	468
2063	788
2064	37
2065	202
2066	849
2067	856
2068	978
2069	696
2070	103
2071	79
2072	824
2073	895
2074	528
2075	94
2076	45
2077	427
2078	268
2079	389
2080	800
2081	942
2082	915
2083	674
2084	455
2085	581
2086	154
2087	382
2088	74
2089	776
2090	669
2091	64
2092	843
2093	385
2094	598
2095	957
2096	247
2097	53
2098	808
2099	386
2100	795
2101	896
2102	207
2103	31
2104	688
2105	799
2106	922
2107	86
2108	527
2109	583
2110	835
2111	807
2112	788
2113	61
2114	203
2115	60
2116	720
2117	269
2118	913
2119	417
2120	410
2121	553
2122	251
2123	436
2124	666
2125	181
2126	622
2127	109
2128	567
2129	307
2130	56
2131	871
2132	598
2133	514
2134	204
2135	110
2136	292
2137	799
2138	793
2139	955
2140	509
2141	841
2142	986
2143	11
2144	506
2145	358
2146	365
2147	597
2148	477
2149	414
2150	255
2151	291
2152	881
2153	168
2154	290
2155	175
2156	941
2157	992
2158	992
2159	212
2160	485
2161	80
2162	466
2163	847
2164	301
2165	516
2166	967
2167	993
2168	136
2169	948
2170	591
2171	677
2172	478
2173	70
2174	669
2175	324
2176	523
2177	766
2178	277
2179	982
2180	389
2181	345
2182	734
2183	66
2184	150
2185	263
2186	71
2187	219
2188	306
2189	727
2190	411
2191	698
2192	255
2193	49
2194	178
2195	456
2196	512
2197	435
2198	745
2199	59
2200	264
2201	587
2202	458
2203	894
2204	999
2205	199
2206	156
2207	652
2208	200
2209	333
2210	431
2211	887
2212	101
2213	959
2214	428
2215	783
2216	968
2217	547
2218	369
2219	510
2220	491
2221	914
2222	923
2223	159
2224	594
2225	238
2226	300
2227	375
2228	411
2229	935
2230	593
2231	89
2232	649
2233	471
2234	605
2235	920
2236	184
2237	331
2238	640
2239	459
2240	775
2241	148
2242	235
2243	584
2244	764
2245	211
2246	374
2247	899
2248	148
2249	940
2250	922
2251	961
2252	577
2253	488
2254	187
2255	255
2256	363
2257	778
2258	860
2259	789
2260	101
2261	756
2262	89
2263	998
2264	680
2265	589
2266	958
2267	332
2268	704
2269	724
2270	207
2271	269
2272	742
2273	594
2274	644
2275	882
2276	417
2277	67
2278	568
2279	758
2280	657
2281	639
2282	385
2283	356
2284	80
2285	677
2286	168
2287	456
2288	668
2289	218
2290	339
2291	919
2292	35
2293	437
2294	667
2295	834
2296	233
2297	100
2298	555
2299	751
2300	148
2301	293
2302	506
2303	173
2304	862
2305	344
2306	730
2307	876
2308	544
2309	670
2310	854
2311	749
2312	802
2313	540
2314	250
2315	630
2316	449
2317	688
2318	40
2319	937
2320	998
2321	786
2322	289
2323	572
2324	967
2325	413
2326	224
2327	612
2328	839
2329	880
2330	168
2331	367
2332	837
2333	999
2334	868
2335	801
2336	482
2337	581
2338	566
2339	951
2340	539
2341	28
2342	271
2343	550
2344	572
2345	609
2346	350
2347	187
2348	551
2349	527
2350	552
2351	264
2352	798
2353	300
2354	668
2355	258
2356	970
2357	935
2358	302
2359	582
2360	513
2361	322
2362	720
2363	522
2364	983
2365	807
2366	160
2367	327
2368	510
2369	77
2370	32
2371	635
2372	369
2373	720
2374	302
2375	972
2376	918
2377	611
2378	317
2379	501
2380	473
2381	562
2382	525
2383	250
2384	10
2385	934
2386	260
2387	372
2388	902
2389	335
2390	579
2391	337
2392	559
2393	618
2394	963
2395	89
2396	371
2397	469
2398	938
2399	857
2400	666
2401	438
2402	964
2403	708
2404	59
2405	341
2406	640
2407	960
2408	391
2409	735
2410	531
2411	775
2412	281
2413	293
2414	857
2415	646
2416	96
2417	671
2418	678
2419	914
2420	999
2421	59
2422	981
2423	261
2424	99
2425	357
2426	855
2427	917
2428	251
2429	851
2430	537
2431	955
2432	427
2433	230
2434	271
2435	172
2436	443
2437	844
2438	836
2439	151
2440	547
2441	630
2442	124
2443	930
2444	189
2445	802
2446	655
2447	12
2448	67
2449	625
2450	602
2451	275
2452	968
2453	119
2454	20
2455	862
2456	594
2457	622
2458	232
2459	81
2460	921
2461	225
2462	307
2463	530
2464	186
2465	268
2466	268
2467	436
2468	741
2469	635
2470	399
2471	557
2472	808
2473	316
2474	415
2475	567
2476	624
2477	475
2478	878
2479	288
2480	920
2481	987
2482	540
2483	504
2484	112
2485	331
2486	748
2487	495
2488	75
2489	348
2490	216
2491	136
2492	452
2493	917
2494	802
2495	755
2496	158
2497	745
2498	64
2499	409
2500	374
2501	610
2502	831
2503	928
2504	98
2505	500
2506	442
2507	332
2508	725
2509	325
2510	108
2511	710
2512	128
2513	958
2514	778
2515	752
2516	958
2517	883
2518	70
2519	851
2520	331
2521	231
2522	904
2523	226
2524	998
2525	79
2526	247
2527	521
2528	493
2529	622
2530	204
2531	785
2532	560
2533	868
2534	164
2535	149
2536	803
2537	798
2538	905
2539	232
2540	715
2541	625
2542	789
2543	377
2544	476
2545	184
2546	956
2547	162
2548	45
2549	760
2550	523
2551	945
2552	834
2553	839
2554	801
2555	248
2556	420
2557	704
2558	750
2559	789
2560	136
2561	741
2562	264
2563	225
2564	264
2565	477
2566	319
2567	242
2568	702
2569	337
2570	192
2571	357
2572	711
2573	208
2574	688
2575	66
2576	42
2577	209
2578	747
2579	815
2580	41
2581	458
2582	464
2583	858
2584	683
2585	376
2586	462
2587	731
2588	396
2589	832
2590	968
2591	522
2592	841
2593	273
2594	770
2595	734
2596	839
2597	781
2598	45
2599	579
2600	93
2601	230
2602	813
2603	537
2604	444
2605	930
2606	743
2607	814
2608	485
2609	502
2610	181
2611	333
2612	102
2613	569
2614	779
2615	887
2616	142
2617	505
2618	939
2619	910
2620	834
2621	24
2622	465
2623	518
2624	34
2625	868
2626	58
2627	975
2628	58
2629	879
2630	679
2631	616
2632	848
2633	495
2634	978
2635	417
2636	367
2637	951
2638	119
2639	762
2640	439
2641	447
2642	88
2643	366
2644	633
2645	698
2646	895
2647	567
2648	302
2649	937
2650	500
2651	435
2652	879
2653	857
2654	429
2655	809
2656	721
2657	169
2658	414
2659	754
2660	784
2661	595
2662	455
2663	763
2664	858
2665	843
2666	538
2667	459
2668	701
2669	97
2670	728
2671	641
2672	273
2673	855
2674	200
2675	780
2676	155
2677	193
2678	428
2679	31
2680	362
2681	86
2682	17
2683	273
2684	73
2685	956
2686	243
2687	14
2688	327
2689	950
2690	235
2691	372
2692	129
2693	571
2694	634
2695	892
2696	213
2697	852
2698	991
2699	381
2700	883
2701	977
2702	929
2703	592
2704	888
2705	542
2706	346
2707	824
2708	630
2709	193
2710	25
2711	235
2712	945
2713	345
2714	680
2715	307
2716	178
2717	841
2718	312
2719	135
2720	557
2721	710
2722	425
2723	270
2724	169
2725	955
2726	202
2727	930
2728	792
2729	45
2730	45
2731	506
2732	905
2733	402
2734	672
2735	685
2736	991
2737	358
2738	292
2739	838
2740	930
2741	558
2742	917
2743	590
2744	90
2745	615
2746	483
2747	90
2748	217
2749	333
2750	749
2751	446
2752	141
2753	848
2754	771
2755	472
2756	142
2757	164
2758	396
2759	89
2760	755
2761	341
2762	45
2763	552
2764	91
2765	318
2766	777
2767	679
2768	290
2769	302
2770	697
2771	58
2772	745
2773	99
2774	697
2775	401
2776	223
2777	373
2778	860
2779	262
2780	97
2781	861
2782	372
2783	783
2784	673
2785	259
2786	654
2787	333
2788	302
2789	166
2790	768
2791	163
2792	267
2793	471
2794	69
2795	336
2796	734
2797	127
2798	786
2799	520
2800	187
2801	119
2802	732
2803	900
2804	565
2805	606
2806	671
2807	677
2808	881
2809	912
2810	201
2811	183
2812	427
2813	309
2814	466
2815	852
2816	300
2817	582
2818	631
2819	67
2820	130
2821	961
2822	134
2823	520
2824	143
2825	696
2826	899
2827	895
2828	259
2829	604
2830	846
2831	80
2832	478
2833	911
2834	780
2835	430
2836	204
2837	309
2838	537
2839	853
2840	431
2841	283
2842	502
2843	193
2844	19
2845	675
2846	949
2847	27
2848	498
2849	832
2850	432
2851	590
2852	277
2853	574
2854	933
2855	139
2856	834
2857	482
2858	588
2859	586
2860	129
2861	98
2862	187
2863	620
2864	489
2865	327
2866	803
2867	196
2868	342
2869	43
2870	665
2871	821
2872	370
2873	271
2874	886
2875	89
2876	477
2877	359
2878	304
2879	108
2880	689
2881	700
2882	798
2883	200
2884	840
2885	89
2886	659
2887	258
2888	280
2889	533
2890	926
2891	517
2892	300
2893	338
2894	622
2895	545
2896	174
2897	651
2898	822
2899	267
2900	620
2901	834
2902	624
2903	841
2904	804
2905	137
2906	301
2907	248
2908	554
2909	257
2910	783
2911	634
2912	15
2913	175
2914	737
2915	464
2916	412
2917	348
2918	559
2919	193
2920	13
2921	753
2922	540
2923	994
2924	531
2925	574
2926	705
2927	803
2928	706
2929	560
2930	32
2931	758
2932	756
2933	331
2934	352
2935	832
2936	485
2937	410
2938	953
2939	948
2940	563
2941	413
2942	554
2943	135
2944	817
2945	909
2946	615
2947	22
2948	362
2949	711
2950	407
2951	708
2952	235
2953	582
2954	867
2955	368
2956	101
2957	325
2958	843
2959	622
2960	75
2961	779
2962	17
2963	422
2964	201
2965	450
2966	550
2967	510
2968	901
2969	389
2970	111
2971	374
2972	513
2973	587
2974	23
2975	831
2976	450
2977	920
2978	654
2979	582
2980	984
2981	366
2982	659
2983	556
2984	182
2985	218
2986	754
2987	741
2988	427
2989	363
2990	61
2991	900
2992	56
2993	335
2994	653
2995	745
2996	803
2997	997
2998	765
2999	876
3000	68
3001	729
3002	490
3003	718
3004	383
3005	285
3006	56
3007	446
3008	647
3009	947
3010	316
3011	820
3012	902
3013	722
3014	576
3015	565
3016	313
3017	246
3018	952
3019	236
3020	152
3021	432
3022	754
3023	909
3024	273
3025	760
3026	112
3027	192
3028	101
3029	547
3030	656
3031	622
3032	282
3033	739
3034	77
3035	104
3036	61
3037	725
3038	512
3039	357
3040	273
3041	184
3042	30
3043	493
3044	214
3045	448
3046	750
3047	897
3048	897
3049	179
3050	204
3051	34
3052	55
3053	143
3054	133
3055	679
3056	654
3057	904
3058	426
3059	876
3060	490
3061	132
3062	936
3063	812
3064	618
3065	756
3066	541
3067	517
3068	430
3069	330
3070	574
3071	851
3072	670
3073	695
3074	829
3075	387
3076	957
3077	496
3078	622
3079	906
3080	432
3081	352
3082	247
3083	955
3084	438
3085	567
3086	559
3087	642
3088	890
3089	678
3090	322
3091	424
3092	115
3093	317
3094	556
3095	524
3096	416
3097	224
3098	44
3099	573
3100	161
3101	77
3102	385
3103	827
3104	343
3105	212
3106	396
3107	587
3108	425
3109	794
3110	400
3111	87
3112	361
3113	747
3114	420
3115	947
3116	412
3117	96
3118	622
3119	29
3120	356
3121	362
3122	547
3123	235
3124	617
3125	103
3126	506
3127	768
3128	394
3129	852
3130	657
3131	332
3132	577
3133	380
3134	520
3135	463
3136	249
3137	551
3138	868
3139	522
3140	609
3141	976
3142	929
3143	631
3144	723
3145	209
3146	201
3147	915
3148	557
3149	901
3150	162
3151	462
3152	982
3153	922
3154	420
3155	913
3156	570
3157	106
3158	878
3159	343
3160	884
3161	522
3162	197
3163	844
3164	290
3165	918
3166	786
3167	397
3168	406
3169	451
3170	196
3171	308
3172	594
3173	698
3174	50
3175	185
3176	108
3177	502
3178	256
3179	587
3180	536
3181	750
3182	886
3183	363
3184	688
3185	880
3186	942
3187	230
3188	828
3189	631
3190	596
3191	979
3192	657
3193	199
3194	645
3195	906
3196	877
3197	896
3198	813
3199	904
3200	178
3201	64
3202	201
3203	900
3204	130
3205	39
3206	773
3207	74
3208	409
3209	858
3210	529
3211	730
3212	97
3213	368
3214	134
3215	496
3216	655
3217	140
3218	114
3219	42
3220	500
3221	67
3222	302
3223	444
3224	797
3225	600
3226	968
3227	415
3228	351
3229	268
3230	965
3231	561
3232	774
3233	766
3234	165
3235	573
3236	24
3237	476
3238	89
3239	763
3240	43
3241	349
3242	804
3243	351
3244	968
3245	120
3246	44
3247	343
3248	189
3249	355
3250	756
3251	889
3252	884
3253	45
3254	975
3255	877
3256	263
3257	976
3258	602
3259	934
3260	638
3261	415
3262	93
3263	845
3264	526
3265	777
3266	199
3267	135
3268	821
3269	987
3270	497
3271	898
3272	877
3273	637
3274	287
3275	253
3276	247
3277	358
3278	951
3279	647
3280	469
3281	376
3282	640
3283	599
3284	29
3285	46
3286	766
3287	150
3288	445
3289	517
3290	204
3291	986
3292	866
3293	822
3294	539
3295	322
3296	305
3297	945
3298	38
3299	495
3300	302
3301	677
3302	184
3303	415
3304	652
3305	709
3306	651
3307	580
3308	540
3309	987
3310	293
3311	756
3312	852
3313	134
3314	72
3315	368
3316	199
3317	736
3318	432
3319	412
3320	423
3321	893
3322	189
3323	432
3324	712
3325	171
3326	78
3327	703
3328	722
3329	409
3330	679
3331	53
3332	154
3333	489
3334	966
3335	302
3336	101
3337	908
3338	182
3339	767
3340	698
3341	740
3342	492
3343	155
3344	86
3345	569
3346	684
3347	996
3348	31
3349	714
3350	51
3351	675
3352	234
3353	519
3354	501
3355	563
3356	437
3357	354
3358	28
3359	516
3360	562
3361	442
3362	467
3363	295
3364	564
3365	547
3366	834
3367	486
3368	516
3369	922
3370	296
3371	403
3372	331
3373	613
3374	572
3375	731
3376	973
3377	130
3378	903
3379	650
3380	589
3381	14
3382	382
3383	629
3384	780
3385	839
3386	146
3387	410
3388	96
3389	58
3390	287
3391	646
3392	865
3393	152
3394	945
3395	311
3396	34
3397	542
3398	291
3399	316
3400	172
3401	142
3402	187
3403	513
3404	763
3405	90
3406	703
3407	368
3408	149
3409	195
3410	447
3411	600
3412	60
3413	973
3414	453
3415	378
3416	854
3417	392
3418	933
3419	660
3420	387
3421	176
3422	649
3423	458
3424	326
3425	361
3426	225
3427	508
3428	929
3429	703
3430	226
3431	142
3432	994
3433	886
3434	878
3435	812
3436	951
3437	493
3438	383
3439	138
3440	112
3441	116
3442	497
3443	616
3444	373
3445	19
3446	786
3447	529
3448	702
3449	881
3450	84
3451	798
3452	693
3453	773
3454	923
3455	835
3456	321
3457	337
3458	89
3459	199
3460	457
3461	865
3462	711
3463	528
3464	230
3465	135
3466	370
3467	349
3468	739
3469	129
3470	644
3471	838
3472	438
3473	202
3474	37
3475	347
3476	484
3477	575
3478	868
3479	165
3480	732
3481	43
3482	912
3483	899
3484	742
3485	970
3486	395
3487	777
3488	249
3489	725
3490	597
3491	433
3492	244
3493	113
3494	244
3495	600
3496	274
3497	963
3498	176
3499	53
3500	62
3501	525
3502	876
3503	261
3504	347
3505	275
3506	737
3507	262
3508	585
3509	64
3510	283
3511	128
3512	812
3513	481
3514	491
3515	607
3516	449
3517	274
3518	66
3519	912
3520	523
3521	310
3522	517
3523	686
3524	350
3525	467
3526	864
3527	946
3528	536
3529	595
3530	974
3531	759
3532	541
3533	503
3534	673
3535	603
3536	259
3537	214
3538	80
3539	654
3540	907
3541	995
3542	22
3543	231
3544	657
3545	337
3546	339
3547	773
3548	414
3549	857
3550	260
3551	562
3552	830
3553	973
3554	110
3555	806
3556	10
3557	255
3558	845
3559	696
3560	531
3561	147
3562	737
3563	160
3564	53
3565	349
3566	251
3567	755
3568	846
3569	30
3570	957
3571	207
3572	554
3573	110
3574	533
3575	781
3576	806
3577	936
3578	35
3579	316
3580	591
3581	381
3582	26
3583	739
3584	98
3585	529
3586	822
3587	775
3588	628
3589	437
3590	190
3591	161
3592	847
3593	893
3594	780
3595	90
3596	579
3597	750
3598	940
3599	718
3600	72
3601	947
3602	596
3603	549
3604	825
3605	621
3606	933
3607	18
3608	729
3609	211
3610	984
3611	676
3612	608
3613	632
3614	817
3615	690
3616	639
3617	694
3618	406
3619	769
3620	644
3621	612
3622	630
3623	609
3624	491
3625	426
3626	438
3627	862
3628	123
3629	942
3630	293
3631	808
3632	608
3633	73
3634	905
3635	460
3636	658
3637	531
3638	902
3639	812
3640	492
3641	145
3642	40
3643	549
3644	243
3645	755
3646	81
3647	379
3648	145
3649	954
3650	790
3651	40
3652	582
3653	62
3654	610
3655	692
3656	29
3657	101
3658	648
3659	967
3660	883
3661	528
3662	128
3663	99
3664	387
3665	923
3666	130
3667	33
3668	516
3669	84
3670	773
3671	403
3672	537
3673	976
3674	207
3675	200
3676	552
3677	350
3678	26
3679	474
3680	724
3681	622
3682	481
3683	41
3684	952
3685	355
3686	619
3687	902
3688	118
3689	498
3690	116
3691	677
3692	488
3693	513
3694	287
3695	558
3696	455
3697	700
3698	982
3699	425
3700	376
3701	148
3702	330
3703	298
3704	84
3705	502
3706	308
3707	994
3708	207
3709	56
3710	352
3711	342
3712	845
3713	673
3714	713
3715	434
3716	443
3717	118
3718	533
3719	715
3720	872
3721	234
3722	394
3723	112
3724	491
3725	87
3726	378
3727	519
3728	921
3729	366
3730	73
3731	697
3732	215
3733	916
3734	773
3735	189
3736	563
3737	958
3738	749
3739	652
3740	407
3741	104
3742	210
3743	499
3744	360
3745	891
3746	81
3747	346
3748	820
3749	276
3750	371
3751	801
3752	597
3753	625
3754	566
3755	221
3756	896
3757	547
3758	91
3759	770
3760	333
3761	379
3762	753
3763	141
3764	547
3765	449
3766	427
3767	159
3768	746
3769	189
3770	125
3771	562
3772	49
3773	318
3774	975
3775	83
3776	308
3777	746
3778	949
3779	408
3780	240
3781	471
3782	991
3783	885
3784	296
3785	829
3786	851
3787	205
3788	49
3789	10
3790	586
3791	975
3792	982
3793	399
3794	328
3795	661
3796	508
3797	479
3798	547
3799	764
3800	870
3801	295
3802	987
3803	881
3804	463
3805	74
3806	414
3807	759
3808	961
3809	544
3810	376
3811	157
3812	198
3813	12
3814	274
3815	695
3816	613
3817	807
3818	763
3819	824
3820	380
3821	222
3822	482
3823	786
3824	804
3825	515
3826	673
3827	789
3828	928
3829	156
3830	912
3831	512
3832	431
3833	578
3834	521
3835	768
3836	397
3837	682
3838	536
3839	714
3840	582
3841	365
3842	739
3843	177
3844	887
3845	890
3846	139
3847	524
3848	600
3849	713
3850	244
3851	198
3852	692
3853	199
3854	837
3855	206
3856	106
3857	497
3858	166
3859	638
3860	18
3861	32
3862	567
3863	127
3864	33
3865	35
3866	279
3867	279
3868	583
3869	815
3870	906
3871	20
3872	345
3873	253
3874	920
3875	584
3876	303
3877	474
3878	135
3879	918
3880	786
3881	186
3882	307
3883	421
3884	234
3885	966
3886	783
3887	675
3888	843
3889	559
3890	97
3891	479
3892	967
3893	929
3894	232
3895	255
3896	856
3897	991
3898	825
3899	442
3900	521
3901	284
3902	686
3903	48
3904	68
3905	191
3906	246
3907	304
3908	558
3909	135
3910	876
3911	984
3912	163
3913	994
3914	712
3915	742
3916	219
3917	107
3918	155
3919	461
3920	918
3921	160
3922	323
3923	349
3924	265
3925	157
3926	942
3927	15
3928	265
3929	491
3930	590
3931	60
3932	884
3933	827
3934	988
3935	395
3936	112
3937	329
3938	824
3939	608
3940	126
3941	580
3942	981
3943	780
3944	439
3945	670
3946	122
3947	573
3948	295
3949	376
3950	701
3951	672
3952	822
3953	291
3954	491
3955	206
3956	824
3957	449
3958	403
3959	863
3960	873
3961	652
3962	421
3963	592
3964	133
3965	402
3966	117
3967	751
3968	28
3969	993
3970	850
3971	528
3972	229
3973	240
3974	891
3975	341
3976	241
3977	393
3978	223
3979	936
3980	383
3981	204
3982	435
3983	622
3984	362
3985	827
3986	398
3987	139
3988	864
3989	403
3990	429
3991	422
3992	901
3993	839
3994	462
3995	820
3996	690
3997	313
3998	21
3999	276
4000	402
4001	975
4002	166
4003	494
4004	118
4005	174
4006	183
4007	811
4008	557
4009	891
4010	442
4011	883
4012	432
4013	244
4014	422
4015	853
4016	791
4017	378
4018	976
4019	131
4020	665
4021	602
4022	209
4023	529
4024	962
4025	877
4026	754
4027	602
4028	438
4029	914
4030	668
4031	929
4032	457
4033	550
4034	755
4035	820
4036	557
4037	147
4038	779
4039	225
4040	122
4041	710
4042	586
4043	287
4044	592
4045	721
4046	739
4047	458
4048	982
4049	117
4050	452
4051	859
4052	927
4053	166
4054	656
4055	299
4056	56
4057	939
4058	105
4059	341
4060	693
4061	228
4062	689
4063	388
4064	837
4065	794
4066	671
4067	493
4068	172
4069	226
4070	680
4071	311
4072	59
4073	320
4074	29
4075	569
4076	301
4077	967
4078	965
4079	76
4080	994
4081	203
4082	46
4083	91
4084	192
4085	60
4086	532
4087	436
4088	72
4089	587
4090	652
4091	624
4092	488
4093	955
4094	802
4095	800
4096	162
4097	699
4098	733
4099	707
4100	979
4101	488
4102	520
4103	24
4104	454
4105	670
4106	850
4107	907
4108	749
4109	642
4110	728
4111	184
4112	664
4113	182
4114	877
4115	30
4116	698
4117	802
4118	681
4119	481
4120	491
4121	435
4122	805
4123	561
4124	419
4125	592
4126	619
4127	190
4128	727
4129	496
4130	689
4131	786
4132	839
4133	305
4134	655
4135	92
4136	237
4137	655
4138	591
4139	299
4140	331
4141	173
4142	817
4143	112
4144	644
4145	895
4146	515
4147	340
4148	416
4149	982
4150	34
4151	380
4152	609
4153	978
4154	804
4155	246
4156	704
4157	824
4158	227
4159	700
4160	56
4161	779
4162	222
4163	826
4164	55
4165	687
4166	170
4167	244
4168	880
4169	901
4170	854
4171	63
4172	390
4173	902
4174	400
4175	265
4176	448
4177	463
4178	536
4179	146
4180	471
4181	77
4182	717
4183	923
4184	868
4185	84
4186	618
4187	927
4188	892
4189	40
4190	96
4191	463
4192	506
4193	921
4194	324
4195	687
4196	818
4197	266
4198	291
4199	514
4200	534
4201	530
4202	556
4203	307
4204	988
4205	493
4206	738
4207	131
4208	913
4209	685
4210	850
4211	566
4212	709
4213	111
4214	974
4215	589
4216	816
4217	532
4218	566
4219	389
4220	715
4221	163
4222	804
4223	335
4224	765
4225	221
4226	594
4227	761
4228	17
4229	274
4230	798
4231	179
4232	888
4233	245
4234	81
4235	795
4236	44
4237	907
4238	63
4239	477
4240	711
4241	593
4242	93
4243	379
4244	749
4245	709
4246	157
4247	167
4248	135
4249	358
4250	207
4251	902
4252	610
4253	565
4254	118
4255	205
4256	452
4257	310
4258	870
4259	67
4260	639
4261	198
4262	849
4263	770
4264	511
4265	366
4266	977
4267	738
4268	300
4269	759
4270	889
4271	341
4272	243
4273	411
4274	603
4275	142
4276	81
4277	918
4278	439
4279	814
4280	263
4281	187
4282	956
4283	495
4284	412
4285	358
4286	765
4287	252
4288	474
4289	405
4290	761
4291	98
4292	679
4293	442
4294	720
4295	779
4296	913
4297	245
4298	710
4299	998
4300	864
4301	241
4302	563
4303	203
4304	564
4305	587
4306	650
4307	429
4308	667
4309	366
4310	802
4311	986
4312	168
4313	299
4314	24
4315	750
4316	685
4317	637
4318	710
4319	703
4320	638
4321	739
4322	540
4323	42
4324	655
4325	622
4326	37
4327	383
4328	79
4329	545
4330	786
4331	264
4332	535
4333	318
4334	195
4335	926
4336	797
4337	357
4338	164
4339	609
4340	676
4341	251
4342	616
4343	656
4344	638
4345	823
4346	967
4347	911
4348	253
4349	249
4350	77
4351	590
4352	949
4353	821
4354	936
4355	727
4356	511
4357	906
4358	890
4359	830
4360	709
4361	964
4362	28
4363	575
4364	545
4365	638
4366	785
4367	965
4368	466
4369	274
4370	644
4371	646
4372	619
4373	707
4374	436
4375	450
4376	746
4377	577
4378	702
4379	574
4380	322
4381	435
4382	463
4383	948
4384	150
4385	934
4386	327
4387	935
4388	268
4389	960
4390	497
4391	967
4392	971
4393	819
4394	229
4395	879
4396	289
4397	621
4398	900
4399	239
4400	314
4401	315
4402	747
4403	479
4404	621
4405	965
4406	516
4407	148
4408	846
4409	16
4410	64
4411	578
4412	838
4413	10
4414	111
4415	85
4416	931
4417	425
4418	716
4419	462
4420	952
4421	964
4422	641
4423	320
4424	951
4425	25
4426	918
4427	916
4428	379
4429	260
4430	356
4431	281
4432	136
4433	968
4434	912
4435	430
4436	188
4437	838
4438	504
4439	27
4440	714
4441	859
4442	730
4443	604
4444	476
4445	415
4446	287
4447	220
4448	498
4449	234
4450	234
4451	487
4452	373
4453	223
4454	713
4455	301
4456	536
4457	957
4458	572
4459	79
4460	671
4461	130
4462	502
4463	175
4464	36
4465	880
4466	679
4467	192
4468	994
4469	57
4470	806
4471	575
4472	269
4473	908
4474	932
4475	903
4476	739
4477	324
4478	586
4479	258
4480	670
4481	236
4482	366
4483	790
4484	61
4485	816
4486	600
4487	86
4488	117
4489	803
4490	797
4491	660
4492	673
4493	123
4494	609
4495	633
4496	677
4497	457
4498	109
4499	830
4500	284
4501	911
4502	185
4503	98
4504	378
4505	393
4506	313
4507	739
4508	817
4509	110
4510	485
4511	920
4512	380
4513	814
4514	683
4515	233
4516	116
4517	927
4518	40
4519	521
4520	640
4521	646
4522	114
4523	119
4524	849
4525	365
4526	761
4527	903
4528	30
4529	44
4530	829
4531	392
4532	162
4533	809
4534	971
4535	599
4536	304
4537	545
4538	590
4539	964
4540	523
4541	823
4542	724
4543	957
4544	766
4545	241
4546	385
4547	995
4548	284
4549	143
4550	903
4551	720
4552	546
4553	81
4554	624
4555	625
4556	383
4557	855
4558	850
4559	849
4560	998
4561	107
4562	270
4563	471
4564	573
4565	35
4566	603
4567	658
4568	193
4569	821
4570	528
4571	330
4572	910
4573	156
4574	44
4575	772
4576	586
4577	254
4578	221
4579	251
4580	815
4581	375
4582	992
4583	711
4584	965
4585	640
4586	325
4587	683
4588	776
4589	316
4590	133
4591	794
4592	686
4593	928
4594	400
4595	438
4596	245
4597	419
4598	684
4599	547
4600	199
4601	237
4602	563
4603	890
4604	97
4605	744
4606	651
4607	96
4608	267
4609	502
4610	324
4611	449
4612	632
4613	916
4614	650
4615	733
4616	869
4617	699
4618	273
4619	67
4620	952
4621	700
4622	813
4623	614
4624	437
4625	352
4626	735
4627	630
4628	132
4629	373
4630	385
4631	283
4632	687
4633	327
4634	754
4635	201
4636	645
4637	601
4638	142
4639	105
4640	236
4641	201
4642	404
4643	93
4644	245
4645	22
4646	907
4647	640
4648	481
4649	181
4650	373
4651	714
4652	194
4653	14
4654	303
4655	550
4656	504
4657	949
4658	883
4659	150
4660	963
4661	662
4662	436
4663	20
4664	71
4665	326
4666	468
4667	537
4668	251
4669	835
4670	72
4671	574
4672	954
4673	539
4674	815
4675	167
4676	978
4677	530
4678	568
4679	909
4680	577
4681	694
4682	112
4683	117
4684	490
4685	698
4686	385
4687	273
4688	623
4689	374
4690	251
4691	658
4692	322
4693	593
4694	371
4695	300
4696	653
4697	909
4698	299
4699	949
4700	924
4701	457
4702	974
4703	487
4704	203
4705	428
4706	30
4707	955
4708	31
4709	216
4710	673
4711	782
4712	153
4713	622
4714	793
4715	493
4716	874
4717	388
4718	99
4719	664
4720	75
4721	50
4722	351
4723	800
4724	658
4725	972
4726	427
4727	696
4728	214
4729	154
4730	767
4731	387
4732	495
4733	547
4734	173
4735	613
4736	986
4737	931
4738	911
4739	645
4740	669
4741	51
4742	981
4743	982
4744	869
4745	502
4746	834
4747	541
4748	91
4749	209
4750	579
4751	880
4752	678
4753	23
4754	303
4755	592
4756	990
4757	462
4758	651
4759	285
4760	533
4761	47
4762	286
4763	506
4764	624
4765	461
4766	796
4767	627
4768	839
4769	63
4770	521
4771	174
4772	419
4773	161
4774	844
4775	600
4776	949
4777	378
4778	482
4779	996
4780	169
4781	401
4782	548
4783	106
4784	362
4785	261
4786	884
4787	413
4788	532
4789	678
4790	702
4791	473
4792	647
4793	254
4794	805
4795	719
4796	112
4797	430
4798	808
4799	180
4800	669
4801	225
4802	610
4803	938
4804	347
4805	826
4806	28
4807	523
4808	806
4809	515
4810	583
4811	701
4812	489
4813	610
4814	788
4815	539
4816	565
4817	988
4818	780
4819	39
4820	866
4821	732
4822	823
4823	747
4824	121
4825	453
4826	827
4827	858
4828	748
4829	154
4830	174
4831	450
4832	939
4833	69
4834	654
4835	828
4836	247
4837	87
4838	963
4839	54
4840	109
4841	29
4842	868
4843	523
4844	679
4845	375
4846	267
4847	210
4848	242
4849	561
4850	393
4851	210
4852	225
4853	505
4854	538
4855	730
4856	916
4857	832
4858	74
4859	37
4860	448
4861	819
4862	914
4863	732
4864	555
4865	990
4866	670
4867	952
4868	70
4869	348
4870	39
4871	72
4872	632
4873	858
4874	225
4875	766
4876	947
4877	325
4878	244
4879	890
4880	738
4881	295
4882	829
4883	286
4884	197
4885	308
4886	498
4887	118
4888	460
4889	254
4890	430
4891	159
4892	899
4893	147
4894	539
4895	466
4896	915
4897	15
4898	453
4899	783
4900	134
4901	706
4902	132
4903	365
4904	539
4905	739
4906	428
4907	488
4908	343
4909	605
4910	28
4911	892
4912	235
4913	898
4914	531
4915	404
4916	569
4917	359
4918	66
4919	960
4920	142
4921	499
4922	713
4923	672
4924	522
4925	759
4926	158
4927	254
4928	780
4929	292
4930	673
4931	28
4932	639
4933	250
4934	305
4935	544
4936	403
4937	431
4938	972
4939	205
4940	374
4941	994
4942	724
4943	973
4944	55
4945	891
4946	957
4947	719
4948	656
4949	595
4950	45
4951	893
4952	58
4953	264
4954	601
4955	935
4956	948
4957	684
4958	22
4959	400
4960	273
4961	60
4962	379
4963	808
4964	961
4965	942
4966	792
4967	73
4968	648
4969	942
4970	341
4971	570
4972	614
4973	234
4974	626
4975	80
4976	540
4977	515
4978	995
4979	203
4980	651
4981	326
4982	148
4983	590
4984	283
4985	191
4986	355
4987	775
4988	796
4989	155
4990	834
4991	424
4992	643
4993	206
4994	330
4995	720
4996	225
4997	689
4998	991
4999	894
5000	837
5001	149
5002	250
5003	478
5004	661
5005	29
5006	583
5007	245
5008	865
5009	682
5010	422
5011	435
5012	545
5013	182
5014	610
5015	191
5016	255
5017	609
5018	797
5019	717
5020	977
5021	445
5022	417
5023	48
5024	292
5025	204
5026	762
5027	62
5028	629
5029	843
5030	875
5031	255
5032	273
5033	208
5034	490
5035	47
5036	20
5037	326
5038	14
5039	323
5040	310
5041	484
5042	16
5043	46
5044	68
5045	938
5046	538
5047	48
5048	740
5049	418
5050	69
5051	418
5052	274
5053	184
5054	103
5055	172
5056	421
5057	759
5058	21
5059	940
5060	162
5061	915
5062	352
5063	986
5064	453
5065	502
5066	701
5067	65
5068	378
5069	253
5070	922
5071	865
5072	490
5073	640
5074	818
5075	100
5076	149
5077	678
5078	402
5079	350
5080	937
5081	566
5082	550
5083	734
5084	473
5085	549
5086	544
5087	376
5088	17
5089	780
5090	502
5091	736
5092	954
5093	795
5094	62
5095	93
5096	912
5097	385
5098	667
5099	367
5100	852
5101	255
5102	580
5103	803
5104	142
5105	547
5106	43
5107	120
5108	451
5109	706
5110	259
5111	109
5112	136
5113	734
5114	673
5115	21
5116	769
5117	992
5118	310
5119	367
5120	454
5121	55
5122	610
5123	217
5124	83
5125	86
5126	130
5127	746
5128	878
5129	339
5130	616
5131	622
5132	585
5133	964
5134	122
5135	319
5136	766
5137	282
5138	991
5139	104
5140	408
5141	902
5142	152
5143	969
5144	464
5145	634
5146	857
5147	16
5148	744
5149	888
5150	742
5151	917
5152	423
5153	226
5154	954
5155	81
5156	959
5157	977
5158	348
5159	603
5160	265
5161	55
5162	34
5163	49
5164	250
5165	293
5166	833
5167	476
5168	858
5169	166
5170	804
5171	118
5172	293
5173	837
5174	205
5175	484
5176	322
5177	443
5178	283
5179	13
5180	531
5181	619
5182	725
5183	839
5184	483
5185	577
5186	524
5187	254
5188	245
5189	315
5190	302
5191	553
5192	523
5193	861
5194	452
5195	526
5196	11
5197	148
5198	497
5199	127
5200	17
5201	329
5202	130
5203	930
5204	843
5205	243
5206	895
5207	102
5208	787
5209	895
5210	856
5211	619
5212	648
5213	663
5214	679
5215	373
5216	903
5217	31
5218	170
5219	495
5220	304
5221	70
5222	917
5223	696
5224	881
5225	133
5226	800
5227	721
5228	357
5229	469
5230	210
5231	474
5232	548
5233	807
5234	542
5235	235
5236	926
5237	295
5238	66
5239	652
5240	731
5241	547
5242	29
5243	748
5244	993
5245	119
5246	435
5247	614
5248	222
5249	899
5250	21
5251	789
5252	141
5253	60
5254	17
5255	890
5256	379
5257	942
5258	696
5259	536
5260	376
5261	899
5262	363
5263	955
5264	128
5265	658
5266	107
5267	813
5268	704
5269	278
5270	15
5271	652
5272	938
5273	604
5274	706
5275	243
5276	496
5277	161
5278	385
5279	444
5280	955
5281	27
5282	254
5283	64
5284	993
5285	163
5286	189
5287	420
5288	244
5289	804
5290	264
5291	536
5292	890
5293	683
5294	166
5295	819
5296	779
5297	559
5298	460
5299	427
5300	856
5301	23
5302	431
5303	928
5304	904
5305	990
5306	121
5307	683
5308	893
5309	13
5310	484
5311	382
5312	180
5313	505
5314	746
5315	652
5316	318
5317	634
5318	760
5319	258
5320	175
5321	626
5322	957
5323	801
5324	75
5325	256
5326	194
5327	926
5328	988
5329	488
5330	153
5331	570
5332	362
5333	699
5334	414
5335	182
5336	669
5337	15
5338	736
5339	926
5340	255
5341	800
5342	537
5343	989
5344	139
5345	867
5346	117
5347	173
5348	413
5349	20
5350	101
5351	480
5352	909
5353	678
5354	926
5355	702
5356	875
5357	63
5358	560
5359	347
5360	171
5361	870
5362	505
5363	917
5364	253
5365	479
5366	205
5367	816
5368	286
5369	131
5370	118
5371	744
5372	546
5373	952
5374	325
5375	255
5376	749
5377	902
5378	591
5379	58
5380	499
5381	94
5382	854
5383	273
5384	706
5385	907
5386	304
5387	86
5388	995
5389	81
5390	128
5391	126
5392	140
5393	789
5394	685
5395	755
5396	968
5397	443
5398	124
5399	773
5400	368
5401	468
5402	856
5403	173
5404	975
5405	465
5406	25
5407	392
5408	254
5409	797
5410	359
5411	504
5412	459
5413	471
5414	732
5415	34
5416	86
5417	168
5418	51
5419	385
5420	632
5421	537
5422	258
5423	843
5424	111
5425	667
5426	355
5427	955
5428	733
5429	412
5430	201
5431	572
5432	257
5433	398
5434	442
5435	33
5436	421
5437	669
5438	459
5439	748
5440	548
5441	49
5442	679
5443	182
5444	910
5445	240
5446	109
5447	114
5448	485
5449	784
5450	810
5451	209
5452	710
5453	354
5454	688
5455	414
5456	589
5457	11
5458	455
5459	59
5460	405
5461	56
5462	980
5463	321
5464	251
5465	769
5466	208
5467	145
5468	516
5469	983
5470	690
5471	122
5472	843
5473	610
5474	474
5475	212
5476	82
5477	163
5478	126
5479	670
5480	275
5481	147
5482	275
5483	766
5484	36
5485	751
5486	939
5487	538
5488	803
5489	628
5490	650
5491	808
5492	442
5493	835
5494	61
5495	51
5496	464
5497	337
5498	166
5499	688
5500	955
5501	83
5502	370
5503	46
5504	959
5505	890
5506	717
5507	994
5508	889
5509	15
5510	759
5511	136
5512	547
5513	510
5514	467
5515	810
5516	779
5517	640
5518	780
5519	518
5520	56
5521	946
5522	871
5523	883
5524	370
5525	340
5526	708
5527	909
5528	771
5529	744
5530	35
5531	273
5532	423
5533	984
5534	441
5535	644
5536	878
5537	916
5538	272
5539	346
5540	950
5541	454
5542	300
5543	740
5544	335
5545	871
5546	659
5547	433
5548	999
5549	136
5550	275
5551	713
5552	550
5553	757
5554	504
5555	30
5556	275
5557	333
5558	360
5559	770
5560	355
5561	765
5562	19
5563	122
5564	638
5565	743
5566	668
5567	427
5568	17
5569	339
5570	536
5571	337
5572	715
5573	27
5574	728
5575	772
5576	606
5577	132
5578	200
5579	318
5580	436
5581	818
5582	885
5583	294
5584	273
5585	24
5586	674
5587	307
5588	839
5589	264
5590	110
5591	600
5592	319
5593	90
5594	861
5595	15
5596	168
5597	898
5598	466
5599	541
5600	692
5601	658
5602	548
5603	573
5604	489
5605	665
5606	638
5607	818
5608	673
5609	147
5610	857
5611	929
5612	291
5613	248
5614	194
5615	678
5616	219
5617	202
5618	228
5619	934
5620	442
5621	523
5622	26
5623	296
5624	956
5625	284
5626	668
5627	343
5628	281
5629	546
5630	530
5631	86
5632	407
5633	293
5634	890
5635	183
5636	707
5637	399
5638	998
5639	702
5640	396
5641	264
5642	239
5643	133
5644	423
5645	66
5646	566
5647	285
5648	689
5649	611
5650	752
5651	123
5652	717
5653	74
5654	599
5655	322
5656	96
5657	447
5658	908
5659	874
5660	558
5661	272
5662	819
5663	835
5664	207
5665	815
5666	45
5667	112
5668	18
5669	503
5670	431
5671	507
5672	750
5673	661
5674	584
5675	658
5676	432
5677	420
5678	546
5679	921
5680	42
5681	284
5682	330
5683	426
5684	253
5685	867
5686	918
5687	744
5688	963
5689	933
5690	274
5691	685
5692	607
5693	580
5694	339
5695	54
5696	881
5697	75
5698	537
5699	263
5700	580
5701	845
5702	362
5703	211
5704	277
5705	136
5706	703
5707	143
5708	148
5709	62
5710	176
5711	532
5712	345
5713	819
5714	302
5715	274
5716	716
5717	681
5718	990
5719	119
5720	325
5721	784
5722	693
5723	738
5724	451
5725	292
5726	212
5727	644
5728	367
5729	449
5730	586
5731	894
5732	269
5733	758
5734	682
5735	439
5736	801
5737	726
5738	320
5739	924
5740	39
5741	590
5742	943
5743	555
5744	624
5745	839
5746	765
5747	903
5748	129
5749	667
5750	788
5751	692
5752	995
5753	243
5754	205
5755	693
5756	83
5757	345
5758	612
5759	472
5760	791
5761	27
5762	507
5763	856
5764	31
5765	989
5766	319
5767	840
5768	109
5769	834
5770	445
5771	432
5772	37
5773	515
5774	836
5775	627
5776	980
5777	369
5778	161
5779	474
5780	542
5781	336
5782	478
5783	587
5784	671
5785	955
5786	955
5787	352
5788	662
5789	610
5790	14
5791	17
5792	869
5793	900
5794	563
5795	79
5796	115
5797	279
5798	217
5799	563
5800	831
5801	129
5802	285
5803	336
5804	263
5805	416
5806	855
5807	963
5808	236
5809	776
5810	435
5811	604
5812	893
5813	312
5814	340
5815	212
5816	174
5817	353
5818	110
5819	281
5820	925
5821	147
5822	179
5823	90
5824	910
5825	386
5826	687
5827	878
5828	566
5829	936
5830	319
5831	330
5832	348
5833	880
5834	110
5835	263
5836	173
5837	874
5838	699
5839	12
5840	493
5841	775
5842	449
5843	87
5844	288
5845	457
5846	877
5847	614
5848	901
5849	551
5850	820
5851	137
5852	184
5853	373
5854	580
5855	50
5856	117
5857	344
5858	570
5859	643
5860	501
5861	135
5862	952
5863	658
5864	847
5865	278
5866	644
5867	353
5868	584
5869	617
5870	951
5871	771
5872	273
5873	857
5874	895
5875	48
5876	337
5877	800
5878	640
5879	211
5880	878
5881	553
5882	175
5883	137
5884	498
5885	771
5886	555
5887	954
5888	541
5889	420
5890	625
5891	173
5892	645
5893	108
5894	185
5895	690
5896	422
5897	958
5898	491
5899	280
5900	172
5901	310
5902	378
5903	501
5904	503
5905	822
5906	440
5907	235
5908	91
5909	817
5910	187
5911	300
5912	817
5913	970
5914	175
5915	225
5916	585
5917	496
5918	792
5919	275
5920	372
5921	470
5922	356
5923	428
5924	703
5925	102
5926	541
5927	108
5928	348
5929	644
5930	979
5931	178
5932	786
5933	609
5934	725
5935	976
5936	79
5937	785
5938	403
5939	806
5940	923
5941	525
5942	776
5943	37
5944	865
5945	968
5946	645
5947	403
5948	784
5949	429
5950	662
5951	479
5952	810
5953	774
5954	566
5955	76
5956	971
5957	292
5958	800
5959	664
5960	332
5961	973
5962	134
5963	997
5964	300
5965	919
5966	687
5967	152
5968	309
5969	220
5970	656
5971	213
5972	46
5973	915
5974	285
5975	181
5976	418
5977	803
5978	313
5979	743
5980	749
5981	243
5982	826
5983	256
5984	285
5985	538
5986	990
5987	259
5988	771
5989	342
5990	117
5991	892
5992	45
5993	398
5994	991
5995	824
5996	225
5997	335
5998	332
5999	417
6000	919
6001	502
6002	104
6003	552
6004	910
6005	251
6006	708
6007	284
6008	504
6009	536
6010	618
6011	582
6012	274
6013	868
6014	701
6015	595
6016	292
6017	127
6018	775
6019	264
6020	130
6021	16
6022	99
6023	335
6024	505
6025	328
6026	132
6027	542
6028	856
6029	274
6030	649
6031	239
6032	981
6033	521
6034	264
6035	97
6036	357
6037	611
6038	984
6039	683
6040	326
6041	380
6042	863
6043	364
6044	773
6045	979
6046	207
6047	449
6048	543
6049	595
6050	333
6051	414
6052	264
6053	369
6054	400
6055	921
6056	853
6057	294
6058	464
6059	500
6060	295
6061	379
6062	685
6063	406
6064	305
6065	743
6066	558
6067	244
6068	569
6069	392
6070	416
6071	896
6072	339
6073	198
6074	45
6075	690
6076	968
6077	857
6078	337
6079	311
6080	783
6081	16
6082	98
6083	801
6084	378
6085	72
6086	187
6087	28
6088	918
6089	424
6090	250
6091	575
6092	806
6093	74
6094	684
6095	607
6096	807
6097	355
6098	658
6099	619
6100	751
6101	14
6102	296
6103	853
6104	467
6105	625
6106	927
6107	52
6108	177
6109	277
6110	79
6111	331
6112	849
6113	973
6114	646
6115	324
6116	198
6117	231
6118	43
6119	495
6120	168
6121	844
6122	461
6123	163
6124	230
6125	330
6126	840
6127	695
6128	426
6129	867
6130	493
6131	671
6132	733
6133	534
6134	277
6135	504
6136	897
6137	385
6138	991
6139	670
6140	758
6141	804
6142	98
6143	406
6144	445
6145	992
6146	725
6147	471
6148	803
6149	374
6150	854
6151	453
6152	466
6153	484
6154	245
6155	568
6156	639
6157	180
6158	114
6159	216
6160	871
6161	815
6162	375
6163	330
6164	143
6165	604
6166	872
6167	288
6168	987
6169	171
6170	469
6171	134
6172	318
6173	126
6174	770
6175	744
6176	133
6177	63
6178	597
6179	496
6180	294
6181	961
6182	149
6183	92
6184	265
6185	730
6186	819
6187	391
6188	69
6189	380
6190	566
6191	640
6192	988
6193	895
6194	762
6195	220
6196	599
6197	191
6198	702
6199	964
6200	748
6201	740
6202	238
6203	63
6204	919
6205	701
6206	57
6207	449
6208	71
6209	26
6210	324
6211	313
6212	637
6213	30
6214	268
6215	131
6216	531
6217	549
6218	452
6219	250
6220	503
6221	829
6222	855
6223	906
6224	989
6225	187
6226	168
6227	926
6228	497
6229	671
6230	856
6231	340
6232	442
6233	650
6234	951
6235	576
6236	118
6237	542
6238	589
6239	539
6240	951
6241	250
6242	394
6243	721
6244	433
6245	318
6246	139
6247	394
6248	118
6249	430
6250	844
6251	493
6252	907
6253	187
6254	207
6255	617
6256	220
6257	828
6258	622
6259	832
6260	732
6261	794
6262	43
6263	262
6264	767
6265	82
6266	938
6267	881
6268	977
6269	291
6270	735
6271	27
6272	696
6273	29
6274	262
6275	466
6276	837
6277	634
6278	853
6279	980
6280	891
6281	765
6282	629
6283	329
6284	582
6285	138
6286	463
6287	515
6288	840
6289	819
6290	393
6291	938
6292	56
6293	895
6294	821
6295	600
6296	178
6297	349
6298	291
6299	530
6300	955
6301	353
6302	825
6303	406
6304	293
6305	238
6306	227
6307	516
6308	380
6309	659
6310	790
6311	570
6312	332
6313	136
6314	273
6315	836
6316	440
6317	962
6318	774
6319	706
6320	89
6321	212
6322	200
6323	324
6324	372
6325	15
6326	665
6327	517
6328	711
6329	580
6330	758
6331	846
6332	746
6333	467
6334	295
6335	219
6336	446
6337	817
6338	219
6339	239
6340	958
6341	897
6342	581
6343	292
6344	812
6345	913
6346	44
6347	482
6348	727
6349	768
6350	277
6351	113
6352	350
6353	395
6354	640
6355	568
6356	676
6357	274
6358	65
6359	599
6360	47
6361	980
6362	925
6363	98
6364	911
6365	212
6366	84
6367	15
6368	418
6369	490
6370	946
6371	794
6372	742
6373	222
6374	596
6375	772
6376	409
6377	897
6378	465
6379	464
6380	640
6381	873
6382	342
6383	624
6384	869
6385	914
6386	243
6387	816
6388	935
6389	193
6390	412
6391	390
6392	10
6393	295
6394	74
6395	719
6396	642
6397	970
6398	894
6399	365
6400	567
6401	222
6402	960
6403	407
6404	238
6405	435
6406	342
6407	777
6408	399
6409	193
6410	780
6411	570
6412	329
6413	997
6414	948
6415	583
6416	333
6417	281
6418	583
6419	822
6420	555
6421	220
6422	90
6423	746
6424	309
6425	842
6426	307
6427	371
6428	155
6429	908
6430	772
6431	357
6432	151
6433	12
6434	31
6435	841
6436	216
6437	511
6438	291
6439	922
6440	220
6441	70
6442	905
6443	912
6444	825
6445	594
6446	583
6447	889
6448	913
6449	259
6450	128
6451	565
6452	842
6453	176
6454	171
6455	608
6456	788
6457	818
6458	507
6459	10
6460	263
6461	309
6462	430
6463	41
6464	795
6465	403
6466	433
6467	795
6468	909
6469	829
6470	671
6471	66
6472	210
6473	220
6474	395
6475	113
6476	425
6477	890
6478	182
6479	447
6480	396
6481	269
6482	103
6483	921
6484	78
6485	983
6486	395
6487	564
6488	813
6489	107
6490	457
6491	740
6492	634
6493	935
6494	961
6495	391
6496	284
6497	308
6498	678
6499	486
6500	14
6501	51
6502	694
6503	726
6504	727
6505	875
6506	895
6507	360
6508	877
6509	193
6510	680
6511	268
6512	626
6513	239
6514	83
6515	902
6516	505
6517	290
6518	783
6519	836
6520	231
6521	305
6522	742
6523	846
6524	178
6525	874
6526	378
6527	280
6528	922
6529	537
6530	15
6531	105
6532	868
6533	10
6534	706
6535	256
6536	126
6537	351
6538	667
6539	988
6540	115
6541	793
6542	644
6543	870
6544	77
6545	487
6546	642
6547	903
6548	991
6549	304
6550	473
6551	124
6552	429
6553	416
6554	937
6555	417
6556	72
6557	250
6558	372
6559	871
6560	307
6561	671
6562	350
6563	539
6564	617
6565	282
6566	798
6567	937
6568	14
6569	421
6570	508
6571	911
6572	748
6573	228
6574	399
6575	415
6576	753
6577	152
6578	689
6579	542
6580	624
6581	612
6582	206
6583	742
6584	46
6585	624
6586	510
6587	214
6588	15
6589	444
6590	14
6591	98
6592	623
6593	653
6594	106
6595	931
6596	448
6597	751
6598	364
6599	883
6600	451
6601	187
6602	759
6603	475
6604	142
6605	78
6606	280
6607	12
6608	217
6609	591
6610	864
6611	514
6612	855
6613	232
6614	58
6615	754
6616	680
6617	759
6618	975
6619	205
6620	79
6621	311
6622	662
6623	499
6624	349
6625	663
6626	357
6627	503
6628	753
6629	807
6630	67
6631	896
6632	448
6633	746
6634	798
6635	273
6636	215
6637	118
6638	438
6639	839
6640	907
6641	372
6642	639
6643	43
6644	737
6645	495
6646	823
6647	331
6648	318
6649	883
6650	862
6651	266
6652	750
6653	767
6654	786
6655	201
6656	530
6657	769
6658	930
6659	170
6660	540
6661	587
6662	780
6663	49
6664	291
6665	343
6666	512
6667	384
6668	801
6669	95
6670	709
6671	511
6672	628
6673	201
6674	483
6675	324
6676	631
6677	331
6678	630
6679	43
6680	720
6681	538
6682	851
6683	551
6684	642
6685	415
6686	16
6687	244
6688	387
6689	845
6690	842
6691	502
6692	587
6693	827
6694	985
6695	289
6696	251
6697	307
6698	294
6699	518
6700	858
6701	726
6702	53
6703	78
6704	329
6705	428
6706	698
6707	580
6708	980
6709	305
6710	175
6711	518
6712	548
6713	119
6714	727
6715	63
6716	315
6717	552
6718	41
6719	986
6720	571
6721	261
6722	608
6723	475
6724	945
6725	806
6726	50
6727	760
6728	134
6729	496
6730	44
6731	597
6732	72
6733	441
6734	25
6735	373
6736	974
6737	564
6738	382
6739	127
6740	632
6741	43
6742	215
6743	957
6744	470
6745	895
6746	561
6747	841
6748	808
6749	211
6750	864
6751	984
6752	695
6753	804
6754	953
6755	479
6756	202
6757	827
6758	958
6759	156
6760	164
6761	567
6762	660
6763	260
6764	374
6765	256
6766	875
6767	75
6768	874
6769	297
6770	970
6771	970
6772	143
6773	450
6774	740
6775	990
6776	936
6777	236
6778	648
6779	440
6780	342
6781	586
6782	845
6783	804
6784	551
6785	467
6786	416
6787	178
6788	971
6789	827
6790	104
6791	670
6792	725
6793	654
6794	575
6795	776
6796	933
6797	429
6798	696
6799	944
6800	915
6801	529
6802	998
6803	554
6804	668
6805	310
6806	332
6807	414
6808	50
6809	341
6810	707
6811	922
6812	602
6813	488
6814	16
6815	396
6816	563
6817	378
6818	265
6819	633
6820	316
6821	542
6822	302
6823	184
6824	467
6825	950
6826	714
6827	941
6828	985
6829	298
6830	76
6831	912
6832	349
6833	965
6834	396
6835	903
6836	896
6837	647
6838	170
6839	280
6840	945
6841	278
6842	827
6843	202
6844	288
6845	187
6846	258
6847	402
6848	967
6849	597
6850	377
6851	281
6852	262
6853	753
6854	962
6855	891
6856	204
6857	685
6858	552
6859	331
6860	90
6861	796
6862	875
6863	281
6864	487
6865	695
6866	951
6867	972
6868	462
6869	495
6870	304
6871	874
6872	445
6873	546
6874	666
6875	889
6876	227
6877	249
6878	830
6879	994
6880	230
6881	156
6882	443
6883	127
6884	268
6885	149
6886	584
6887	221
6888	221
6889	970
6890	598
6891	493
6892	288
6893	240
6894	621
6895	734
6896	935
6897	274
6898	461
6899	446
6900	420
6901	431
6902	576
6903	60
6904	93
6905	848
6906	407
6907	493
6908	713
6909	837
6910	646
6911	686
6912	117
6913	822
6914	66
6915	815
6916	878
6917	203
6918	186
6919	194
6920	404
6921	98
6922	936
6923	628
6924	732
6925	721
6926	818
6927	622
6928	748
6929	863
6930	877
6931	604
6932	290
6933	493
6934	735
6935	397
6936	456
6937	484
6938	960
6939	127
6940	494
6941	962
6942	878
6943	588
6944	96
6945	234
6946	221
6947	989
6948	220
6949	710
6950	237
6951	43
6952	714
6953	633
6954	256
6955	119
6956	163
6957	840
6958	978
6959	878
6960	59
6961	900
6962	237
6963	794
6964	86
6965	899
6966	251
6967	772
6968	965
6969	861
6970	961
6971	501
6972	869
6973	165
6974	430
6975	727
6976	370
6977	665
6978	640
6979	408
6980	702
6981	371
6982	500
6983	353
6984	522
6985	52
6986	831
6987	504
6988	771
6989	32
6990	630
6991	279
6992	689
6993	721
6994	572
6995	884
6996	896
6997	130
6998	299
6999	771
7000	837
7001	731
7002	939
7003	573
7004	535
7005	166
7006	649
7007	809
7008	184
7009	212
7010	533
7011	383
7012	629
7013	908
7014	321
7015	364
7016	258
7017	94
7018	138
7019	429
7020	94
7021	124
7022	906
7023	352
7024	297
7025	762
7026	585
7027	312
7028	542
7029	762
7030	481
7031	464
7032	603
7033	474
7034	328
7035	336
7036	497
7037	26
7038	936
7039	973
7040	812
7041	606
7042	192
7043	66
7044	962
7045	386
7046	825
7047	844
7048	945
7049	663
7050	292
7051	943
7052	147
7053	670
7054	245
7055	610
7056	354
7057	766
7058	349
7059	142
7060	672
7061	782
7062	700
7063	44
7064	746
7065	92
7066	651
7067	308
7068	714
7069	181
7070	616
7071	52
7072	833
7073	428
7074	978
7075	947
7076	977
7077	956
7078	636
7079	136
7080	104
7081	550
7082	173
7083	797
7084	630
7085	420
7086	568
7087	466
7088	738
7089	505
7090	680
7091	729
7092	10
7093	568
7094	730
7095	822
7096	945
7097	316
7098	557
7099	207
7100	875
7101	986
7102	619
7103	760
7104	55
7105	967
7106	244
7107	270
7108	135
7109	851
7110	434
7111	719
7112	386
7113	535
7114	413
7115	103
7116	455
7117	488
7118	639
7119	384
7120	231
7121	507
7122	659
7123	415
7124	29
7125	313
7126	987
7127	152
7128	396
7129	392
7130	996
7131	280
7132	830
7133	230
7134	534
7135	510
7136	677
7137	472
7138	495
7139	587
7140	739
7141	813
7142	40
7143	35
7144	724
7145	432
7146	970
7147	941
7148	175
7149	791
7150	884
7151	801
7152	461
7153	342
7154	730
7155	710
7156	753
7157	236
7158	997
7159	563
7160	708
7161	956
7162	261
7163	821
7164	186
7165	998
7166	422
7167	36
7168	269
7169	48
7170	601
7171	301
7172	970
7173	702
7174	386
7175	735
7176	204
7177	499
7178	687
7179	466
7180	864
7181	158
7182	348
7183	285
7184	902
7185	875
7186	970
7187	644
7188	59
7189	144
7190	40
7191	945
7192	978
7193	624
7194	161
7195	379
7196	553
7197	687
7198	967
7199	623
7200	803
7201	915
7202	264
7203	345
7204	582
7205	637
7206	974
7207	250
7208	305
7209	752
7210	312
7211	777
7212	923
7213	606
7214	162
7215	372
7216	284
7217	112
7218	977
7219	558
7220	939
7221	802
7222	465
7223	963
7224	383
7225	641
7226	82
7227	83
7228	998
7229	271
7230	475
7231	337
7232	582
7233	443
7234	397
7235	777
7236	933
7237	248
7238	250
7239	769
7240	53
7241	676
7242	582
7243	394
7244	223
7245	433
7246	141
7247	735
7248	951
7249	941
7250	873
7251	21
7252	469
7253	684
7254	289
7255	384
7256	872
7257	263
7258	200
7259	710
7260	108
7261	651
7262	106
7263	630
7264	253
7265	337
7266	914
7267	623
7268	855
7269	478
7270	372
7271	509
7272	432
7273	806
7274	795
7275	513
7276	200
7277	389
7278	887
7279	32
7280	802
7281	577
7282	949
7283	242
7284	613
7285	474
7286	358
7287	744
7288	548
7289	214
7290	493
7291	926
7292	184
7293	451
7294	12
7295	76
7296	620
7297	737
7298	378
7299	509
7300	713
7301	510
7302	38
7303	461
7304	720
7305	748
7306	365
7307	791
7308	399
7309	643
7310	33
7311	957
7312	78
7313	821
7314	449
7315	594
7316	724
7317	973
7318	794
7319	940
7320	22
7321	831
7322	997
7323	144
7324	210
7325	705
7326	742
7327	458
7328	681
7329	518
7330	971
7331	634
7332	321
7333	237
7334	628
7335	341
7336	129
7337	52
7338	874
7339	997
7340	860
7341	931
7342	909
7343	171
7344	670
7345	17
7346	937
7347	640
7348	989
7349	830
7350	111
7351	115
7352	437
7353	356
7354	826
7355	580
7356	863
7357	86
7358	502
7359	970
7360	339
7361	337
7362	482
7363	524
7364	106
7365	814
7366	397
7367	103
7368	270
7369	482
7370	202
7371	121
7372	961
7373	408
7374	499
7375	262
7376	475
7377	871
7378	880
7379	217
7380	451
7381	551
7382	467
7383	397
7384	610
7385	798
7386	414
7387	64
7388	272
7389	989
7390	651
7391	822
7392	366
7393	994
7394	501
7395	78
7396	84
7397	851
7398	999
7399	583
7400	55
7401	246
7402	32
7403	347
7404	146
7405	678
7406	722
7407	644
7408	83
7409	968
7410	753
7411	77
7412	24
7413	395
7414	720
7415	112
7416	703
7417	70
7418	540
7419	880
7420	831
7421	232
7422	122
7423	845
7424	106
7425	578
7426	638
7427	417
7428	97
7429	599
7430	79
7431	777
7432	343
7433	504
7434	488
7435	574
7436	46
7437	612
7438	967
7439	578
7440	533
7441	133
7442	358
7443	595
7444	90
7445	582
7446	565
7447	711
7448	43
7449	617
7450	624
7451	447
7452	820
7453	491
7454	61
7455	621
7456	357
7457	786
7458	49
7459	75
7460	841
7461	778
7462	152
7463	187
7464	15
7465	886
7466	219
7467	734
7468	582
7469	285
7470	103
7471	945
7472	547
7473	387
7474	712
7475	25
7476	122
7477	346
7478	418
7479	203
7480	497
7481	356
7482	725
7483	11
7484	49
7485	421
7486	356
7487	564
7488	30
7489	145
7490	818
7491	898
7492	220
7493	487
7494	590
7495	790
7496	821
7497	341
7498	450
7499	612
7500	422
7501	658
7502	536
7503	310
7504	670
7505	976
7506	141
7507	738
7508	802
7509	282
7510	482
7511	307
7512	34
7513	96
7514	836
7515	137
7516	214
7517	562
7518	452
7519	511
7520	958
7521	374
7522	824
7523	382
7524	375
7525	651
7526	938
7527	195
7528	675
7529	856
7530	620
7531	556
7532	325
7533	500
7534	936
7535	631
7536	937
7537	842
7538	880
7539	155
7540	248
7541	568
7542	507
7543	108
7544	738
7545	218
7546	912
7547	338
7548	459
7549	802
7550	958
7551	295
7552	539
7553	634
7554	352
7555	638
7556	147
7557	616
7558	204
7559	274
7560	676
7561	680
7562	954
7563	638
7564	951
7565	931
7566	926
7567	334
7568	507
7569	121
7570	961
7571	547
7572	662
7573	515
7574	731
7575	465
7576	95
7577	956
7578	166
7579	359
7580	527
7581	750
7582	635
7583	791
7584	450
7585	955
7586	168
7587	827
7588	204
7589	261
7590	560
7591	49
7592	579
7593	306
7594	587
7595	727
7596	584
7597	285
7598	379
7599	982
7600	726
7601	180
7602	578
7603	568
7604	166
7605	901
7606	530
7607	864
7608	687
7609	841
7610	84
7611	649
7612	104
7613	579
7614	117
7615	994
7616	230
7617	490
7618	459
7619	294
7620	518
7621	227
7622	85
7623	89
7624	64
7625	924
7626	634
7627	987
7628	182
7629	546
7630	765
7631	333
7632	243
7633	700
7634	663
7635	699
7636	18
7637	716
7638	231
7639	85
7640	181
7641	740
7642	753
7643	533
7644	801
7645	823
7646	14
7647	531
7648	983
7649	976
7650	155
7651	999
7652	609
7653	730
7654	796
7655	85
7656	344
7657	802
7658	840
7659	318
7660	430
7661	142
7662	129
7663	966
7664	500
7665	246
7666	102
7667	322
7668	968
7669	656
7670	639
7671	210
7672	725
7673	109
7674	913
7675	516
7676	371
7677	653
7678	809
7679	180
7680	894
7681	77
7682	90
7683	849
7684	67
7685	459
7686	782
7687	983
7688	676
7689	947
7690	184
7691	170
7692	182
7693	302
7694	16
7695	339
7696	299
7697	813
7698	13
7699	795
7700	156
7701	18
7702	772
7703	591
7704	613
7705	820
7706	236
7707	302
7708	453
7709	71
7710	104
7711	895
7712	856
7713	828
7714	591
7715	194
7716	843
7717	11
7718	639
7719	318
7720	166
7721	780
7722	954
7723	365
7724	754
7725	730
7726	83
7727	387
7728	737
7729	17
7730	719
7731	151
7732	896
7733	364
7734	241
7735	93
7736	413
7737	242
7738	373
7739	957
7740	609
7741	571
7742	564
7743	836
7744	918
7745	63
7746	939
7747	207
7748	912
7749	459
7750	928
7751	16
7752	408
7753	133
7754	955
7755	289
7756	726
7757	932
7758	703
7759	528
7760	222
7761	139
7762	839
7763	725
7764	240
7765	599
7766	831
7767	202
7768	268
7769	794
7770	314
7771	799
7772	944
7773	814
7774	367
7775	806
7776	912
7777	868
7778	182
7779	574
7780	592
7781	509
7782	82
7783	462
7784	553
7785	150
7786	61
7787	11
7788	554
7789	748
7790	179
7791	305
7792	833
7793	850
7794	950
7795	493
7796	323
7797	796
7798	847
7799	562
7800	773
7801	837
7802	410
7803	383
7804	913
7805	672
7806	291
7807	761
7808	804
7809	60
7810	811
7811	938
7812	237
7813	680
7814	162
7815	115
7816	146
7817	625
7818	843
7819	831
7820	657
7821	608
7822	946
7823	290
7824	806
7825	866
7826	455
7827	303
7828	441
7829	403
7830	536
7831	323
7832	962
7833	62
7834	711
7835	227
7836	771
7837	278
7838	231
7839	769
7840	280
7841	674
7842	921
7843	675
7844	685
7845	125
7846	191
7847	195
7848	327
7849	200
7850	776
7851	809
7852	406
7853	993
7854	488
7855	740
7856	352
7857	115
7858	22
7859	757
7860	56
7861	255
7862	275
7863	839
7864	866
7865	69
7866	46
7867	698
7868	207
7869	524
7870	483
7871	965
7872	31
7873	475
7874	116
7875	439
7876	34
7877	478
7878	313
7879	67
7880	914
7881	916
7882	304
7883	612
7884	487
7885	617
7886	138
7887	501
7888	518
7889	940
7890	188
7891	138
7892	353
7893	941
7894	931
7895	306
7896	191
7897	639
7898	310
7899	581
7900	601
7901	539
7902	368
7903	12
7904	293
7905	524
7906	841
7907	54
7908	95
7909	369
7910	451
7911	667
7912	818
7913	779
7914	494
7915	381
7916	231
7917	760
7918	583
7919	593
7920	535
7921	899
7922	589
7923	803
7924	871
7925	30
7926	940
7927	643
7928	567
7929	102
7930	600
7931	778
7932	515
7933	576
7934	638
7935	471
7936	101
7937	652
7938	682
7939	164
7940	269
7941	909
7942	890
7943	606
7944	263
7945	578
7946	715
7947	976
7948	291
7949	392
7950	404
7951	115
7952	95
7953	439
7954	305
7955	771
7956	640
7957	501
7958	515
7959	377
7960	959
7961	311
7962	521
7963	752
7964	737
7965	892
7966	256
7967	810
7968	726
7969	155
7970	879
7971	222
7972	114
7973	869
7974	321
7975	314
7976	405
7977	696
7978	759
7979	197
7980	290
7981	419
7982	127
7983	798
7984	104
7985	190
7986	806
7987	709
7988	327
7989	207
7990	587
7991	760
7992	604
7993	866
7994	269
7995	95
7996	587
7997	96
7998	908
7999	256
8000	910
8001	230
8002	864
8003	242
8004	215
8005	841
8006	762
8007	843
8008	799
8009	293
8010	995
8011	320
8012	827
8013	708
8014	396
8015	911
8016	454
8017	266
8018	123
8019	82
8020	963
8021	472
8022	953
8023	855
8024	64
8025	900
8026	973
8027	769
8028	807
8029	374
8030	945
8031	182
8032	251
8033	746
8034	101
8035	870
8036	863
8037	64
8038	47
8039	813
8040	195
8041	346
8042	49
8043	712
8044	444
8045	283
8046	713
8047	779
8048	228
8049	72
8050	503
8051	770
8052	718
8053	665
8054	95
8055	906
8056	883
8057	28
8058	830
8059	606
8060	669
8061	311
8062	31
8063	523
8064	326
8065	747
8066	796
8067	286
8068	27
8069	252
8070	87
8071	884
8072	144
8073	146
8074	409
8075	754
8076	932
8077	205
8078	219
8079	622
8080	856
8081	111
8082	358
8083	845
8084	132
8085	31
8086	143
8087	623
8088	402
8089	920
8090	403
8091	352
8092	696
8093	525
8094	143
8095	645
8096	100
8097	207
8098	92
8099	313
8100	20
8101	105
8102	735
8103	426
8104	44
8105	625
8106	667
8107	730
8108	645
8109	714
8110	24
8111	114
8112	828
8113	356
8114	692
8115	762
8116	444
8117	349
8118	637
8119	794
8120	31
8121	132
8122	740
8123	978
8124	580
8125	858
8126	449
8127	192
8128	954
8129	568
8130	958
8131	453
8132	590
8133	792
8134	503
8135	737
8136	944
8137	150
8138	636
8139	150
8140	127
8141	65
8142	663
8143	157
8144	279
8145	607
8146	767
8147	706
8148	474
8149	991
8150	402
8151	801
8152	742
8153	376
8154	765
8155	679
8156	731
8157	484
8158	424
8159	429
8160	61
8161	600
8162	678
8163	133
8164	710
8165	122
8166	706
8167	450
8168	777
8169	113
8170	40
8171	962
8172	693
8173	495
8174	99
8175	438
8176	101
8177	379
8178	334
8179	443
8180	474
8181	751
8182	105
8183	463
8184	153
8185	151
8186	354
8187	950
8188	25
8189	451
8190	797
8191	607
8192	310
8193	939
8194	999
8195	764
8196	644
8197	666
8198	621
8199	459
8200	339
8201	25
8202	165
8203	287
8204	471
8205	40
8206	711
8207	190
8208	39
8209	792
8210	12
8211	235
8212	560
8213	995
8214	54
8215	742
8216	595
8217	851
8218	699
8219	463
8220	137
8221	249
8222	856
8223	767
8224	658
8225	967
8226	845
8227	170
8228	838
8229	630
8230	25
8231	46
8232	700
8233	420
8234	89
8235	907
8236	236
8237	401
8238	13
8239	674
8240	225
8241	43
8242	301
8243	298
8244	177
8245	718
8246	661
8247	859
8248	936
8249	153
8250	466
8251	999
8252	145
8253	757
8254	520
8255	567
8256	61
8257	423
8258	777
8259	680
8260	94
8261	646
8262	677
8263	544
8264	463
8265	216
8266	814
8267	389
8268	749
8269	656
8270	238
8271	966
8272	706
8273	771
8274	735
8275	330
8276	66
8277	842
8278	123
8279	218
8280	391
8281	894
8282	126
8283	192
8284	685
8285	227
8286	746
8287	565
8288	636
8289	286
8290	905
8291	694
8292	476
8293	261
8294	321
8295	210
8296	297
8297	895
8298	13
8299	930
8300	998
8301	88
8302	679
8303	419
8304	447
8305	129
8306	639
8307	556
8308	316
8309	430
8310	708
8311	696
8312	935
8313	285
8314	103
8315	275
8316	358
8317	622
8318	781
8319	532
8320	655
8321	459
8322	663
8323	896
8324	599
8325	432
8326	493
8327	583
8328	391
8329	191
8330	636
8331	811
8332	800
8333	723
8334	974
8335	367
8336	270
8337	655
8338	16
8339	860
8340	915
8341	158
8342	382
8343	868
8344	905
8345	565
8346	156
8347	684
8348	694
8349	41
8350	679
8351	222
8352	622
8353	693
8354	934
8355	866
8356	602
8357	669
8358	898
8359	93
8360	230
8361	512
8362	210
8363	627
8364	347
8365	175
8366	993
8367	621
8368	318
8369	870
8370	70
8371	450
8372	364
8373	668
8374	959
8375	502
8376	92
8377	977
8378	512
8379	716
8380	404
8381	453
8382	665
8383	131
8384	166
8385	291
8386	114
8387	445
8388	467
8389	213
8390	667
8391	152
8392	202
8393	940
8394	941
8395	43
8396	159
8397	38
8398	796
8399	157
8400	465
8401	748
8402	879
8403	549
8404	755
8405	263
8406	599
8407	952
8408	953
8409	288
8410	262
8411	893
8412	168
8413	547
8414	816
8415	760
8416	111
8417	55
8418	461
8419	408
8420	99
8421	783
8422	45
8423	474
8424	580
8425	988
8426	508
8427	408
8428	946
8429	623
8430	158
8431	528
8432	202
8433	768
8434	689
8435	700
8436	18
8437	353
8438	856
8439	965
8440	531
8441	440
8442	481
8443	527
8444	659
8445	893
8446	556
8447	877
8448	306
8449	54
8450	448
8451	963
8452	691
8453	494
8454	43
8455	933
8456	350
8457	801
8458	684
8459	872
8460	905
8461	357
8462	137
8463	582
8464	477
8465	985
8466	280
8467	71
8468	535
8469	342
8470	49
8471	265
8472	284
8473	939
8474	656
8475	914
8476	235
8477	173
8478	446
8479	221
8480	642
8481	622
8482	378
8483	540
8484	918
8485	227
8486	549
8487	572
8488	346
8489	254
8490	620
8491	357
8492	853
8493	337
8494	262
8495	841
8496	58
8497	618
8498	35
8499	297
8500	962
8501	268
8502	192
8503	541
8504	664
8505	320
8506	817
8507	776
8508	704
8509	761
8510	820
8511	215
8512	816
8513	157
8514	937
8515	329
8516	341
8517	188
8518	358
8519	179
8520	289
8521	430
8522	21
8523	950
8524	853
8525	672
8526	726
8527	179
8528	792
8529	622
8530	112
8531	449
8532	457
8533	801
8534	249
8535	341
8536	747
8537	225
8538	952
8539	291
8540	868
8541	404
8542	742
8543	213
8544	303
8545	123
8546	149
8547	207
8548	628
8549	998
8550	611
8551	40
8552	142
8553	33
8554	853
8555	327
8556	706
8557	991
8558	196
8559	172
8560	444
8561	842
8562	241
8563	471
8564	963
8565	105
8566	971
8567	241
8568	433
8569	719
8570	165
8571	353
8572	139
8573	195
8574	728
8575	668
8576	39
8577	905
8578	106
8579	401
8580	118
8581	903
8582	254
8583	262
8584	310
8585	117
8586	140
8587	441
8588	860
8589	662
8590	618
8591	772
8592	373
8593	149
8594	643
8595	706
8596	127
8597	928
8598	13
8599	943
8600	763
8601	200
8602	67
8603	519
8604	814
8605	627
8606	846
8607	833
8608	369
8609	913
8610	217
8611	483
8612	57
8613	493
8614	844
8615	230
8616	213
8617	792
8618	87
8619	292
8620	250
8621	201
8622	701
8623	666
8624	800
8625	64
8626	604
8627	980
8628	85
8629	699
8630	614
8631	741
8632	865
8633	405
8634	970
8635	93
8636	621
8637	72
8638	601
8639	425
8640	688
8641	394
8642	235
8643	150
8644	225
8645	575
8646	415
8647	647
8648	665
8649	299
8650	388
8651	16
8652	491
8653	422
8654	357
8655	847
8656	11
8657	482
8658	137
8659	719
8660	944
8661	761
8662	659
8663	772
8664	943
8665	174
8666	330
8667	881
8668	758
8669	157
8670	133
8671	771
8672	308
8673	571
8674	694
8675	298
8676	291
8677	613
8678	633
8679	738
8680	660
8681	906
8682	935
8683	932
8684	77
8685	787
8686	756
8687	995
8688	955
8689	860
8690	300
8691	613
8692	232
8693	584
8694	256
8695	732
8696	900
8697	245
8698	837
8699	210
8700	237
8701	692
8702	239
8703	998
8704	27
8705	571
8706	245
8707	929
8708	460
8709	230
8710	56
8711	19
8712	931
8713	356
8714	573
8715	80
8716	869
8717	448
8718	480
8719	53
8720	987
8721	428
8722	661
8723	356
8724	806
8725	236
8726	576
8727	388
8728	55
8729	767
8730	943
8731	460
8732	781
8733	505
8734	726
8735	647
8736	954
8737	556
8738	309
8739	347
8740	914
8741	289
8742	679
8743	178
8744	934
8745	26
8746	303
8747	517
8748	635
8749	482
8750	162
8751	500
8752	889
8753	908
8754	360
8755	905
8756	967
8757	700
8758	426
8759	467
8760	412
8761	941
8762	976
8763	952
8764	989
8765	705
8766	570
8767	287
8768	93
8769	674
8770	696
8771	101
8772	554
8773	97
8774	578
8775	636
8776	617
8777	620
8778	563
8779	258
8780	839
8781	877
8782	258
8783	988
8784	996
8785	326
8786	286
8787	840
8788	951
8789	560
8790	919
8791	437
8792	140
8793	282
8794	609
8795	401
8796	59
8797	969
8798	359
8799	646
8800	991
8801	266
8802	543
8803	312
8804	470
8805	137
8806	842
8807	155
8808	566
8809	716
8810	980
8811	945
8812	494
8813	706
8814	375
8815	594
8816	754
8817	225
8818	934
8819	203
8820	538
8821	449
8822	931
8823	607
8824	500
8825	29
8826	34
8827	534
8828	692
8829	252
8830	599
8831	730
8832	355
8833	817
8834	133
8835	760
8836	765
8837	918
8838	567
8839	51
8840	12
8841	665
8842	123
8843	104
8844	308
8845	970
8846	641
8847	340
8848	236
8849	999
8850	378
8851	427
8852	169
8853	882
8854	673
8855	130
8856	997
8857	243
8858	401
8859	483
8860	755
8861	411
8862	335
8863	387
8864	628
8865	252
8866	112
8867	281
8868	146
8869	426
8870	213
8871	583
8872	137
8873	436
8874	715
8875	164
8876	807
8877	724
8878	660
8879	492
8880	146
8881	730
8882	796
8883	849
8884	113
8885	926
8886	989
8887	321
8888	71
8889	14
8890	58
8891	250
8892	955
8893	390
8894	537
8895	884
8896	511
8897	873
8898	586
8899	910
8900	730
8901	561
8902	936
8903	918
8904	296
8905	827
8906	978
8907	71
8908	868
8909	828
8910	526
8911	76
8912	801
8913	960
8914	271
8915	224
8916	161
8917	160
8918	868
8919	906
8920	840
8921	289
8922	937
8923	891
8924	289
8925	265
8926	866
8927	21
8928	556
8929	728
8930	598
8931	454
8932	775
8933	291
8934	402
8935	205
8936	525
8937	607
8938	345
8939	691
8940	110
8941	974
8942	407
8943	99
8944	597
8945	116
8946	57
8947	767
8948	353
8949	475
8950	595
8951	589
8952	592
8953	905
8954	833
8955	912
8956	564
8957	780
8958	232
8959	112
8960	566
8961	595
8962	449
8963	702
8964	550
8965	773
8966	419
8967	239
8968	929
8969	988
8970	220
8971	737
8972	720
8973	384
8974	199
8975	67
8976	385
8977	809
8978	107
8979	359
8980	245
8981	273
8982	132
8983	457
8984	190
8985	237
8986	798
8987	264
8988	683
8989	874
8990	615
8991	597
8992	177
8993	336
8994	437
8995	90
8996	81
8997	152
8998	162
8999	321
9000	417
9001	78
9002	291
9003	542
9004	262
9005	694
9006	729
9007	193
9008	393
9009	820
9010	159
9011	154
9012	200
9013	394
9014	167
9015	815
9016	195
9017	931
9018	395
9019	545
9020	986
9021	599
9022	823
9023	555
9024	169
9025	973
9026	469
9027	34
9028	142
9029	327
9030	221
9031	647
9032	251
9033	610
9034	786
9035	309
9036	744
9037	622
9038	75
9039	864
9040	98
9041	935
9042	955
9043	355
9044	233
9045	458
9046	390
9047	850
9048	64
9049	429
9050	143
9051	935
9052	328
9053	46
9054	449
9055	704
9056	27
9057	95
9058	45
9059	668
9060	73
9061	432
9062	164
9063	852
9064	991
9065	723
9066	275
9067	272
9068	758
9069	752
9070	348
9071	863
9072	534
9073	426
9074	152
9075	492
9076	873
9077	990
9078	421
9079	644
9080	905
9081	461
9082	749
9083	230
9084	246
9085	691
9086	688
9087	439
9088	178
9089	895
9090	98
9091	344
9092	818
9093	294
9094	990
9095	158
9096	297
9097	986
9098	410
9099	287
9100	904
9101	95
9102	676
9103	776
9104	646
9105	465
9106	221
9107	745
9108	593
9109	917
9110	938
9111	72
9112	411
9113	328
9114	605
9115	549
9116	861
9117	770
9118	508
9119	304
9120	497
9121	685
9122	270
9123	385
9124	831
9125	517
9126	96
9127	603
9128	958
9129	415
9130	271
9131	339
9132	208
9133	783
9134	652
9135	199
9136	42
9137	142
9138	158
9139	841
9140	206
9141	845
9142	532
9143	45
9144	267
9145	243
9146	966
9147	310
9148	911
9149	13
9150	564
9151	496
9152	507
9153	972
9154	15
9155	722
9156	179
9157	653
9158	48
9159	975
9160	965
9161	814
9162	616
9163	485
9164	872
9165	594
9166	876
9167	132
9168	735
9169	413
9170	182
9171	977
9172	865
9173	720
9174	675
9175	650
9176	779
9177	347
9178	491
9179	761
9180	412
9181	370
9182	494
9183	839
9184	799
9185	952
9186	90
9187	785
9188	473
9189	933
9190	961
9191	755
9192	750
9193	108
9194	714
9195	714
9196	59
9197	526
9198	99
9199	163
9200	437
9201	651
9202	125
9203	322
9204	106
9205	297
9206	486
9207	630
9208	61
9209	870
9210	422
9211	792
9212	501
9213	268
9214	985
9215	742
9216	208
9217	697
9218	947
9219	198
9220	132
9221	113
9222	738
9223	721
9224	373
9225	930
9226	124
9227	249
9228	898
9229	206
9230	352
9231	836
9232	680
9233	157
9234	927
9235	523
9236	316
9237	919
9238	588
9239	701
9240	241
9241	944
9242	127
9243	343
9244	976
9245	696
9246	205
9247	644
9248	152
9249	630
9250	511
9251	757
9252	324
9253	824
9254	695
9255	673
9256	33
9257	279
9258	981
9259	728
9260	629
9261	431
9262	757
9263	818
9264	555
9265	191
9266	806
9267	837
9268	395
9269	213
9270	725
9271	289
9272	408
9273	524
9274	307
9275	25
9276	952
9277	865
9278	958
9279	461
9280	763
9281	788
9282	754
9283	291
9284	298
9285	156
9286	245
9287	754
9288	414
9289	373
9290	379
9291	900
9292	936
9293	470
9294	310
9295	229
9296	318
9297	87
9298	472
9299	254
9300	819
9301	963
9302	542
9303	76
9304	535
9305	982
9306	522
9307	417
9308	180
9309	741
9310	316
9311	507
9312	218
9313	339
9314	779
9315	687
9316	430
9317	620
9318	917
9319	894
9320	417
9321	578
9322	90
9323	159
9324	368
9325	522
9326	238
9327	756
9328	524
9329	799
9330	47
9331	153
9332	824
9333	23
9334	48
9335	947
9336	64
9337	877
9338	433
9339	552
9340	518
9341	82
9342	856
9343	422
9344	722
9345	837
9346	673
9347	860
9348	586
9349	399
9350	432
9351	863
9352	675
9353	622
9354	440
9355	513
9356	37
9357	913
9358	485
9359	53
9360	134
9361	559
9362	76
9363	91
9364	74
9365	326
9366	282
9367	816
9368	540
9369	296
9370	298
9371	35
9372	136
9373	398
9374	437
9375	560
9376	847
9377	836
9378	790
9379	917
9380	272
9381	14
9382	72
9383	434
9384	485
9385	731
9386	628
9387	570
9388	316
9389	506
9390	708
9391	738
9392	47
9393	945
9394	197
9395	67
9396	363
9397	949
9398	693
9399	728
9400	922
9401	378
9402	248
9403	355
9404	758
9405	431
9406	592
9407	397
9408	478
9409	171
9410	913
9411	179
9412	41
9413	163
9414	118
9415	157
9416	529
9417	180
9418	37
9419	822
9420	918
9421	765
9422	362
9423	810
9424	662
9425	94
9426	892
9427	864
9428	924
9429	374
9430	676
9431	920
9432	906
9433	519
9434	788
9435	917
9436	693
9437	506
9438	396
9439	396
9440	28
9441	544
9442	775
9443	452
9444	714
9445	136
9446	676
9447	263
9448	984
9449	685
9450	46
9451	949
9452	881
9453	123
9454	326
9455	645
9456	896
9457	296
9458	931
9459	969
9460	695
9461	575
9462	798
9463	219
9464	883
9465	654
9466	98
9467	200
9468	910
9469	406
9470	39
9471	881
9472	373
9473	943
9474	470
9475	195
9476	905
9477	272
9478	462
9479	175
9480	482
9481	291
9482	894
9483	507
9484	939
9485	923
9486	638
9487	323
9488	150
9489	756
9490	866
9491	482
9492	128
9493	540
9494	258
9495	245
9496	15
9497	230
9498	488
9499	558
9500	863
9501	167
9502	767
9503	418
9504	37
9505	244
9506	238
9507	859
9508	264
9509	41
9510	976
9511	114
9512	350
9513	20
9514	32
9515	531
9516	856
9517	737
9518	772
9519	651
9520	737
9521	765
9522	229
9523	610
9524	63
9525	526
9526	968
9527	82
9528	835
9529	286
9530	754
9531	323
9532	427
9533	346
9534	671
9535	110
9536	25
9537	584
9538	145
9539	163
9540	46
9541	165
9542	712
9543	334
9544	794
9545	23
9546	380
9547	617
9548	140
9549	214
9550	968
9551	476
9552	391
9553	916
9554	794
9555	250
9556	143
9557	689
9558	934
9559	711
9560	93
9561	233
9562	657
9563	432
9564	495
9565	257
9566	689
9567	467
9568	951
9569	107
9570	118
9571	518
9572	485
9573	371
9574	709
9575	482
9576	386
9577	576
9578	277
9579	874
9580	635
9581	247
9582	169
9583	652
9584	82
9585	873
9586	560
9587	43
9588	231
9589	549
9590	203
9591	888
9592	982
9593	718
9594	221
9595	347
9596	775
9597	623
9598	533
9599	239
9600	888
9601	333
9602	872
9603	423
9604	436
9605	191
9606	124
9607	542
9608	355
9609	499
9610	257
9611	337
9612	628
9613	830
9614	940
9615	334
9616	926
9617	129
9618	730
9619	541
9620	377
9621	759
9622	67
9623	816
9624	700
9625	191
9626	260
9627	579
9628	211
9629	250
9630	867
9631	681
9632	360
9633	926
9634	243
9635	16
9636	768
9637	336
9638	184
9639	911
9640	312
9641	416
9642	428
9643	265
9644	728
9645	118
9646	116
9647	933
9648	566
9649	268
9650	454
9651	913
9652	823
9653	746
9654	974
9655	227
9656	403
9657	531
9658	692
9659	433
9660	541
9661	74
9662	345
9663	899
9664	140
9665	166
9666	305
9667	490
9668	108
9669	200
9670	141
9671	107
9672	751
9673	473
9674	828
9675	919
9676	265
9677	133
9678	293
9679	398
9680	419
9681	315
9682	593
9683	679
9684	555
9685	649
9686	631
9687	296
9688	384
9689	439
9690	82
9691	388
9692	603
9693	244
9694	897
9695	611
9696	248
9697	650
9698	994
9699	842
9700	286
9701	881
9702	603
9703	510
9704	953
9705	910
9706	290
9707	254
9708	524
9709	785
9710	99
9711	121
9712	516
9713	525
9714	197
9715	996
9716	841
9717	106
9718	700
9719	960
9720	809
9721	851
9722	898
9723	690
9724	698
9725	624
9726	940
9727	912
9728	662
9729	892
9730	547
9731	354
9732	170
9733	366
9734	871
9735	852
9736	683
9737	69
9738	276
9739	952
9740	466
9741	544
9742	383
9743	185
9744	263
9745	243
9746	38
9747	54
9748	387
9749	357
9750	830
9751	84
9752	563
9753	101
9754	149
9755	610
9756	687
9757	261
9758	788
9759	577
9760	266
9761	73
9762	270
9763	390
9764	187
9765	185
9766	661
9767	695
9768	272
9769	201
9770	285
9771	550
9772	276
9773	277
9774	62
9775	307
9776	653
9777	252
9778	825
9779	897
9780	429
9781	226
9782	290
9783	905
9784	650
9785	119
9786	588
9787	849
9788	212
9789	278
9790	952
9791	269
9792	474
9793	566
9794	284
9795	54
9796	194
9797	262
9798	790
9799	574
9800	529
9801	809
9802	203
9803	798
9804	380
9805	860
9806	946
9807	11
9808	513
9809	173
9810	555
9811	484
9812	459
9813	363
9814	787
9815	533
9816	753
9817	394
9818	373
9819	672
9820	569
9821	784
9822	751
9823	298
9824	163
9825	850
9826	590
9827	63
9828	103
9829	289
9830	332
9831	260
9832	39
9833	785
9834	180
9835	115
9836	355
9837	999
9838	264
9839	538
9840	152
9841	352
9842	411
9843	87
9844	904
9845	379
9846	71
9847	591
9848	360
9849	991
9850	308
9851	165
9852	803
9853	215
9854	697
9855	359
9856	236
9857	51
9858	38
9859	488
9860	790
9861	181
9862	648
9863	615
9864	226
9865	942
9866	510
9867	329
9868	240
9869	689
9870	71
9871	50
9872	26
9873	796
9874	882
9875	891
9876	412
9877	280
9878	572
9879	885
9880	959
9881	266
9882	452
9883	196
9884	386
9885	575
9886	254
9887	731
9888	481
9889	792
9890	617
9891	766
9892	837
9893	124
9894	942
9895	595
9896	863
9897	503
9898	33
9899	472
9900	758
9901	931
9902	394
9903	459
9904	867
9905	613
9906	491
9907	131
9908	86
9909	738
9910	910
9911	373
9912	920
9913	645
9914	431
9915	556
9916	85
9917	256
9918	352
9919	500
9920	114
9921	912
9922	739
9923	509
9924	476
9925	706
9926	691
9927	810
9928	373
9929	910
9930	477
9931	890
9932	984
9933	183
9934	367
9935	636
9936	810
9937	453
9938	586
9939	159
9940	338
9941	724
9942	457
9943	957
9944	365
9945	193
9946	17
9947	770
9948	500
9949	678
9950	285
9951	229
9952	530
9953	302
9954	776
9955	615
9956	380
9957	650
9958	532
9959	262
9960	448
9961	615
9962	410
9963	363
9964	861
9965	913
9966	905
9967	240
9968	911
9969	509
9970	859
9971	233
9972	746
9973	910
9974	632
9975	758
9976	689
9977	157
9978	441
9979	73
9980	779
9981	512
9982	364
9983	646
9984	842
9985	589
9986	559
9987	208
9988	727
9989	567
9990	116
9991	618
9992	603
9993	165
9994	88
9995	563
9996	177
9997	26
9998	526
9999	827
10000	736
Classes	200
Teachers	100
1	51
2	93
3	23
4	44
5	48
6	43
7	11
8	22
9	29
10	2
11	4
12	94
13	75
14	92
15	84
16	57
17	13
18	22
19	83
20	6
21	36
22	37
23	71
24	1
25	25
26	86
27	55
28	41
29	29
30	64
31	75
32	36
33	25
34	55
35	96
36	49
37	69
38	59
39	1
40	40
41	26
42	44
43	49
44	39
45	32
46	13
47	39
48	9
49	69
50	92
51	37
52	67
53	73
54	50
55	19
56	16
57	61
58	58
59	5
60	67
61	100
62	19
63	10
64	54
65	84
66	97
67	43
68	8
69	41
70	93
71	9
72	59
73	12
74	100
75	42
76	97
77	96
78	7
79	80
80	33
81	7
82	5
83	61
84	76
85	73
86	65
87	10
88	27
89	4
90	60
91	94
92	48
93	31
94	27
95	91
96	38
97	91
98	18
99	65
100	81
101	90
102	14
103	45
104	95
105	60
106	88
107	47
108	98
109	82
110	99
111	83
112	11
113	2
114	62
115	20
116	30
117	24
118	15
119	98
120	20
121	71
122	32
123	47
124	89
125	31
126	16
127	18
128	35
129	72
130	6
131	53
132	42
133	40
134	34
135	95
136	88
137	72
138	86
139	3
140	50
141	87
142	62
143	70
144	45
145	3
146	15
147	66
148	77
149	64
150	33
151	23
152	77
153	68
154	28
155	46
156	76
157	38
158	85
159	66
160	21
161	89
162	34
163	24
164	78
165	17
166	52
167	85
168	81
169	56
170	12
171	82
172	52
173	79
174	46
175	90
176	58
177	57
178	70
179	17
180	53
181	68
182	80
183	56
184	54
185	63
186	87
187	79
188	74
189	8
190	99
191	14
192	78
193	21
194	63
195	28
196	30
197	35
198	74
199	51
200	26
