Class Times	60
Rooms	40
1	779
2	345
3	867
4	404
5	319
6	54
7	625
8	981
9	919
10	656
11	140
12	960
13	927
14	110
15	520
16	533
17	636
18	464
19	771
20	327
21	262
22	716
23	842
24	722
25	970
26	352
27	44
28	487
29	913
30	324
31	112
32	922
33	162
34	860
35	936
36	204
37	947
38	734
39	970
40	908
Classes	2000
Teachers	1000
1	469
2	77
3	957
4	181
5	57
6	68
7	464
8	162
9	494
10	534
11	748
12	761
13	203
14	690
15	520
16	159
17	778
18	474
19	556
20	867
21	879
22	947
23	372
24	678
25	58
26	122
27	831
28	58
29	345
30	667
31	78
32	40
33	556
34	708
35	732
36	453
37	179
38	433
39	519
40	714
41	241
42	277
43	261
44	383
45	481
46	374
47	392
48	992
49	651
50	424
51	876
52	112
53	632
54	895
55	963
56	947
57	726
58	735
59	364
60	820
61	86
62	784
63	31
64	932
65	476
66	127
67	521
68	225
69	13
70	119
71	585
72	148
73	912
74	869
75	581
76	74
77	859
78	68
79	702
80	688
81	986
82	202
83	106
84	75
85	984
86	78
87	629
88	463
89	389
90	855
91	509
92	764
93	737
94	333
95	418
96	585
97	196
98	315
99	206
100	297
101	399
102	541
103	104
104	861
105	868
106	902
107	372
108	332
109	431
110	521
111	564
112	543
113	975
114	583
115	860
116	225
117	354
118	643
119	398
120	369
121	96
122	989
123	917
124	754
125	196
126	913
127	392
128	251
129	759
130	269
131	955
132	437
133	850
134	359
135	408
136	635
137	946
138	279
139	774
140	325
141	867
142	440
143	786
144	729
145	637
146	87
147	330
148	831
149	199
150	399
151	727
152	248
153	128
154	914
155	344
156	744
157	140
158	811
159	427
160	325
161	338
162	481
163	785
164	105
165	244
166	140
167	135
168	495
169	152
170	154
171	546
172	9
173	329
174	723
175	739
176	462
177	903
178	427
179	442
180	740
181	756
182	497
183	899
184	473
185	468
186	60
187	964
188	839
189	51
190	686
191	243
192	665
193	87
194	610
195	147
196	865
197	601
198	887
199	652
200	745
201	945
202	190
203	238
204	627
205	586
206	217
207	192
208	690
209	759
210	57
211	857
212	605
213	529
214	670
215	825
216	948
217	85
218	994
219	742
220	151
221	864
222	441
223	630
224	789
225	852
226	548
227	198
228	779
229	670
230	712
231	916
232	40
233	649
234	887
235	886
236	543
237	318
238	346
239	239
240	423
241	642
242	396
243	641
244	67
245	103
246	972
247	79
248	117
249	596
250	197
251	590
252	238
253	60
254	228
255	611
256	966
257	382
258	424
259	983
260	999
261	81
262	249
263	801
264	958
265	493
266	444
267	757
268	911
269	118
270	98
271	826
272	211
273	595
274	222
275	82
276	764
277	492
278	655
279	744
280	814
281	654
282	812
283	621
284	695
285	50
286	455
287	709
288	21
289	25
290	82
291	565
292	306
293	404
294	609
295	781
296	683
297	615
298	679
299	883
300	378
301	270
302	668
303	749
304	181
305	76
306	441
307	565
308	940
309	963
310	664
311	729
312	327
313	890
314	875
315	483
316	38
317	149
318	38
319	128
320	828
321	495
322	743
323	256
324	821
325	752
326	691
327	518
328	31
329	377
330	677
331	739
332	17
333	742
334	80
335	870
336	291
337	891
338	464
339	970
340	414
341	92
342	987
343	851
344	188
345	883
346	166
347	12
348	52
349	819
350	135
351	316
352	789
353	841
354	978
355	665
356	891
357	937
358	201
359	478
360	229
361	370
362	839
363	420
364	885
365	614
366	629
367	92
368	426
369	899
370	636
371	613
372	577
373	725
374	719
375	503
376	873
377	458
378	456
379	478
380	561
381	317
382	885
383	633
384	22
385	284
386	791
387	660
388	164
389	647
390	780
391	958
392	760
393	717
394	832
395	62
396	862
397	626
398	724
399	921
400	123
401	204
402	588
403	589
404	948
405	1
406	876
407	336
408	749
409	139
410	405
411	379
412	364
413	736
414	588
415	683
416	350
417	533
418	390
419	410
420	447
421	911
422	630
423	340
424	578
425	493
426	172
427	572
428	664
429	415
430	138
431	667
432	353
433	65
434	532
435	402
436	848
437	951
438	833
439	398
440	940
441	637
442	932
443	85
444	599
445	226
446	991
447	167
448	323
449	438
450	29
451	250
452	579
453	864
454	889
455	96
456	30
457	34
458	98
459	518
460	300
461	346
462	872
463	307
464	833
465	692
466	956
467	311
468	695
469	964
470	13
471	987
472	206
473	283
474	276
475	631
476	129
477	222
478	796
479	279
480	285
481	351
482	906
483	79
484	295
485	156
486	20
487	344
488	631
489	192
490	93
491	513
492	607
493	195
494	724
495	161
496	992
497	469
498	243
499	933
500	199
501	320
502	889
503	35
504	64
505	797
506	203
507	841
508	572
509	799
510	385
511	381
512	368
513	125
514	738
515	717
516	5
517	306
518	121
519	53
520	289
521	878
522	953
523	787
524	475
525	896
526	452
527	991
528	188
529	34
530	245
531	794
532	333
533	208
534	778
535	921
536	808
537	807
538	804
539	756
540	340
541	16
542	605
543	49
544	672
545	366
546	180
547	691
548	330
549	608
550	274
551	894
552	975
553	136
554	617
555	167
556	237
557	336
558	578
559	768
560	300
561	114
562	145
563	676
564	603
565	675
566	64
567	536
568	262
569	763
570	37
571	370
572	529
573	704
574	416
575	49
576	651
577	237
578	419
579	746
580	674
581	157
582	939
583	164
584	74
585	382
586	866
587	290
588	246
589	969
590	642
591	147
592	965
593	846
594	609
595	544
596	391
597	7
598	121
599	843
600	345
601	287
602	848
603	90
604	273
605	773
606	639
607	608
608	957
609	235
610	835
611	636
612	389
613	645
614	663
615	215
616	24
617	607
618	467
619	895
620	509
621	861
622	504
623	400
624	435
625	298
626	76
627	452
628	532
629	223
630	938
631	768
632	187
633	390
634	116
635	654
636	162
637	419
638	401
639	266
640	101
641	276
642	618
643	875
644	482
645	582
646	639
647	871
648	394
649	307
650	907
651	573
652	624
653	234
654	800
655	26
656	669
657	490
658	650
659	501
660	67
661	284
662	924
663	409
664	361
665	113
666	951
667	230
668	496
669	403
670	563
671	873
672	748
673	35
674	569
675	843
676	5
677	713
678	498
679	348
680	879
681	32
682	25
683	661
684	166
685	922
686	223
687	100
688	939
689	720
690	84
691	892
692	834
693	542
694	465
695	72
696	153
697	391
698	814
699	851
700	283
701	728
702	600
703	863
704	1
705	835
706	912
707	66
708	352
709	83
710	32
711	743
712	226
713	517
714	170
715	804
716	170
717	309
718	431
719	48
720	900
721	548
722	487
723	623
724	455
725	90
726	539
727	501
728	713
729	109
730	289
731	618
732	715
733	812
734	547
735	201
736	770
737	838
738	275
739	650
740	525
741	728
742	870
743	877
744	138
745	782
746	669
747	871
748	955
749	849
750	736
751	859
752	953
753	825
754	587
755	730
756	972
757	534
758	700
759	319
760	706
761	999
762	678
763	151
764	599
765	983
766	183
767	426
768	731
769	593
770	444
771	554
772	463
773	549
774	15
775	216
776	740
777	347
778	94
779	920
780	395
781	249
782	660
783	381
784	819
785	909
786	290
787	760
788	378
789	894
790	587
791	252
792	324
793	781
794	761
795	649
796	506
797	918
798	803
799	769
800	552
801	552
802	376
803	730
804	507
805	270
806	146
807	593
808	698
809	363
810	901
811	394
812	802
813	653
814	230
815	75
816	323
817	297
818	592
819	818
820	342
821	265
822	331
823	236
824	217
825	719
826	554
827	652
828	228
829	559
830	907
831	702
832	860
833	100
834	530
835	635
836	645
837	99
838	560
839	172
840	869
841	711
842	150
843	30
844	584
845	483
846	9
847	229
848	123
849	59
850	70
851	856
852	802
853	27
854	18
855	430
856	472
857	782
858	3
859	562
860	484
861	586
862	274
863	153
864	716
865	746
866	810
867	102
868	66
869	212
870	234
871	916
872	612
873	699
874	777
875	150
876	735
877	216
878	45
879	877
880	453
881	924
882	332
883	890
884	857
885	935
886	99
887	823
888	820
889	786
890	557
891	385
892	866
893	22
894	811
895	473
896	466
897	732
898	568
899	498
900	254
901	142
902	115
903	737
904	595
905	893
906	375
907	65
908	239
909	61
910	295
911	406
912	755
913	693
914	334
915	264
916	965
917	784
918	616
919	182
920	922
921	298
922	541
923	339
924	898
925	516
926	84
927	662
928	882
929	980
930	278
931	412
932	973
933	470
934	331
935	28
936	810
937	655
938	619
939	770
940	530
941	380
942	722
943	321
944	242
945	603
946	118
947	296
948	387
949	142
950	490
951	988
952	16
953	888
954	200
955	294
956	960
957	348
958	420
959	601
960	633
961	520
962	326
963	793
964	471
965	771
966	930
967	837
968	282
969	531
970	265
971	980
972	996
973	727
974	7
975	771
976	680
977	813
978	725
979	15
980	671
981	540
982	359
983	339
984	954
985	933
986	55
987	299
988	638
989	627
990	896
991	476
992	374
993	612
994	174
995	44
996	71
997	248
998	486
999	260
1000	868
1001	758
1002	436
1003	673
1004	574
1005	790
1006	765
1007	109
1008	361
1009	988
1010	114
1011	305
1012	1000
1013	536
1014	418
1015	949
1016	449
1017	976
1018	502
1019	450
1020	723
1021	514
1022	257
1023	165
1024	672
1025	319
1026	347
1027	862
1028	510
1029	550
1030	971
1031	11
1032	647
1033	408
1034	623
1035	934
1036	28
1037	935
1038	923
1039	931
1040	504
1041	241
1042	246
1043	282
1044	353
1045	316
1046	880
1047	341
1048	663
1049	897
1050	294
1051	982
1052	757
1053	293
1054	837
1055	606
1056	457
1057	582
1058	178
1059	897
1060	269
1061	127
1062	104
1063	133
1064	545
1065	434
1066	915
1067	908
1068	467
1069	195
1070	360
1071	855
1072	355
1073	421
1074	632
1075	681
1076	872
1077	624
1078	966
1079	379
1080	326
1081	24
1082	936
1083	985
1084	974
1085	42
1086	615
1087	253
1088	305
1089	70
1090	602
1091	105
1092	327
1093	55
1094	459
1095	175
1096	260
1097	626
1098	149
1099	568
1100	662
1101	807
1102	492
1103	882
1104	33
1105	641
1106	375
1107	272
1108	570
1109	446
1110	20
1111	180
1112	840
1113	745
1114	694
1115	780
1116	696
1117	144
1118	597
1119	471
1120	659
1121	776
1122	296
1123	496
1124	852
1125	304
1126	240
1127	674
1128	591
1129	898
1130	329
1131	577
1132	978
1133	122
1134	189
1135	116
1136	985
1137	619
1138	777
1139	844
1140	549
1141	692
1142	218
1143	159
1144	342
1145	285
1146	125
1147	42
1148	795
1149	421
1150	133
1151	514
1152	968
1153	892
1154	328
1155	943
1156	185
1157	813
1158	37
1159	358
1160	741
1161	917
1162	908
1163	598
1164	906
1165	156
1166	435
1167	610
1168	271
1169	110
1170	63
1171	462
1172	571
1173	653
1174	41
1175	613
1176	805
1177	177
1178	23
1179	310
1180	208
1181	262
1182	676
1183	407
1184	266
1185	271
1186	817
1187	368
1188	179
1189	600
1190	365
1191	646
1192	52
1193	491
1194	821
1195	73
1196	515
1197	659
1198	43
1199	808
1200	141
1201	881
1202	844
1203	790
1204	384
1205	440
1206	799
1207	406
1208	487
1209	832
1210	791
1211	395
1212	950
1213	822
1214	77
1215	80
1216	273
1217	703
1218	6
1219	646
1220	376
1221	287
1222	981
1223	430
1224	221
1225	722
1226	787
1227	994
1228	682
1229	429
1230	387
1231	474
1232	106
1233	113
1234	191
1235	566
1236	491
1237	564
1238	94
1239	304
1240	643
1241	517
1242	753
1243	584
1244	337
1245	350
1246	351
1247	457
1248	747
1249	322
1250	886
1251	697
1252	383
1253	604
1254	136
1255	224
1256	355
1257	198
1258	959
1259	211
1260	597
1261	33
1262	95
1263	970
1264	175
1265	468
1266	776
1267	716
1268	470
1269	753
1270	538
1271	384
1272	793
1273	247
1274	524
1275	634
1276	322
1277	853
1278	809
1279	489
1280	482
1281	531
1282	952
1283	611
1284	580
1285	466
1286	272
1287	515
1288	666
1289	403
1290	358
1291	423
1292	574
1293	689
1294	900
1295	267
1296	396
1297	986
1298	661
1299	502
1300	762
1301	826
1302	982
1303	254
1304	475
1305	562
1306	182
1307	456
1308	881
1309	594
1310	815
1311	95
1312	765
1313	292
1314	990
1315	472
1316	809
1317	854
1318	414
1319	277
1320	888
1321	800
1322	589
1323	904
1324	884
1325	54
1326	827
1327	310
1328	207
1329	718
1330	27
1331	445
1332	438
1333	751
1334	575
1335	829
1336	443
1337	699
1338	72
1339	132
1340	191
1341	193
1342	783
1343	36
1344	86
1345	715
1346	708
1347	909
1348	705
1349	447
1350	244
1351	232
1352	190
1353	550
1354	508
1355	240
1356	795
1357	177
1358	445
1359	751
1360	48
1361	213
1362	824
1363	845
1364	36
1365	941
1366	141
1367	579
1368	280
1369	822
1370	458
1371	823
1372	18
1373	131
1374	338
1375	53
1376	448
1377	19
1378	511
1379	207
1380	681
1381	497
1382	974
1383	701
1384	752
1385	553
1386	542
1387	367
1388	412
1389	997
1390	783
1391	45
1392	417
1393	93
1394	688
1395	168
1396	526
1397	280
1398	560
1399	794
1400	451
1401	971
1402	302
1403	927
1404	23
1405	301
1406	401
1407	929
1408	278
1409	107
1410	251
1411	648
1412	512
1413	44
1414	363
1415	592
1416	163
1417	224
1418	977
1419	840
1420	755
1421	213
1422	569
1423	176
1424	604
1425	762
1426	721
1427	205
1428	513
1429	858
1430	913
1431	981
1432	927
1433	43
1434	130
1435	772
1436	26
1437	709
1438	313
1439	995
1440	194
1441	89
1442	846
1443	591
1444	56
1445	108
1446	928
1447	178
1448	671
1449	97
1450	219
1451	559
1452	449
1453	317
1454	334
1455	946
1456	171
1457	429
1458	219
1459	157
1460	312
1461	673
1462	523
1463	580
1464	215
1465	145
1466	537
1467	51
1468	111
1469	954
1470	816
1471	1000
1472	511
1473	798
1474	919
1475	39
1476	754
1477	500
1478	479
1479	46
1480	3
1481	801
1482	512
1483	292
1484	539
1485	62
1486	984
1487	788
1488	446
1489	103
1490	126
1491	264
1492	343
1493	231
1494	774
1495	726
1496	169
1497	405
1498	638
1499	500
1500	400
1501	227
1502	952
1503	941
1504	838
1505	369
1506	915
1507	925
1508	187
1509	245
1510	684
1511	315
1512	763
1513	54
1514	129
1515	143
1516	161
1517	137
1518	8
1519	134
1520	998
1521	712
1522	465
1523	720
1524	507
1525	558
1526	734
1527	432
1528	439
1529	102
1530	901
1531	450
1532	6
1533	263
1534	769
1535	684
1536	544
1537	422
1538	88
1539	434
1540	950
1541	365
1542	417
1543	308
1544	836
1545	247
1546	349
1547	666
1548	547
1549	126
1550	416
1551	628
1552	184
1553	824
1554	299
1555	849
1556	160
1557	934
1558	775
1559	733
1560	510
1561	494
1562	798
1563	176
1564	131
1565	120
1566	973
1567	598
1568	733
1569	522
1570	767
1571	461
1572	257
1573	341
1574	293
1575	267
1576	938
1577	779
1578	17
1579	850
1580	309
1581	139
1582	506
1583	143
1584	371
1585	134
1586	314
1587	313
1588	803
1589	680
1590	775
1591	853
1592	566
1593	697
1594	704
1595	527
1596	308
1597	990
1598	874
1599	291
1600	836
1601	101
1602	88
1603	388
1604	367
1605	573
1606	968
1607	12
1608	583
1609	640
1610	422
1611	788
1612	168
1613	204
1614	152
1615	354
1616	255
1617	773
1618	575
1619	675
1620	658
1621	943
1622	252
1623	2
1624	847
1625	371
1626	314
1627	81
1628	89
1629	380
1630	356
1631	528
1632	620
1633	989
1634	634
1635	173
1636	668
1637	360
1638	858
1639	10
1640	11
1641	366
1642	815
1643	19
1644	738
1645	227
1646	402
1647	614
1648	571
1649	158
1650	231
1651	522
1652	242
1653	920
1654	944
1655	792
1656	108
1657	183
1658	960
1659	110
1660	606
1661	197
1662	766
1663	698
1664	734
1665	362
1666	356
1667	189
1668	767
1669	21
1670	961
1671	797
1672	259
1673	202
1674	919
1675	50
1676	944
1677	682
1678	480
1679	184
1680	863
1681	524
1682	59
1683	555
1684	685
1685	928
1686	107
1687	648
1688	209
1689	996
1690	602
1691	132
1692	373
1693	459
1694	847
1695	56
1696	386
1697	2
1698	930
1699	14
1700	73
1701	567
1702	696
1703	169
1704	918
1705	352
1706	433
1707	454
1708	711
1709	10
1710	343
1711	200
1712	442
1713	439
1714	413
1715	236
1716	413
1717	210
1718	205
1719	931
1720	878
1721	69
1722	432
1723	357
1724	503
1725	792
1726	409
1727	590
1728	620
1729	995
1730	83
1731	163
1732	693
1733	967
1734	594
1735	415
1736	703
1737	221
1738	845
1739	596
1740	154
1741	275
1742	785
1743	962
1744	977
1745	173
1746	686
1747	117
1748	486
1749	499
1750	8
1751	747
1752	288
1753	880
1754	460
1755	174
1756	830
1757	961
1758	706
1759	581
1760	538
1761	828
1762	477
1763	258
1764	677
1765	718
1766	393
1767	576
1768	115
1769	312
1770	806
1771	527
1772	893
1773	914
1774	148
1775	827
1776	286
1777	451
1778	555
1779	904
1780	694
1781	303
1782	489
1783	621
1784	4
1785	397
1786	557
1787	425
1788	425
1789	816
1790	388
1791	523
1792	551
1793	942
1794	945
1795	714
1796	261
1797	146
1798	854
1799	979
1800	976
1801	29
1802	818
1803	47
1804	563
1805	679
1806	193
1807	701
1808	625
1809	407
1810	448
1811	528
1812	657
1813	411
1814	700
1815	235
1816	320
1817	993
1818	997
1819	250
1820	397
1821	218
1822	480
1823	303
1824	120
1825	874
1826	956
1827	210
1828	488
1829	485
1830	526
1831	561
1832	233
1833	537
1834	386
1835	263
1836	731
1837	461
1838	214
1839	302
1840	337
1841	959
1842	707
1843	220
1844	842
1845	485
1846	910
1847	328
1848	519
1849	942
1850	533
1851	39
1852	903
1853	160
1854	962
1855	949
1856	46
1857	477
1858	130
1859	357
1860	47
1861	499
1862	741
1863	525
1864	311
1865	884
1866	288
1867	625
1868	926
1869	362
1870	856
1871	516
1872	41
1873	61
1874	194
1875	144
1876	902
1877	318
1878	842
1879	404
1880	558
1881	689
1882	259
1883	721
1884	925
1885	806
1886	119
1887	553
1888	158
1889	710
1890	14
1891	111
1892	393
1893	437
1894	436
1895	137
1896	969
1897	993
1898	628
1899	710
1900	281
1901	171
1902	796
1903	212
1904	656
1905	63
1906	155
1907	428
1908	570
1909	617
1910	479
1911	349
1912	905
1913	377
1914	255
1915	656
1916	622
1917	687
1918	508
1919	484
1920	640
1921	926
1922	685
1923	905
1924	155
1925	705
1926	830
1927	214
1928	286
1929	324
1930	567
1931	707
1932	112
1933	281
1934	622
1935	551
1936	772
1937	687
1938	644
1939	616
1940	658
1941	750
1942	256
1943	979
1944	750
1945	410
1946	97
1947	185
1948	124
1949	657
1950	268
1951	165
1952	937
1953	233
1954	998
1955	644
1956	69
1957	253
1958	321
1959	834
1960	301
1961	209
1962	411
1963	576
1964	929
1965	335
1966	829
1967	910
1968	936
1969	535
1970	505
1971	124
1972	923
1973	428
1974	335
1975	766
1976	967
1977	546
1978	91
1979	258
1980	505
1981	373
1982	232
1983	540
1984	71
1985	545
1986	4
1987	91
1988	460
1989	220
1990	454
1991	443
1992	186
1993	535
1994	817
1995	186
1996	865
1997	488
1998	268
1999	758
2000	805
