Class Times	80
Rooms	40
1	872
2	826
3	835
4	946
5	532
6	35
7	309
8	193
9	365
10	307
11	147
12	844
13	552
14	83
15	658
16	847
17	442
18	603
19	639
20	325
21	835
22	41
23	326
24	632
25	199
26	162
27	379
28	998
29	306
30	128
31	978
32	661
33	254
34	357
35	692
36	834
37	707
38	49
39	935
40	532
Classes	2000
Teachers	1000
1	494
2	67
3	539
4	33
5	208
6	360
7	410
8	820
9	166
10	563
11	769
12	432
13	331
14	934
15	188
16	609
17	362
18	706
19	151
20	205
21	568
22	112
23	96
24	988
25	105
26	213
27	570
28	604
29	962
30	696
31	623
32	533
33	483
34	639
35	137
36	615
37	3
38	687
39	15
40	463
41	234
42	124
43	921
44	199
45	77
46	654
47	344
48	222
49	376
50	497
51	636
52	117
53	538
54	131
55	371
56	104
57	140
58	192
59	885
60	123
61	198
62	884
63	525
64	555
65	508
66	570
67	515
68	751
69	637
70	964
71	915
72	782
73	111
74	675
75	206
76	737
77	308
78	492
79	145
80	327
81	113
82	136
83	679
84	625
85	819
86	753
87	589
88	370
89	986
90	941
91	815
92	17
93	138
94	755
95	953
96	583
97	733
98	47
99	509
100	436
101	731
102	624
103	142
104	526
105	226
106	346
107	348
108	803
109	789
110	333
111	953
112	726
113	802
114	366
115	11
116	79
117	765
118	48
119	604
120	773
121	146
122	133
123	883
124	692
125	443
126	40
127	913
128	9
129	821
130	84
131	504
132	33
133	601
134	516
135	775
136	627
137	478
138	536
139	353
140	396
141	148
142	879
143	670
144	302
145	918
146	204
147	937
148	464
149	291
150	938
151	106
152	784
153	693
154	483
155	341
156	636
157	902
158	322
159	262
160	257
161	847
162	727
163	155
164	231
165	729
166	862
167	638
168	611
169	756
170	561
171	221
172	882
173	549
174	69
175	136
176	253
177	732
178	329
179	708
180	251
181	641
182	877
183	874
184	449
185	240
186	160
187	842
188	506
189	202
190	735
191	975
192	749
193	96
194	755
195	30
196	900
197	449
198	774
199	740
200	485
201	981
202	942
203	218
204	168
205	194
206	203
207	892
208	924
209	991
210	225
211	66
212	398
213	615
214	336
215	26
216	193
217	682
218	66
219	929
220	499
221	791
222	620
223	26
224	727
225	262
226	384
227	687
228	368
229	344
230	840
231	949
232	594
233	170
234	811
235	192
236	398
237	157
238	240
239	804
240	735
241	259
242	578
243	467
244	14
245	748
246	617
247	743
248	854
249	203
250	508
251	809
252	510
253	310
254	611
255	384
256	415
257	544
258	488
259	664
260	599
261	839
262	284
263	404
264	951
265	19
266	959
267	442
268	696
269	50
270	802
271	57
272	708
273	390
274	427
275	475
276	183
277	957
278	473
279	997
280	439
281	57
282	731
283	938
284	575
285	113
286	668
287	620
288	32
289	131
290	806
291	907
292	786
293	510
294	178
295	168
296	542
297	503
298	1000
299	640
300	434
301	21
302	360
303	999
304	95
305	652
306	573
307	841
308	130
309	49
310	753
311	98
312	618
313	848
314	907
315	376
316	552
317	629
318	155
319	583
320	664
321	119
322	854
323	599
324	236
325	622
326	99
327	995
328	173
329	299
330	540
331	587
332	121
333	366
334	593
335	990
336	747
337	463
338	186
339	642
340	171
341	827
342	194
343	633
344	121
345	357
346	270
347	235
348	963
349	929
350	610
351	701
352	530
353	369
354	229
355	661
356	87
357	853
358	411
359	266
360	298
361	345
362	794
363	91
364	353
365	672
366	942
367	947
368	282
369	86
370	772
371	290
372	388
373	710
374	784
375	821
376	737
377	757
378	284
379	618
380	738
381	95
382	603
383	364
384	834
385	567
386	196
387	751
388	867
389	178
390	952
391	457
392	212
393	850
394	60
395	486
396	692
397	767
398	804
399	838
400	297
401	73
402	697
403	954
404	614
405	601
406	689
407	712
408	331
409	27
410	417
411	13
412	381
413	791
414	571
415	296
416	464
417	496
418	653
419	358
420	597
421	137
422	174
423	263
424	499
425	795
426	892
427	768
428	653
429	190
430	65
431	220
432	697
433	978
434	897
435	171
436	299
437	381
438	56
439	532
440	182
441	794
442	241
443	414
444	560
445	281
446	309
447	795
448	994
449	960
450	320
451	961
452	934
453	310
454	746
455	63
456	891
457	159
458	317
459	176
460	72
461	346
462	456
463	785
464	101
465	940
466	637
467	967
468	861
469	141
470	928
471	71
472	433
473	141
474	492
475	295
476	290
477	627
478	738
479	431
480	48
481	493
482	484
483	563
484	462
485	362
486	423
487	619
488	593
489	642
490	378
491	425
492	781
493	469
494	827
495	763
496	484
497	447
498	201
499	671
500	792
501	914
502	195
503	135
504	945
505	30
506	695
507	34
508	972
509	340
510	79
511	988
512	816
513	40
514	368
515	175
516	8
517	55
518	52
519	984
520	78
521	490
522	301
523	263
524	995
525	757
526	425
527	695
528	90
529	749
530	833
531	19
532	797
533	790
534	935
535	111
536	108
537	448
538	350
539	175
540	937
541	145
542	197
543	395
544	114
545	108
546	724
547	943
548	857
549	478
550	744
551	659
552	34
553	779
554	104
555	447
556	962
557	725
558	773
559	12
560	805
561	405
562	769
563	567
564	35
565	116
566	185
567	885
568	132
569	350
570	832
571	357
572	177
573	477
574	722
575	53
576	493
577	229
578	930
579	185
580	144
581	762
582	88
583	143
584	289
585	778
586	169
587	899
588	160
589	911
590	314
591	41
592	579
593	460
594	359
595	349
596	952
597	270
598	130
599	565
600	218
601	914
602	53
603	577
604	356
605	878
606	365
607	25
608	441
609	75
610	700
611	219
612	354
613	718
614	741
615	244
616	224
617	197
618	944
619	943
620	359
621	235
622	78
623	733
624	397
625	634
626	267
627	170
628	233
629	154
630	969
631	363
632	333
633	22
634	402
635	662
636	122
637	445
638	105
639	672
640	206
641	745
642	897
643	750
644	752
645	505
646	371
647	678
648	243
649	172
650	201
651	883
652	84
653	439
654	401
655	292
656	552
657	809
658	849
659	596
660	437
661	665
662	939
663	713
664	976
665	881
666	451
667	670
668	629
669	322
670	2
671	204
672	776
673	300
674	191
675	822
676	571
677	779
678	292
679	294
680	978
681	667
682	584
683	417
684	678
685	923
686	538
687	829
688	560
689	973
690	92
691	487
692	315
693	148
694	771
695	432
696	502
697	202
698	300
699	848
700	98
701	878
702	120
703	665
704	894
705	102
706	251
707	453
708	373
709	13
710	45
711	513
712	932
713	705
714	921
715	520
716	823
717	433
718	268
719	247
720	238
721	375
722	648
723	273
724	154
725	250
726	161
727	940
728	134
729	91
730	745
731	174
732	651
733	487
734	411
735	527
736	754
737	20
738	460
739	931
740	386
741	577
742	888
743	624
744	504
745	380
746	793
747	289
748	405
749	805
750	352
751	530
752	265
753	25
754	569
755	52
756	746
757	77
758	466
759	612
760	280
761	839
762	726
763	592
764	719
765	756
766	307
767	643
768	950
769	925
770	383
771	714
772	233
773	436
774	291
775	893
776	228
777	651
778	876
779	247
780	668
781	634
782	656
783	342
784	183
785	252
786	533
787	469
788	586
789	874
790	906
791	961
792	10
793	196
794	260
795	545
796	648
797	140
798	647
799	455
800	853
801	273
802	835
803	254
804	255
805	387
806	840
807	832
808	17
809	721
810	419
811	690
812	763
813	658
814	609
815	445
816	957
817	644
818	88
819	614
820	152
821	830
822	50
823	179
824	826
825	683
826	448
827	68
828	199
829	497
830	994
831	580
832	61
833	645
834	714
835	623
836	547
837	834
838	86
839	214
840	80
841	928
842	87
843	947
844	536
845	394
846	244
847	365
848	20
849	983
850	408
851	225
852	715
853	162
854	722
855	683
856	553
857	706
858	261
859	308
860	766
861	354
862	164
863	564
864	576
865	489
866	635
867	884
868	29
869	977
870	228
871	274
872	964
873	632
874	309
875	352
876	92
877	397
878	142
879	426
880	507
881	811
882	410
883	793
884	427
885	800
886	871
887	189
888	43
889	521
890	715
891	951
892	31
893	169
894	187
895	378
896	488
897	418
898	314
899	980
900	521
901	302
902	486
903	712
904	401
905	578
906	133
907	232
908	190
909	261
910	539
911	833
912	686
913	518
914	770
915	768
916	216
917	457
918	481
919	216
920	936
921	666
922	404
923	856
924	415
925	296
926	917
927	596
928	965
929	789
930	863
931	613
932	94
933	164
934	743
935	720
936	734
937	455
938	65
939	211
940	977
941	437
942	450
943	400
944	295
945	931
946	319
947	850
948	407
949	747
950	542
951	1
952	765
953	28
954	147
955	890
956	526
957	315
958	502
959	660
960	797
961	606
962	969
963	59
964	895
965	574
966	99
967	106
968	900
969	709
970	525
971	259
972	920
973	76
974	9
975	213
976	851
977	855
978	559
979	803
980	787
981	915
982	752
983	920
984	474
985	451
986	875
987	968
988	748
989	28
990	391
991	613
992	328
993	69
994	408
995	8
996	56
997	383
998	361
999	640
1000	243
1001	210
1002	657
1003	489
1004	282
1005	631
1006	402
1007	955
1008	844
1009	278
1010	3
1011	42
1012	556
1013	916
1014	441
1015	58
1016	67
1017	813
1018	699
1019	100
1020	869
1021	545
1022	725
1023	80
1024	63
1025	924
1026	543
1027	524
1028	822
1029	716
1030	237
1031	151
1032	236
1033	628
1034	551
1035	12
1036	555
1037	60
1038	325
1039	716
1040	47
1041	676
1042	846
1043	118
1044	709
1045	783
1046	120
1047	345
1048	616
1049	55
1050	986
1051	721
1052	644
1053	205
1054	998
1055	182
1056	446
1057	739
1058	423
1059	649
1060	214
1061	429
1062	713
1063	975
1064	941
1065	912
1066	633
1067	279
1068	529
1069	659
1070	391
1071	770
1072	890
1073	741
1074	676
1075	622
1076	561
1077	694
1078	35
1079	481
1080	830
1081	556
1082	238
1083	774
1084	49
1085	873
1086	234
1087	379
1088	887
1089	660
1090	256
1091	338
1092	703
1093	146
1094	661
1095	396
1096	347
1097	339
1098	796
1099	153
1100	426
1101	860
1102	256
1103	635
1104	450
1105	438
1106	373
1107	807
1108	656
1109	750
1110	5
1111	109
1112	603
1113	513
1114	311
1115	863
1116	580
1117	617
1118	960
1119	1
1120	255
1121	323
1122	338
1123	971
1124	246
1125	800
1126	917
1127	440
1128	594
1129	374
1130	858
1131	363
1132	41
1133	336
1134	987
1135	313
1136	277
1137	837
1138	36
1139	386
1140	927
1141	268
1142	864
1143	438
1144	788
1145	138
1146	332
1147	901
1148	595
1149	701
1150	628
1151	490
1152	597
1153	588
1154	865
1155	742
1156	257
1157	232
1158	818
1159	826
1160	974
1161	575
1162	662
1163	70
1164	361
1165	126
1166	704
1167	984
1168	598
1169	475
1170	132
1171	547
1172	674
1173	459
1174	351
1175	828
1176	172
1177	109
1178	968
1179	783
1180	906
1181	718
1182	102
1183	927
1184	573
1185	304
1186	400
1187	898
1188	859
1189	865
1190	21
1191	286
1192	537
1193	777
1194	189
1195	910
1196	517
1197	626
1198	606
1199	157
1200	739
1201	667
1202	458
1203	845
1204	184
1205	608
1206	814
1207	32
1208	796
1209	444
1210	269
1211	981
1212	347
1213	798
1214	494
1215	626
1216	771
1217	680
1218	728
1219	498
1220	777
1221	861
1222	472
1223	898
1224	134
1225	200
1226	265
1227	45
1228	231
1229	139
1230	435
1231	343
1232	581
1233	558
1234	388
1235	565
1236	882
1237	704
1238	649
1239	377
1240	379
1241	823
1242	674
1243	742
1244	515
1245	144
1246	869
1247	516
1248	527
1249	29
1250	991
1251	729
1252	576
1253	572
1254	149
1255	181
1256	507
1257	876
1258	903
1259	825
1260	825
1261	496
1262	272
1263	632
1264	625
1265	574
1266	844
1267	972
1268	476
1269	688
1270	652
1271	723
1272	932
1273	679
1274	881
1275	605
1276	966
1277	864
1278	70
1279	242
1280	562
1281	983
1282	462
1283	74
1284	466
1285	403
1286	420
1287	891
1288	392
1289	152
1290	973
1291	301
1292	677
1293	517
1294	540
1295	532
1296	395
1297	639
1298	312
1299	673
1300	81
1301	431
1302	418
1303	27
1304	512
1305	112
1306	956
1307	245
1308	595
1309	812
1310	429
1311	837
1312	663
1313	754
1314	621
1315	187
1316	1000
1317	673
1318	654
1319	799
1320	125
1321	589
1322	22
1323	734
1324	889
1325	870
1326	313
1327	245
1328	543
1329	501
1330	380
1331	902
1332	965
1333	458
1334	165
1335	872
1336	186
1337	877
1338	332
1339	285
1340	922
1341	297
1342	992
1343	46
1344	764
1345	165
1346	586
1347	406
1348	566
1349	248
1350	444
1351	849
1352	37
1353	72
1354	330
1355	916
1356	59
1357	250
1358	971
1359	285
1360	44
1361	520
1362	18
1363	64
1364	705
1365	621
1366	602
1367	208
1368	321
1369	910
1370	83
1371	198
1372	958
1373	177
1374	866
1375	44
1376	495
1377	860
1378	226
1379	166
1380	82
1381	5
1382	744
1383	298
1384	764
1385	306
1386	176
1387	477
1388	501
1389	159
1390	453
1391	117
1392	546
1393	340
1394	817
1395	836
1396	369
1397	364
1398	736
1399	588
1400	728
1401	319
1402	711
1403	156
1404	193
1405	904
1406	413
1407	31
1408	736
1409	535
1410	817
1411	68
1412	334
1413	842
1414	498
1415	495
1416	935
1417	776
1418	948
1419	686
1420	980
1421	15
1422	534
1423	512
1424	279
1425	810
1426	559
1427	64
1428	341
1429	223
1430	385
1431	896
1432	94
1433	523
1434	283
1435	875
1436	909
1437	101
1438	304
1439	813
1440	579
1441	18
1442	710
1443	358
1444	896
1445	584
1446	669
1447	393
1448	699
1449	260
1450	147
1451	693
1452	428
1453	356
1454	139
1455	758
1456	90
1457	930
1458	220
1459	83
1460	173
1461	394
1462	406
1463	531
1464	163
1465	294
1466	569
1467	503
1468	227
1469	217
1470	759
1471	150
1472	467
1473	815
1474	7
1475	382
1476	845
1477	10
1478	81
1479	479
1480	819
1481	681
1482	246
1483	465
1484	786
1485	894
1486	149
1487	740
1488	385
1489	780
1490	836
1491	926
1492	470
1493	348
1494	459
1495	566
1496	97
1497	581
1498	524
1499	908
1500	36
1501	880
1502	867
1503	828
1504	24
1505	506
1506	37
1507	24
1508	471
1509	212
1510	275
1511	608
1512	409
1513	807
1514	209
1515	831
1516	855
1517	685
1518	554
1519	912
1520	161
1521	409
1522	974
1523	904
1524	412
1525	328
1526	535
1527	97
1528	720
1529	446
1530	871
1531	303
1532	866
1533	829
1534	188
1535	798
1536	414
1537	887
1538	856
1539	859
1540	403
1541	122
1542	320
1543	392
1544	509
1545	2
1546	610
1547	293
1548	590
1549	689
1550	372
1551	544
1552	387
1553	237
1554	124
1555	184
1556	666
1557	946
1558	277
1559	316
1560	996
1561	553
1562	954
1563	989
1564	452
1565	607
1566	412
1567	550
1568	546
1569	276
1570	443
1571	474
1572	600
1573	283
1574	278
1575	93
1576	472
1577	939
1578	948
1579	852
1580	46
1581	125
1582	305
1583	949
1584	305
1585	74
1586	985
1587	549
1588	413
1589	759
1590	280
1591	801
1592	430
1593	452
1594	374
1595	324
1596	312
1597	367
1598	963
1599	242
1600	638
1601	421
1602	548
1603	908
1604	719
1605	511
1606	442
1607	324
1608	919
1609	607
1610	264
1611	616
1612	325
1613	230
1614	778
1615	127
1616	997
1617	761
1618	62
1619	993
1620	276
1621	996
1622	258
1623	782
1624	955
1625	913
1626	675
1627	153
1628	456
1629	663
1630	393
1631	85
1632	272
1633	200
1634	647
1635	118
1636	321
1637	657
1638	11
1639	702
1640	342
1641	468
1642	293
1643	241
1644	998
1645	990
1646	23
1647	681
1648	847
1649	195
1650	207
1651	945
1652	219
1653	307
1654	591
1655	480
1656	248
1657	958
1658	223
1659	275
1660	700
1661	814
1662	335
1663	529
1664	723
1665	428
1666	191
1667	979
1668	982
1669	143
1670	58
1671	671
1672	43
1673	808
1674	316
1675	239
1676	163
1677	717
1678	16
1679	641
1680	999
1681	816
1682	831
1683	470
1684	14
1685	128
1686	630
1687	110
1688	179
1689	327
1690	62
1691	4
1692	944
1693	473
1694	518
1695	485
1696	760
1697	103
1698	551
1699	643
1700	123
1701	476
1702	281
1703	129
1704	684
1705	370
1706	334
1707	537
1708	879
1709	335
1710	71
1711	514
1712	110
1713	717
1714	758
1715	893
1716	180
1717	868
1718	762
1719	669
1720	909
1721	286
1722	582
1723	303
1724	799
1725	116
1726	630
1727	785
1728	519
1729	51
1730	950
1731	51
1732	162
1733	129
1734	841
1735	925
1736	851
1737	221
1738	311
1739	274
1740	82
1741	967
1742	7
1743	126
1744	835
1745	772
1746	790
1747	824
1748	808
1749	407
1750	923
1751	465
1752	548
1753	181
1754	258
1755	351
1756	254
1757	264
1758	528
1759	514
1760	992
1761	767
1762	511
1763	970
1764	926
1765	658
1766	889
1767	480
1768	766
1769	691
1770	760
1771	987
1772	267
1773	810
1774	852
1775	631
1776	93
1777	115
1778	329
1779	843
1780	85
1781	730
1782	846
1783	419
1784	209
1785	690
1786	271
1787	903
1788	500
1789	619
1790	424
1791	523
1792	541
1793	500
1794	323
1795	180
1796	858
1797	694
1798	680
1799	528
1800	698
1801	337
1802	531
1803	534
1804	222
1805	911
1806	703
1807	479
1808	691
1809	946
1810	135
1811	61
1812	582
1813	677
1814	103
1815	868
1816	650
1817	230
1818	985
1819	339
1820	838
1821	899
1822	430
1823	115
1824	956
1825	655
1826	558
1827	382
1828	820
1829	482
1830	389
1831	207
1832	600
1833	976
1834	592
1835	227
1836	421
1837	682
1838	337
1839	959
1840	870
1841	905
1842	568
1843	711
1844	128
1845	857
1846	215
1847	541
1848	880
1849	211
1850	505
1851	886
1852	970
1853	806
1854	788
1855	253
1856	918
1857	114
1858	4
1859	349
1860	650
1861	355
1862	107
1863	598
1864	156
1865	54
1866	390
1867	252
1868	780
1869	75
1870	215
1871	591
1872	702
1873	330
1874	434
1875	420
1876	872
1877	416
1878	306
1879	343
1880	318
1881	367
1882	435
1883	707
1884	993
1885	389
1886	127
1887	318
1888	933
1889	685
1890	761
1891	901
1892	377
1893	818
1894	6
1895	655
1896	895
1897	550
1898	688
1899	684
1900	888
1901	557
1902	217
1903	119
1904	317
1905	158
1906	38
1907	730
1908	824
1909	886
1910	89
1911	416
1912	100
1913	781
1914	562
1915	39
1916	73
1917	355
1918	89
1919	612
1920	158
1921	38
1922	732
1923	372
1924	922
1925	150
1926	326
1927	572
1928	564
1929	645
1930	587
1931	590
1932	271
1933	989
1934	375
1935	936
1936	54
1937	905
1938	966
1939	775
1940	707
1941	519
1942	585
1943	982
1944	919
1945	224
1946	491
1947	491
1948	107
1949	979
1950	585
1951	792
1952	249
1953	454
1954	76
1955	16
1956	39
1957	288
1958	288
1959	554
1960	461
1961	605
1962	801
1963	862
1964	843
1965	787
1966	326
1967	422
1968	812
1969	239
1970	210
1971	440
1972	933
1973	454
1974	698
1975	461
1976	6
1977	724
1978	602
1979	167
1980	471
1981	646
1982	249
1983	287
1984	399
1985	266
1986	424
1987	399
1988	422
1989	522
1990	23
1991	646
1992	873
1993	287
1994	522
1995	482
1996	468
1997	557
1998	42
1999	269
2000	167
