Class Times	80
Rooms	40
1	510
2	755
3	293
4	715
5	29
6	444
7	901
8	160
9	675
10	286
11	667
12	718
13	747
14	995
15	418
16	200
17	368
18	149
19	963
20	616
21	741
22	26
23	909
24	467
25	41
26	185
27	460
28	842
29	836
30	540
31	393
32	737
33	556
34	939
35	720
36	892
37	118
38	314
39	864
40	437
Classes	2000
Teachers	1000
1	422
2	877
3	646
4	330
5	809
6	219
7	210
8	600
9	92
10	634
11	156
12	993
13	426
14	483
15	116
16	626
17	478
18	415
19	396
20	294
21	175
22	364
23	615
24	728
25	761
26	129
27	866
28	294
29	192
30	418
31	513
32	121
33	21
34	24
35	210
36	444
37	795
38	259
39	39
40	650
41	61
42	836
43	377
44	667
45	50
46	694
47	212
48	575
49	36
50	40
51	488
52	758
53	712
54	658
55	768
56	158
57	125
58	661
59	11
60	929
61	330
62	740
63	934
64	680
65	556
66	252
67	793
68	663
69	930
70	272
71	4
72	503
73	753
74	39
75	80
76	988
77	232
78	875
79	451
80	866
81	211
82	980
83	907
84	662
85	795
86	88
87	262
88	138
89	11
90	434
91	141
92	757
93	850
94	191
95	301
96	390
97	535
98	413
99	23
100	612
101	798
102	632
103	734
104	250
105	51
106	961
107	265
108	145
109	555
110	522
111	25
112	190
113	292
114	990
115	642
116	78
117	958
118	507
119	517
120	589
121	93
122	48
123	525
124	706
125	451
126	958
127	420
128	128
129	404
130	875
131	15
132	472
133	110
134	816
135	844
136	351
137	743
138	276
139	154
140	747
141	906
142	634
143	604
144	507
145	256
146	783
147	200
148	903
149	734
150	309
151	725
152	107
153	54
154	839
155	97
156	972
157	396
158	763
159	887
160	986
161	453
162	724
163	91
164	937
165	184
166	358
167	629
168	49
169	45
170	261
171	898
172	967
173	144
174	138
175	736
176	277
177	307
178	422
179	967
180	708
181	421
182	104
183	108
184	44
185	553
186	282
187	134
188	108
189	290
190	573
191	351
192	244
193	623
194	465
195	426
196	72
197	628
198	371
199	508
200	254
201	644
202	88
203	853
204	698
205	602
206	6
207	605
208	296
209	571
210	462
211	759
212	738
213	308
214	208
215	160
216	325
217	969
218	274
219	733
220	395
221	929
222	243
223	399
224	187
225	704
226	118
227	582
228	135
229	695
230	403
231	762
232	226
233	893
234	263
235	924
236	557
237	661
238	622
239	421
240	349
241	42
242	573
243	863
244	457
245	380
246	473
247	406
248	801
249	598
250	998
251	743
252	614
253	550
254	271
255	424
256	504
257	187
258	2
259	77
260	247
261	616
262	787
263	732
264	492
265	281
266	150
267	730
268	462
269	604
270	103
271	963
272	569
273	331
274	962
275	367
276	823
277	993
278	367
279	479
280	477
281	619
282	412
283	313
284	538
285	863
286	135
287	940
288	306
289	996
290	278
291	817
292	845
293	555
294	859
295	606
296	211
297	592
298	284
299	612
300	930
301	242
302	3
303	149
304	57
305	261
306	298
307	513
308	359
309	154
310	219
311	357
312	471
313	757
314	686
315	477
316	355
317	659
318	964
319	218
320	944
321	601
322	278
323	394
324	52
325	5
326	275
327	22
328	177
329	332
330	971
331	587
332	703
333	222
334	51
335	350
336	839
337	266
338	959
339	153
340	269
341	583
342	303
343	724
344	936
345	509
346	302
347	853
348	696
349	811
350	224
351	527
352	700
353	536
354	526
355	297
356	606
357	802
358	694
359	553
360	170
361	515
362	616
363	767
364	3
365	149
366	854
367	423
368	92
369	716
370	163
371	25
372	972
373	646
374	888
375	377
376	406
377	577
378	527
379	173
380	466
381	895
382	511
383	644
384	711
385	105
386	222
387	170
388	669
389	539
390	208
391	45
392	916
393	482
394	759
395	545
396	292
397	273
398	356
399	565
400	357
401	279
402	475
403	249
404	146
405	129
406	381
407	567
408	497
409	281
410	403
411	98
412	112
413	643
414	926
415	322
416	596
417	435
418	134
419	280
420	693
421	810
422	742
423	161
424	964
425	244
426	224
427	673
428	371
429	816
430	453
431	130
432	737
433	818
434	493
435	296
436	899
437	124
438	93
439	132
440	226
441	671
442	574
443	391
444	419
445	388
446	284
447	316
448	696
449	779
450	141
451	217
452	399
453	744
454	460
455	949
456	264
457	889
458	326
459	401
460	411
461	80
462	98
463	346
464	2
465	47
466	643
467	482
468	618
469	423
470	168
471	566
472	469
473	626
474	905
475	651
476	266
477	215
478	13
479	547
480	285
481	716
482	674
483	909
484	434
485	945
486	886
487	349
488	578
489	269
490	166
491	858
492	356
493	26
494	194
495	395
496	344
497	528
498	717
499	479
500	43
501	767
502	951
503	529
504	130
505	885
506	843
507	563
508	692
509	941
510	509
511	19
512	455
513	971
514	762
515	6
516	978
517	617
518	318
519	506
520	571
521	565
522	237
523	42
524	803
525	988
526	431
527	620
528	586
529	308
530	968
531	178
532	250
533	915
534	848
535	274
536	774
537	285
538	981
539	548
540	758
541	889
542	627
543	280
544	986
545	457
546	401
547	860
548	332
549	302
550	239
551	287
552	677
553	545
554	957
555	159
556	727
557	605
558	331
559	190
560	449
561	906
562	850
563	974
564	983
565	595
566	737
567	779
568	722
569	870
570	790
571	238
572	275
573	560
574	922
575	388
576	23
577	761
578	766
579	218
580	229
581	105
582	742
583	862
584	242
585	194
586	728
587	675
588	223
589	57
590	827
591	690
592	857
593	87
594	645
595	137
596	478
597	469
598	562
599	633
600	153
601	282
602	515
603	685
604	719
605	707
606	20
607	641
608	886
609	782
610	892
611	502
612	854
613	672
614	810
615	146
616	903
617	268
618	428
619	16
620	561
621	550
622	112
623	807
624	752
625	234
626	610
627	348
628	684
629	435
630	408
631	933
632	354
633	691
634	878
635	437
636	309
637	310
638	921
639	710
640	505
641	22
642	975
643	673
644	474
645	580
646	350
647	85
648	717
649	497
650	521
651	641
652	715
653	720
654	908
655	777
656	425
657	905
658	419
659	609
660	927
661	638
662	731
663	812
664	272
665	72
666	891
667	820
668	732
669	859
670	841
671	372
672	969
673	601
674	671
675	681
676	617
677	512
678	488
679	727
680	157
681	892
682	676
683	158
684	18
685	578
686	951
687	563
688	311
689	985
690	440
691	214
692	770
693	735
694	823
695	276
696	800
697	161
698	28
699	973
700	831
701	35
702	693
703	402
704	760
705	489
706	884
707	184
708	511
709	524
710	933
711	852
712	695
713	987
714	960
715	168
716	28
717	480
718	202
719	286
720	882
721	815
722	14
723	939
724	342
725	662
726	193
727	714
728	49
729	659
730	273
731	531
732	630
733	104
734	171
735	554
736	209
737	360
738	835
739	879
740	987
741	150
742	31
743	441
744	708
745	131
746	722
747	230
748	101
749	751
750	17
751	209
752	926
753	982
754	293
755	73
756	739
757	472
758	176
759	237
760	549
761	17
762	784
763	746
764	913
765	954
766	311
767	888
768	936
769	303
770	84
771	46
772	32
773	857
774	248
775	882
776	408
777	343
778	60
779	298
780	147
781	658
782	496
783	46
784	117
785	519
786	165
787	64
788	366
789	961
790	251
791	726
792	891
793	791
794	38
795	329
796	259
797	551
798	918
799	9
800	400
801	541
802	983
803	404
804	227
805	877
806	73
807	814
808	900
809	502
810	355
811	773
812	327
813	498
814	394
815	912
816	160
817	633
818	262
819	67
820	407
821	52
822	984
823	613
824	631
825	865
826	528
827	831
828	719
829	114
830	702
831	461
832	503
833	692
834	806
835	301
836	970
837	654
838	157
839	512
840	449
841	715
842	557
843	833
844	498
845	85
846	59
847	908
848	277
849	496
850	747
851	991
852	881
853	245
854	799
855	744
856	683
857	207
858	914
859	414
860	31
861	366
862	720
863	946
864	346
865	159
866	530
867	456
868	297
869	328
870	344
871	944
872	911
873	77
874	18
875	391
876	467
877	425
878	126
879	228
880	235
881	901
882	389
883	999
884	458
885	235
886	645
887	750
888	518
889	865
890	818
891	621
892	107
893	295
894	858
895	554
896	412
897	133
898	896
899	814
900	808
901	916
902	603
903	649
904	411
905	602
906	75
907	837
908	852
909	199
910	978
911	723
912	450
913	145
914	128
915	855
916	53
917	163
918	920
919	632
920	862
921	123
922	341
923	485
924	883
925	20
926	691
927	535
928	322
929	142
930	827
931	455
932	452
933	913
934	448
935	456
936	360
937	41
938	182
939	773
940	796
941	667
942	361
943	8
944	924
945	69
946	84
947	223
948	876
949	155
950	101
951	714
952	885
953	569
954	125
955	241
956	637
957	260
958	698
959	631
960	362
961	290
962	283
963	165
964	305
965	710
966	812
967	580
968	393
969	589
970	486
971	368
972	418
973	702
974	552
975	982
976	228
977	256
978	215
979	561
980	846
981	867
982	291
983	575
984	370
985	521
986	974
987	454
988	335
989	603
990	939
991	796
992	176
993	117
994	270
995	265
996	619
997	873
998	268
999	738
1000	365
1001	466
1002	264
1003	935
1004	114
1005	354
1006	677
1007	24
1008	437
1009	629
1010	36
1011	897
1012	558
1013	977
1014	949
1015	781
1016	670
1017	471
1018	342
1019	874
1020	690
1021	704
1022	420
1023	627
1024	928
1025	966
1026	76
1027	736
1028	769
1029	675
1030	636
1031	680
1032	586
1033	893
1034	835
1035	966
1036	712
1037	687
1038	254
1039	665
1040	755
1041	329
1042	58
1043	54
1044	520
1045	220
1046	745
1047	778
1048	428
1049	975
1050	669
1051	915
1052	523
1053	203
1054	769
1055	519
1056	252
1057	647
1058	996
1059	450
1060	33
1061	957
1062	325
1063	803
1064	935
1065	86
1066	552
1067	868
1068	140
1069	348
1070	968
1071	152
1072	156
1073	271
1074	143
1075	26
1076	613
1077	652
1078	548
1079	911
1080	321
1081	834
1082	318
1083	336
1084	576
1085	786
1086	293
1087	730
1088	542
1089	713
1090	214
1091	807
1092	510
1093	143
1094	185
1095	339
1096	977
1097	701
1098	55
1099	27
1100	533
1101	953
1102	234
1103	735
1104	133
1105	799
1106	59
1107	372
1108	238
1109	864
1110	664
1111	336
1112	846
1113	345
1114	240
1115	288
1116	786
1117	686
1118	470
1119	745
1120	171
1121	191
1122	61
1123	358
1124	427
1125	927
1126	324
1127	777
1128	804
1129	537
1130	4
1131	38
1132	172
1133	390
1134	558
1135	393
1136	914
1137	167
1138	123
1139	525
1140	697
1141	963
1142	50
1143	229
1144	56
1145	505
1146	142
1147	43
1148	663
1149	583
1150	596
1151	842
1152	110
1153	83
1154	381
1155	755
1156	305
1157	30
1158	384
1159	980
1160	703
1161	648
1162	243
1163	436
1164	79
1165	196
1166	766
1167	380
1168	87
1169	763
1170	678
1171	560
1172	829
1173	10
1174	343
1175	523
1176	47
1177	193
1178	567
1179	587
1180	169
1181	239
1182	942
1183	652
1184	640
1185	207
1186	386
1187	58
1188	871
1189	713
1190	487
1191	723
1192	167
1193	660
1194	189
1195	299
1196	959
1197	746
1198	570
1199	774
1200	9
1201	635
1202	21
1203	317
1204	998
1205	825
1206	491
1207	37
1208	383
1209	33
1210	595
1211	484
1212	91
1213	607
1214	374
1215	307
1216	368
1217	840
1218	533
1219	483
1220	460
1221	547
1222	446
1223	136
1224	139
1225	198
1226	784
1227	202
1228	136
1229	490
1230	985
1231	179
1232	640
1233	374
1234	389
1235	152
1236	8
1237	204
1238	647
1239	287
1240	864
1241	465
1242	922
1243	837
1244	365
1245	172
1246	543
1247	299
1248	997
1249	801
1250	53
1251	790
1252	83
1253	870
1254	815
1255	898
1256	169
1257	919
1258	566
1259	225
1260	657
1261	960
1262	185
1263	379
1264	992
1265	233
1266	359
1267	984
1268	124
1269	520
1270	74
1271	833
1272	120
1273	173
1274	672
1275	628
1276	247
1277	937
1278	844
1279	684
1280	832
1281	182
1282	739
1283	540
1284	131
1285	534
1286	333
1287	851
1288	649
1289	424
1290	751
1291	236
1292	867
1293	82
1294	473
1295	375
1296	376
1297	531
1298	137
1299	103
1300	200
1301	636
1302	518
1303	883
1304	953
1305	41
1306	638
1307	199
1308	639
1309	480
1310	819
1311	934
1312	493
1313	609
1314	910
1315	7
1316	798
1317	189
1318	492
1319	417
1320	253
1321	486
1322	973
1323	181
1324	225
1325	991
1326	370
1327	845
1328	216
1329	506
1330	948
1331	765
1332	324
1333	570
1334	733
1335	317
1336	582
1337	847
1338	874
1339	369
1340	654
1341	445
1342	286
1343	7
1344	522
1345	608
1346	861
1347	847
1348	340
1349	474
1350	432
1351	398
1352	848
1353	461
1354	232
1355	29
1356	597
1357	955
1358	621
1359	780
1360	537
1361	345
1362	648
1363	398
1364	13
1365	227
1366	685
1367	856
1368	965
1369	639
1370	236
1371	267
1372	923
1373	386
1374	687
1375	400
1376	536
1377	660
1378	534
1379	917
1380	251
1381	794
1382	392
1383	542
1384	414
1385	204
1386	253
1387	241
1388	68
1389	579
1390	765
1391	599
1392	413
1393	164
1394	489
1395	392
1396	674
1397	834
1398	611
1399	132
1400	362
1401	756
1402	861
1403	956
1404	212
1405	650
1406	941
1407	140
1408	463
1409	439
1410	750
1411	584
1412	842
1413	608
1414	707
1415	579
1416	126
1417	361
1418	76
1419	470
1420	230
1421	792
1422	181
1423	546
1424	432
1425	780
1426	709
1427	233
1428	448
1429	676
1430	800
1431	97
1432	955
1433	119
1434	805
1435	665
1436	162
1437	590
1438	956
1439	476
1440	263
1441	429
1442	196
1443	532
1444	106
1445	666
1446	591
1447	764
1448	856
1449	312
1450	697
1451	178
1452	594
1453	216
1454	860
1455	245
1456	950
1457	179
1458	995
1459	878
1460	155
1461	681
1462	802
1463	879
1464	792
1465	771
1466	970
1467	1000
1468	30
1469	10
1470	753
1471	340
1472	312
1473	921
1474	62
1475	508
1476	678
1477	338
1478	175
1479	387
1480	353
1481	832
1482	788
1483	688
1484	688
1485	382
1486	121
1487	721
1488	27
1489	783
1490	838
1491	887
1492	591
1493	417
1494	295
1495	446
1496	997
1497	825
1498	44
1499	705
1500	65
1501	817
1502	635
1503	113
1504	897
1505	1
1506	321
1507	811
1508	572
1509	246
1510	467
1511	919
1512	656
1513	164
1514	979
1515	576
1516	267
1517	772
1518	248
1519	383
1520	116
1521	700
1522	756
1523	341
1524	791
1525	999
1526	910
1527	289
1528	197
1529	118
1530	188
1531	610
1532	440
1533	405
1534	82
1535	881
1536	48
1537	683
1538	494
1539	459
1540	1000
1541	920
1542	895
1543	884
1544	438
1545	458
1546	819
1547	764
1548	679
1549	120
1550	805
1551	962
1552	664
1553	37
1554	177
1555	855
1556	249
1557	94
1558	828
1559	749
1560	240
1561	623
1562	622
1563	436
1564	979
1565	721
1566	912
1567	718
1568	364
1569	500
1570	291
1571	201
1572	869
1573	90
1574	5
1575	186
1576	559
1577	174
1578	320
1579	931
1580	300
1581	760
1582	314
1583	334
1584	96
1585	876
1586	679
1587	869
1588	593
1589	95
1590	630
1591	431
1592	14
1593	574
1594	577
1595	599
1596	384
1597	373
1598	588
1599	824
1600	804
1601	995
1602	310
1603	71
1604	206
1605	316
1606	981
1607	793
1608	407
1609	433
1610	782
1611	490
1612	15
1613	162
1614	794
1615	74
1616	754
1617	255
1618	19
1619	313
1620	543
1621	651
1622	500
1623	481
1624	931
1625	94
1626	433
1627	68
1628	447
1629	976
1630	119
1631	781
1632	369
1633	917
1634	615
1635	611
1636	78
1637	772
1638	109
1639	740
1640	899
1641	379
1642	56
1643	475
1644	590
1645	100
1646	598
1647	127
1648	540
1649	402
1650	452
1651	100
1652	260
1653	725
1654	347
1655	109
1656	373
1657	183
1658	34
1659	689
1660	950
1661	600
1662	843
1663	174
1664	333
1665	754
1666	726
1667	89
1668	186
1669	918
1670	689
1671	71
1672	909
1673	106
1674	711
1675	148
1676	484
1677	258
1678	442
1679	55
1680	625
1681	556
1682	494
1683	258
1684	337
1685	871
1686	894
1687	334
1688	429
1689	822
1690	572
1691	197
1692	546
1693	945
1694	838
1695	948
1696	829
1697	776
1698	841
1699	637
1700	808
1701	851
1702	352
1703	778
1704	255
1705	442
1706	656
1707	306
1708	771
1709	787
1710	880
1711	504
1712	151
1713	705
1714	932
1715	328
1716	314
1717	122
1718	830
1719	375
1720	35
1721	896
1722	90
1723	113
1724	487
1725	541
1726	517
1727	139
1728	789
1729	549
1730	618
1731	775
1732	203
1733	701
1734	530
1735	279
1736	923
1737	438
1738	147
1739	257
1740	564
1741	335
1742	642
1743	655
1744	729
1745	594
1746	283
1747	828
1748	122
1749	444
1750	581
1751	666
1752	12
1753	820
1754	192
1755	447
1756	526
1757	524
1758	752
1759	378
1760	288
1761	989
1762	940
1763	463
1764	495
1765	353
1766	246
1767	443
1768	821
1769	992
1770	822
1771	70
1772	625
1773	66
1774	220
1775	319
1776	538
1777	516
1778	102
1779	592
1780	75
1781	890
1782	657
1783	994
1784	510
1785	405
1786	607
1787	873
1788	585
1789	96
1790	682
1791	195
1792	323
1793	624
1794	938
1795	347
1796	270
1797	532
1798	99
1799	965
1800	183
1801	410
1802	925
1803	947
1804	315
1805	385
1806	95
1807	416
1808	198
1809	770
1810	809
1811	195
1812	947
1813	34
1814	776
1815	925
1816	180
1817	564
1818	144
1819	1
1820	942
1821	62
1822	932
1823	806
1824	459
1825	16
1826	706
1827	427
1828	166
1829	789
1830	151
1831	127
1832	614
1833	495
1834	890
1835	63
1836	954
1837	830
1838	81
1839	868
1840	385
1841	900
1842	319
1843	29
1844	221
1845	300
1846	731
1847	111
1848	387
1849	430
1850	741
1851	66
1852	994
1853	397
1854	188
1855	894
1856	551
1857	836
1858	12
1859	559
1860	872
1861	289
1862	64
1863	880
1864	597
1865	872
1866	443
1867	682
1868	581
1869	514
1870	352
1871	201
1872	788
1873	729
1874	785
1875	821
1876	938
1877	32
1878	620
1879	901
1880	102
1881	327
1882	464
1883	928
1884	397
1885	416
1886	339
1887	430
1888	338
1889	585
1890	323
1891	441
1892	748
1893	378
1894	976
1895	902
1896	221
1897	67
1898	481
1899	315
1900	539
1901	468
1902	562
1903	653
1904	624
1905	990
1906	464
1907	668
1908	709
1909	86
1910	741
1911	749
1912	529
1913	826
1914	902
1915	180
1916	584
1917	849
1918	849
1919	655
1920	63
1921	785
1922	670
1923	653
1924	60
1925	89
1926	231
1927	439
1928	257
1929	415
1930	826
1931	544
1932	304
1933	69
1934	748
1935	544
1936	409
1937	943
1938	382
1939	718
1940	65
1941	445
1942	320
1943	70
1944	840
1945	904
1946	775
1947	363
1948	824
1949	593
1950	485
1951	568
1952	213
1953	952
1954	499
1955	501
1956	337
1957	231
1958	363
1959	499
1960	516
1961	797
1962	148
1963	907
1964	952
1965	946
1966	904
1967	943
1968	514
1969	115
1970	206
1971	699
1972	476
1973	410
1974	111
1975	326
1976	588
1977	454
1978	213
1979	40
1980	491
1981	468
1982	668
1983	989
1984	568
1985	768
1986	699
1987	81
1988	501
1989	79
1990	409
1991	376
1992	813
1993	115
1994	217
1995	205
1996	205
1997	304
1998	813
1999	797
2000	99
