Class Times	160
Rooms	40
1	890
2	537
3	628
4	410
5	921
6	91
7	950
8	726
9	998
10	988
11	204
12	479
13	193
14	515
15	274
16	440
17	808
18	637
19	858
20	283
21	677
22	190
23	323
24	827
25	462
26	402
27	214
28	382
29	214
30	204
31	89
32	914
33	192
34	180
35	466
36	419
37	401
38	587
39	335
40	64
Classes	2000
Teachers	1000
1	204
2	104
3	824
4	148
5	121
6	170
7	706
8	320
9	472
10	705
11	312
12	431
13	917
14	991
15	671
16	355
17	371
18	819
19	832
20	32
21	499
22	976
23	782
24	774
25	445
26	93
27	918
28	984
29	772
30	892
31	608
32	973
33	708
34	705
35	890
36	350
37	640
38	580
39	620
40	158
41	905
42	343
43	133
44	77
45	881
46	298
47	557
48	281
49	313
50	43
51	828
52	923
53	143
54	614
55	90
56	528
57	347
58	342
59	752
60	267
61	849
62	648
63	89
64	979
65	264
66	329
67	667
68	999
69	441
70	615
71	444
72	72
73	740
74	641
75	466
76	556
77	895
78	591
79	164
80	546
81	923
82	99
83	424
84	635
85	928
86	94
87	463
88	594
89	878
90	711
91	863
92	54
93	629
94	625
95	602
96	83
97	985
98	21
99	56
100	721
101	517
102	552
103	570
104	803
105	950
106	309
107	446
108	726
109	185
110	816
111	61
112	913
113	564
114	26
115	103
116	86
117	767
118	765
119	806
120	888
121	271
122	888
123	873
124	788
125	423
126	56
127	48
128	576
129	860
130	529
131	882
132	387
133	926
134	959
135	815
136	150
137	349
138	196
139	864
140	562
141	219
142	610
143	728
144	99
145	224
146	11
147	298
148	707
149	508
150	706
151	233
152	685
153	703
154	479
155	504
156	871
157	47
158	894
159	551
160	655
161	658
162	507
163	616
164	67
165	271
166	649
167	117
168	379
169	120
170	946
171	878
172	280
173	375
174	727
175	963
176	13
177	57
178	779
179	764
180	288
181	703
182	399
183	324
184	708
185	267
186	415
187	257
188	748
189	590
190	524
191	730
192	389
193	740
194	216
195	17
196	889
197	384
198	201
199	971
200	113
201	849
202	281
203	288
204	513
205	445
206	151
207	637
208	584
209	74
210	735
211	121
212	980
213	834
214	222
215	371
216	937
217	712
218	241
219	896
220	279
221	275
222	412
223	579
224	541
225	247
226	234
227	207
228	312
229	714
230	549
231	106
232	189
233	597
234	413
235	852
236	7
237	464
238	403
239	323
240	693
241	473
242	362
243	75
244	962
245	493
246	257
247	106
248	638
249	452
250	775
251	224
252	897
253	895
254	189
255	458
256	734
257	202
258	664
259	666
260	307
261	934
262	132
263	900
264	985
265	477
266	82
267	153
268	359
269	385
270	541
271	287
272	697
273	119
274	369
275	822
276	262
277	30
278	911
279	424
280	122
281	345
282	655
283	671
284	50
285	332
286	691
287	458
288	992
289	356
290	949
291	240
292	117
293	29
294	730
295	253
296	521
297	292
298	69
299	349
300	333
301	665
302	102
303	113
304	246
305	142
306	861
307	591
308	719
309	745
310	255
311	172
312	431
313	660
314	427
315	367
316	441
317	750
318	620
319	567
320	918
321	867
322	184
323	859
324	469
325	299
326	505
327	962
328	123
329	219
330	28
331	554
332	818
333	697
334	510
335	255
336	930
337	809
338	477
339	314
340	493
341	855
342	484
343	329
344	992
345	508
346	846
347	134
348	952
349	698
350	415
351	310
352	379
353	74
354	831
355	580
356	154
357	392
358	798
359	55
360	220
361	772
362	251
363	499
364	307
365	911
366	554
367	63
368	87
369	118
370	3
371	21
372	712
373	932
374	927
375	683
376	836
377	995
378	263
379	950
380	978
381	748
382	534
383	46
384	223
385	644
386	282
387	384
388	276
389	867
390	247
391	243
392	658
393	221
394	630
395	612
396	486
397	886
398	470
399	526
400	475
401	201
402	935
403	250
404	49
405	513
406	987
407	976
408	442
409	108
410	958
411	721
412	182
413	752
414	432
415	46
416	876
417	787
418	209
419	869
420	420
421	73
422	717
423	455
424	372
425	220
426	587
427	363
428	790
429	765
430	926
431	91
432	713
433	905
434	240
435	682
436	12
437	234
438	980
439	807
440	421
441	138
442	471
443	774
444	457
445	529
446	356
447	92
448	583
449	816
450	417
451	506
452	797
453	702
454	621
455	622
456	428
457	377
458	443
459	466
460	290
461	164
462	702
463	175
464	482
465	766
466	844
467	741
468	317
469	991
470	256
471	168
472	325
473	519
474	844
475	296
476	683
477	454
478	81
479	191
480	881
481	503
482	788
483	195
484	261
485	593
486	130
487	674
488	263
489	675
490	481
491	552
492	112
493	871
494	260
495	211
496	231
497	150
498	722
499	29
500	391
501	110
502	381
503	929
504	423
505	217
506	476
507	325
508	589
509	368
510	286
511	582
512	103
513	358
514	901
515	321
516	355
517	937
518	884
519	405
520	987
521	496
522	452
523	124
524	326
525	657
526	347
527	140
528	191
529	764
530	645
531	497
532	560
533	404
534	757
535	467
536	814
537	864
538	696
539	16
540	289
541	924
542	810
543	430
544	73
545	623
546	378
547	84
548	751
549	479
550	394
551	343
552	282
553	285
554	88
555	77
556	280
557	578
558	593
559	13
560	587
561	101
562	478
563	315
564	401
565	98
566	70
567	239
568	85
569	906
570	939
571	948
572	188
573	488
574	55
575	264
576	405
577	279
578	865
579	133
580	749
581	524
582	470
583	656
584	9
585	382
586	62
587	766
588	10
589	528
590	328
591	611
592	8
593	555
594	729
595	789
596	723
597	399
598	621
599	700
600	464
601	742
602	984
603	503
604	60
605	879
606	51
607	449
608	894
609	478
610	993
611	711
612	618
613	262
614	657
615	432
616	494
617	402
618	689
619	79
620	666
621	286
622	944
623	815
624	582
625	502
626	810
627	245
628	745
629	601
630	714
631	629
632	186
633	716
634	97
635	393
636	832
637	778
638	11
639	870
640	407
641	771
642	455
643	754
644	770
645	256
646	168
647	607
648	753
649	75
650	674
651	320
652	889
653	344
654	421
655	143
656	177
657	437
658	185
659	588
660	208
661	988
662	246
663	841
664	416
665	177
666	710
667	890
668	525
669	837
670	826
671	873
672	235
673	95
674	368
675	546
676	122
677	198
678	886
679	26
680	632
681	687
682	741
683	831
684	47
685	358
686	717
687	172
688	891
689	534
690	942
691	338
692	643
693	605
694	79
695	105
696	397
697	419
698	526
699	589
700	141
701	331
702	779
703	613
704	669
705	400
706	408
707	510
708	571
709	290
710	618
711	370
712	295
713	531
714	496
715	661
716	822
717	181
718	813
719	678
720	221
721	300
722	162
723	862
724	213
725	954
726	333
727	739
728	964
729	661
730	58
731	917
732	885
733	275
734	228
735	328
736	374
737	393
738	573
739	92
740	32
741	760
742	732
743	877
744	107
745	323
746	53
747	132
748	341
749	973
750	467
751	30
752	97
753	632
754	284
755	225
756	451
757	595
758	681
759	407
760	826
761	769
762	270
763	811
764	982
765	128
766	614
767	408
768	324
769	331
770	623
771	260
772	210
773	222
774	394
775	62
776	123
777	22
778	87
779	642
780	332
781	7
782	494
783	110
784	51
785	857
786	590
787	173
788	592
789	965
790	651
791	787
792	537
793	884
794	797
795	500
796	152
797	208
798	640
799	409
800	718
801	756
802	946
803	498
804	996
805	344
806	17
807	767
808	48
809	599
810	511
811	893
812	577
813	100
814	490
815	617
816	472
817	59
818	875
819	634
820	509
821	547
822	183
823	71
824	790
825	577
826	54
827	463
828	326
829	243
830	834
831	461
832	696
833	311
834	352
835	425
836	237
837	390
838	543
839	388
840	527
841	882
842	865
843	952
844	931
845	57
846	758
847	802
848	25
849	659
850	656
851	245
852	507
853	109
854	809
855	137
856	724
857	804
858	786
859	159
860	874
861	192
862	65
863	446
864	615
865	516
866	692
867	174
868	95
869	501
870	412
871	798
872	626
873	845
874	934
875	190
876	182
877	251
878	374
879	362
880	902
881	616
882	460
883	710
884	967
885	922
886	25
887	898
888	660
889	605
890	818
891	173
892	729
893	763
894	807
895	155
896	522
897	195
898	270
899	840
900	887
901	239
902	858
903	516
904	829
905	8
906	947
907	450
908	334
909	500
910	266
911	265
912	130
913	564
914	638
915	829
916	967
917	167
918	608
919	944
920	600
921	491
922	572
923	381
924	213
925	390
926	482
927	283
928	726
929	943
930	958
931	922
932	377
933	502
934	756
935	628
936	575
937	125
938	573
939	153
940	512
941	360
942	954
943	935
944	596
945	665
946	364
947	581
948	504
949	58
950	672
951	970
952	453
953	704
954	215
955	863
956	879
957	319
958	244
959	38
960	972
961	178
962	105
963	360
964	514
965	291
966	227
967	753
968	357
969	451
970	223
971	440
972	981
973	438
974	695
975	939
976	109
977	418
978	311
979	85
980	579
981	598
982	823
983	18
984	812
985	114
986	578
987	642
988	887
989	439
990	611
991	808
992	475
993	183
994	521
995	354
996	512
997	383
998	836
999	287
1000	188
1001	906
1002	134
1003	595
1004	385
1005	382
1006	100
1007	369
1008	228
1009	731
1010	448
1011	719
1012	24
1013	771
1014	448
1015	838
1016	927
1017	322
1018	161
1019	203
1020	853
1021	970
1022	108
1023	908
1024	31
1025	626
1026	547
1027	449
1028	64
1029	584
1030	823
1031	378
1032	162
1033	330
1034	749
1035	734
1036	367
1037	450
1038	527
1039	847
1040	44
1041	791
1042	603
1043	203
1044	916
1045	715
1046	544
1047	965
1048	699
1049	951
1050	346
1051	155
1052	778
1053	659
1054	107
1055	751
1056	891
1057	997
1058	981
1059	50
1060	995
1061	820
1062	957
1063	912
1064	16
1065	90
1066	885
1067	715
1068	916
1069	321
1070	167
1071	860
1072	617
1073	352
1074	261
1075	855
1076	98
1077	209
1078	144
1079	869
1080	799
1081	597
1082	34
1083	754
1084	40
1085	994
1086	773
1087	337
1088	785
1089	755
1090	928
1091	914
1092	22
1093	511
1094	169
1095	777
1096	588
1097	874
1098	198
1099	515
1100	558
1101	40
1102	901
1103	566
1104	292
1105	610
1106	476
1107	692
1108	289
1109	675
1110	204
1111	118
1112	82
1113	126
1114	294
1115	819
1116	760
1117	319
1118	69
1119	716
1120	210
1121	759
1122	930
1123	38
1124	830
1125	990
1126	561
1127	49
1128	253
1129	126
1130	225
1131	574
1132	691
1133	34
1134	414
1135	300
1136	418
1137	561
1138	943
1139	453
1140	966
1141	649
1142	179
1143	336
1144	180
1145	196
1146	947
1147	380
1148	489
1149	365
1150	481
1151	968
1152	983
1153	851
1154	175
1155	856
1156	486
1157	406
1158	364
1159	993
1160	635
1161	531
1162	862
1163	633
1164	501
1165	186
1166	104
1167	883
1168	341
1169	192
1170	653
1171	456
1172	27
1173	506
1174	430
1175	563
1176	596
1177	628
1178	523
1179	804
1180	698
1181	639
1182	796
1183	144
1184	830
1185	794
1186	400
1187	598
1188	600
1189	700
1190	233
1191	799
1192	180
1193	314
1194	936
1195	313
1196	254
1197	898
1198	828
1199	857
1200	912
1201	250
1202	359
1203	563
1204	277
1205	817
1206	244
1207	955
1208	202
1209	15
1210	166
1211	413
1212	775
1213	169
1214	28
1215	646
1216	27
1217	969
1218	249
1219	115
1220	226
1221	337
1222	968
1223	525
1224	456
1225	680
1226	184
1227	231
1228	461
1229	63
1230	989
1231	197
1232	2
1233	625
1234	474
1235	679
1236	549
1237	847
1238	318
1239	940
1240	398
1241	468
1242	997
1243	217
1244	389
1245	438
1246	354
1247	694
1248	205
1249	12
1250	61
1251	283
1252	373
1253	998
1254	409
1255	414
1256	839
1257	397
1258	630
1259	920
1260	921
1261	160
1262	112
1263	471
1264	33
1265	444
1266	910
1267	560
1268	556
1269	801
1270	237
1271	469
1272	544
1273	226
1274	386
1275	33
1276	83
1277	794
1278	896
1279	166
1280	904
1281	149
1282	249
1283	230
1284	853
1285	259
1286	859
1287	436
1288	190
1289	396
1290	483
1291	796
1292	346
1293	856
1294	637
1295	770
1296	971
1297	820
1298	768
1299	178
1300	793
1301	607
1302	548
1303	762
1304	373
1305	535
1306	791
1307	137
1308	663
1309	989
1310	406
1311	483
1312	277
1313	568
1314	784
1315	248
1316	999
1317	961
1318	200
1319	880
1320	199
1321	278
1322	142
1323	447
1324	979
1325	848
1326	127
1327	530
1328	308
1329	158
1330	474
1331	235
1332	604
1333	437
1334	519
1335	305
1336	724
1337	171
1338	81
1339	410
1340	9
1341	460
1342	241
1343	131
1344	727
1345	139
1346	156
1347	854
1348	442
1349	299
1350	276
1351	318
1352	488
1353	601
1354	285
1355	274
1356	174
1357	680
1358	813
1359	498
1360	843
1361	492
1362	925
1363	763
1364	892
1365	699
1366	68
1367	146
1368	602
1369	533
1370	229
1371	662
1372	983
1373	429
1374	743
1375	327
1376	41
1377	410
1378	125
1379	540
1380	974
1381	622
1382	148
1383	284
1384	517
1385	759
1386	127
1387	795
1388	334
1389	497
1390	929
1391	633
1392	165
1393	447
1394	645
1395	639
1396	687
1397	462
1398	443
1399	151
1400	940
1401	758
1402	154
1403	669
1404	704
1405	792
1406	959
1407	302
1408	824
1409	542
1410	654
1411	128
1412	19
1413	427
1414	821
1415	136
1416	969
1417	327
1418	676
1419	422
1420	259
1421	907
1422	296
1423	919
1424	802
1425	388
1426	236
1427	433
1428	650
1429	520
1430	619
1431	806
1432	757
1433	440
1434	361
1435	402
1436	422
1437	612
1438	676
1439	996
1440	60
1441	793
1442	366
1443	914
1444	785
1445	71
1446	67
1447	568
1448	520
1449	248
1450	839
1451	489
1452	827
1453	689
1454	242
1455	330
1456	866
1457	738
1458	877
1459	768
1460	523
1461	522
1462	557
1463	902
1464	536
1465	340
1466	310
1467	904
1468	994
1469	921
1470	309
1471	303
1472	268
1473	966
1474	924
1475	515
1476	811
1477	236
1478	870
1479	116
1480	650
1481	800
1482	218
1483	316
1484	370
1485	913
1486	739
1487	294
1488	652
1489	94
1490	956
1491	827
1492	398
1493	304
1494	272
1495	395
1496	945
1497	846
1498	66
1499	5
1500	163
1501	176
1502	265
1503	728
1504	736
1505	974
1506	363
1507	679
1508	205
1509	36
1510	558
1511	6
1512	3
1513	875
1514	988
1515	583
1516	537
1517	76
1518	211
1519	722
1520	565
1521	439
1522	942
1523	96
1524	893
1525	291
1526	227
1527	975
1528	514
1529	800
1530	821
1531	854
1532	931
1533	603
1534	737
1535	20
1536	216
1537	677
1538	336
1539	803
1540	206
1541	350
1542	484
1543	565
1544	403
1545	435
1546	86
1547	858
1548	576
1549	838
1550	841
1551	599
1552	459
1553	731
1554	395
1555	718
1556	960
1557	115
1558	252
1559	744
1560	4
1561	581
1562	737
1563	435
1564	306
1565	232
1566	6
1567	468
1568	543
1569	978
1570	93
1571	725
1572	411
1573	933
1574	404
1575	357
1576	116
1577	663
1578	986
1579	833
1580	872
1581	149
1582	713
1583	170
1584	305
1585	59
1586	141
1587	215
1588	647
1589	159
1590	861
1591	15
1592	814
1593	690
1594	72
1595	938
1596	78
1597	812
1598	80
1599	972
1600	392
1601	624
1602	720
1603	1000
1604	5
1605	532
1606	197
1607	681
1608	429
1609	411
1610	266
1611	366
1612	897
1613	960
1614	866
1615	417
1616	420
1617	808
1618	842
1619	131
1620	872
1621	720
1622	662
1623	542
1624	652
1625	44
1626	750
1627	505
1628	342
1629	695
1630	272
1631	65
1632	518
1633	242
1634	848
1635	644
1636	667
1637	835
1638	532
1639	297
1640	138
1641	801
1642	43
1643	1000
1644	851
1645	782
1646	64
1647	845
1648	781
1649	480
1650	145
1651	383
1652	835
1653	490
1654	535
1655	735
1656	919
1657	843
1658	567
1659	165
1660	361
1661	509
1662	199
1663	315
1664	119
1665	14
1666	936
1667	348
1668	14
1669	780
1670	738
1671	833
1672	492
1673	386
1674	795
1675	36
1676	66
1677	316
1678	915
1679	672
1680	39
1681	487
1682	495
1683	551
1684	101
1685	951
1686	707
1687	322
1688	709
1689	353
1690	634
1691	380
1692	941
1693	682
1694	84
1695	783
1696	129
1697	646
1698	909
1699	817
1700	780
1701	258
1702	572
1703	747
1704	654
1705	709
1706	594
1707	52
1708	673
1709	762
1710	495
1711	569
1712	214
1713	487
1714	684
1715	685
1716	769
1717	45
1718	776
1719	850
1720	120
1721	686
1722	297
1723	80
1724	31
1725	214
1726	218
1727	303
1728	732
1729	124
1730	70
1731	200
1732	742
1733	428
1734	789
1735	631
1736	900
1737	908
1738	96
1739	76
1740	473
1741	207
1742	575
1743	781
1744	883
1745	52
1746	10
1747	212
1748	375
1749	631
1750	910
1751	480
1752	686
1753	229
1754	365
1755	391
1756	961
1757	755
1758	907
1759	114
1760	348
1761	401
1762	990
1763	953
1764	160
1765	701
1766	964
1767	643
1768	586
1769	837
1770	653
1771	232
1772	941
1773	139
1774	825
1775	736
1776	956
1777	171
1778	111
1779	91
1780	773
1781	42
1782	161
1783	433
1784	957
1785	963
1786	777
1787	462
1788	45
1789	648
1790	152
1791	258
1792	193
1793	156
1794	747
1795	693
1796	273
1797	351
1798	566
1799	88
1800	274
1801	664
1802	212
1803	562
1804	102
1805	636
1806	986
1807	876
1808	252
1809	157
1810	317
1811	351
1812	338
1813	723
1814	53
1815	701
1816	129
1817	42
1818	89
1819	302
1820	194
1821	157
1822	416
1823	18
1824	230
1825	147
1826	295
1827	194
1828	353
1829	786
1830	784
1831	783
1832	4
1833	136
1834	613
1835	619
1836	140
1837	825
1838	949
1839	641
1840	945
1841	536
1842	933
1843	35
1844	491
1845	426
1846	553
1847	387
1848	938
1849	725
1850	852
1851	955
1852	744
1853	135
1854	163
1855	840
1856	647
1857	376
1858	39
1859	805
1860	624
1861	550
1862	673
1863	932
1864	35
1865	68
1866	925
1867	627
1868	268
1869	518
1870	372
1871	193
1872	545
1873	776
1874	550
1875	176
1876	269
1877	181
1878	23
1879	533
1880	977
1881	339
1882	694
1883	465
1884	335
1885	376
1886	746
1887	426
1888	903
1889	187
1890	606
1891	545
1892	651
1893	339
1894	454
1895	23
1896	553
1897	78
1898	899
1899	903
1900	948
1901	571
1902	690
1903	147
1904	146
1905	920
1906	254
1907	145
1908	868
1909	306
1910	419
1911	340
1912	998
1913	457
1914	761
1915	574
1916	335
1917	293
1918	627
1919	530
1920	20
1921	850
1922	555
1923	842
1924	425
1925	301
1926	540
1927	206
1928	345
1929	684
1930	880
1931	24
1932	396
1933	586
1934	868
1935	179
1936	37
1937	606
1938	805
1939	733
1940	434
1941	37
1942	792
1943	1
1944	301
1945	308
1946	670
1947	953
1948	585
1949	975
1950	977
1951	585
1952	434
1953	269
1954	678
1955	559
1956	187
1957	135
1958	436
1959	1
1960	41
1961	278
1962	570
1963	636
1964	539
1965	538
1966	668
1967	604
1968	746
1969	2
1970	293
1971	982
1972	909
1973	273
1974	733
1975	743
1976	539
1977	111
1978	465
1979	459
1980	609
1981	915
1982	677
1983	670
1984	238
1985	592
1986	609
1987	668
1988	688
1989	569
1990	899
1991	238
1992	761
1993	548
1994	304
1995	19
1996	538
1997	485
1998	485
1999	559
2000	688
