Class Times	120
Rooms	40
1	872
2	453
3	391
4	795
5	501
6	240
7	156
8	340
9	283
10	559
11	792
12	152
13	726
14	432
15	739
16	858
17	28
18	960
19	787
20	349
21	798
22	596
23	85
24	903
25	262
26	925
27	237
28	329
29	407
30	986
31	453
32	728
33	419
34	493
35	926
36	441
37	317
38	954
39	151
40	768
Classes	2000
Teachers	1000
1	130
2	998
3	90
4	576
5	527
6	173
7	270
8	228
9	288
10	747
11	529
12	463
13	578
14	700
15	682
16	385
17	249
18	687
19	322
20	46
21	216
22	537
23	476
24	661
25	373
26	914
27	405
28	668
29	830
30	714
31	385
32	401
33	373
34	650
35	833
36	898
37	928
38	897
39	401
40	84
41	856
42	728
43	414
44	713
45	921
46	377
47	111
48	713
49	667
50	194
51	36
52	987
53	285
54	835
55	589
56	989
57	287
58	462
59	319
60	128
61	880
62	722
63	144
64	924
65	574
66	628
67	112
68	35
69	856
70	185
71	859
72	498
73	624
74	968
75	983
76	454
77	86
78	463
79	676
80	46
81	372
82	335
83	75
84	266
85	534
86	354
87	701
88	108
89	819
90	174
91	623
92	159
93	300
94	886
95	529
96	591
97	474
98	117
99	958
100	677
101	345
102	586
103	644
104	222
105	647
106	707
107	80
108	629
109	44
110	818
111	381
112	424
113	759
114	573
115	712
116	399
117	824
118	499
119	479
120	977
121	687
122	550
123	305
124	818
125	55
126	134
127	32
128	4
129	499
130	571
131	642
132	827
133	307
134	506
135	495
136	128
137	633
138	889
139	518
140	354
141	821
142	557
143	458
144	906
145	663
146	80
147	479
148	478
149	762
150	966
151	115
152	978
153	367
154	571
155	763
156	183
157	421
158	679
159	686
160	730
161	674
162	909
163	390
164	746
165	12
166	157
167	581
168	622
169	467
170	815
171	790
172	57
173	163
174	472
175	762
176	801
177	897
178	542
179	16
180	474
181	419
182	577
183	2
184	65
185	108
186	492
187	438
188	764
189	725
190	323
191	272
192	423
193	220
194	29
195	815
196	769
197	79
198	943
199	526
200	256
201	426
202	344
203	638
204	45
205	150
206	540
207	506
208	942
209	231
210	248
211	950
212	825
213	978
214	859
215	260
216	454
217	205
218	556
219	245
220	397
221	121
222	468
223	891
224	765
225	473
226	64
227	812
228	322
229	729
230	168
231	939
232	392
233	715
234	894
235	175
236	497
237	277
238	52
239	429
240	281
241	545
242	341
243	307
244	608
245	29
246	707
247	312
248	684
249	744
250	376
251	899
252	11
253	447
254	325
255	766
256	414
257	726
258	668
259	86
260	444
261	634
262	805
263	564
264	767
265	298
266	662
267	278
268	637
269	558
270	516
271	874
272	14
273	365
274	26
275	181
276	848
277	343
278	824
279	164
280	987
281	308
282	776
283	204
284	44
285	387
286	13
287	257
288	344
289	154
290	250
291	609
292	12
293	15
294	186
295	932
296	470
297	280
298	870
299	305
300	178
301	882
302	284
303	781
304	736
305	445
306	65
307	541
308	673
309	545
310	608
311	498
312	530
313	556
314	574
315	491
316	162
317	40
318	744
319	715
320	96
321	201
322	704
323	546
324	952
325	593
326	877
327	618
328	855
329	702
330	310
331	524
332	100
333	25
334	938
335	343
336	989
337	942
338	995
339	803
340	481
341	3
342	855
343	944
344	722
345	736
346	911
347	20
348	500
349	759
350	660
351	559
352	995
353	842
354	264
355	415
356	238
357	225
358	950
359	943
360	777
361	661
362	151
363	43
364	965
365	706
366	243
367	936
368	990
369	121
370	434
371	954
372	274
373	51
374	932
375	957
376	366
377	48
378	143
379	794
380	246
381	345
382	703
383	196
384	933
385	194
386	695
387	695
388	377
389	229
390	467
391	558
392	790
393	92
394	639
395	847
396	615
397	886
398	550
399	8
400	183
401	421
402	26
403	776
404	959
405	455
406	258
407	568
408	304
409	625
410	11
411	841
412	130
413	936
414	552
415	680
416	881
417	741
418	202
419	4
420	419
421	153
422	318
423	315
424	317
425	301
426	546
427	367
428	618
429	521
430	658
431	763
432	386
433	517
434	247
435	590
436	209
437	800
438	205
439	25
440	539
441	200
442	213
443	288
444	137
445	466
446	623
447	446
448	116
449	118
450	626
451	547
452	981
453	145
454	489
455	316
456	925
457	973
458	90
459	69
460	443
461	658
462	962
463	727
464	475
465	592
466	883
467	300
468	656
469	492
470	803
471	152
472	199
473	660
474	840
475	129
476	191
477	465
478	212
479	468
480	690
481	9
482	663
483	100
484	930
485	212
486	567
487	864
488	149
489	584
490	837
491	276
492	365
493	617
494	181
495	281
496	867
497	739
498	669
499	233
500	697
501	737
502	712
503	188
504	145
505	500
506	68
507	437
508	842
509	554
510	34
511	174
512	366
513	265
514	520
515	908
516	229
517	640
518	510
519	303
520	18
521	157
522	81
523	301
524	278
525	274
526	433
527	830
528	123
529	525
530	564
531	430
532	764
533	724
534	442
535	260
536	429
537	878
538	109
539	380
540	64
541	509
542	455
543	648
544	588
545	640
546	747
547	877
548	222
549	93
550	70
551	645
552	405
553	48
554	110
555	910
556	462
557	966
558	427
559	569
560	71
561	355
562	515
563	312
564	311
565	607
566	928
567	920
568	431
569	165
570	231
571	954
572	104
573	889
574	259
575	578
576	752
577	630
578	55
579	252
580	720
581	156
582	422
583	976
584	969
585	425
586	5
587	576
588	868
589	59
590	327
591	132
592	103
593	795
594	426
595	239
596	225
597	311
598	908
599	816
600	631
601	980
602	507
603	972
604	730
605	361
606	196
607	493
608	417
609	141
610	58
611	643
612	428
613	253
614	188
615	526
616	808
617	394
618	176
619	202
620	503
621	797
622	59
623	561
624	913
625	689
626	533
627	21
628	536
629	376
630	471
631	325
632	772
633	431
634	761
635	952
636	559
637	735
638	84
639	807
640	584
641	38
642	592
643	303
644	994
645	708
646	497
647	891
648	276
649	974
650	319
651	22
652	272
653	458
654	68
655	253
656	333
657	502
658	742
659	264
660	293
661	254
662	232
663	766
664	801
665	227
666	269
667	985
668	235
669	933
670	959
671	9
672	23
673	583
674	503
675	827
676	96
677	632
678	358
679	630
680	372
681	168
682	580
683	595
684	958
685	335
686	197
687	742
688	20
689	85
690	489
691	817
692	232
693	119
694	282
695	866
696	363
697	982
698	771
699	446
700	880
701	998
702	37
703	831
704	30
705	549
706	214
707	562
708	724
709	357
710	243
711	777
712	901
713	812
714	255
715	256
716	95
717	315
718	843
719	528
720	610
721	717
722	898
723	464
724	27
725	173
726	834
727	408
728	172
729	293
730	984
731	110
732	957
733	793
734	469
735	970
736	991
737	14
738	422
739	410
740	873
741	483
742	1
743	461
744	878
745	495
746	501
747	417
748	180
749	867
750	192
751	456
752	342
753	464
754	239
755	483
756	620
757	845
758	562
759	745
760	907
761	841
762	27
763	708
764	924
765	678
766	597
767	902
768	314
769	156
770	686
771	884
772	850
773	860
774	723
775	582
776	900
777	129
778	798
779	603
780	773
781	416
782	615
783	964
784	547
785	221
786	496
787	140
788	741
789	364
790	120
791	913
792	535
793	653
794	438
795	723
796	683
797	388
798	433
799	863
800	338
801	751
802	198
803	494
804	596
805	753
806	122
807	863
808	439
809	785
810	554
811	75
812	788
813	508
814	71
815	598
816	919
817	72
818	785
819	435
820	511
821	645
822	909
823	449
824	263
825	613
826	384
827	411
828	118
829	727
830	787
831	107
832	573
833	34
834	641
835	750
836	69
837	461
838	333
839	287
840	355
841	951
842	677
843	748
844	682
845	280
846	774
847	980
848	211
849	739
850	906
851	654
852	244
853	105
854	308
855	807
856	226
857	79
858	501
859	638
860	518
861	273
862	177
863	197
864	328
865	709
866	536
867	524
868	917
869	309
870	126
871	974
872	614
873	874
874	66
875	98
876	87
877	127
878	955
879	63
880	203
881	583
882	896
883	757
884	888
885	901
886	907
887	33
888	705
889	690
890	750
891	822
892	710
893	396
894	591
895	896
896	233
897	23
898	132
899	127
900	153
901	142
902	915
903	854
904	340
905	821
906	395
907	718
908	371
909	193
910	31
911	939
912	103
913	598
914	996
915	523
916	692
917	416
918	160
919	676
920	990
921	170
922	47
923	155
924	472
925	371
926	714
927	279
928	851
929	435
930	625
931	512
932	119
933	610
934	508
935	477
936	302
937	514
938	21
939	568
940	743
941	252
942	527
943	593
944	802
945	494
946	624
947	124
948	838
949	146
950	993
951	986
952	237
953	758
954	117
955	767
956	159
957	213
958	255
959	67
960	717
961	728
962	875
963	985
964	477
965	496
966	85
967	375
968	845
969	147
970	271
971	595
972	381
973	286
974	969
975	552
976	91
977	648
978	140
979	701
980	146
981	114
982	720
983	63
984	587
985	383
986	418
987	844
988	732
989	692
990	721
991	134
992	656
993	350
994	485
995	582
996	997
997	469
998	879
999	32
1000	441
1001	30
1002	659
1003	539
1004	905
1005	362
1006	439
1007	209
1008	760
1009	284
1010	437
1011	935
1012	982
1013	210
1014	873
1015	91
1016	353
1017	178
1018	237
1019	734
1020	58
1021	698
1022	844
1023	219
1024	885
1025	800
1026	122
1027	520
1028	101
1029	111
1030	710
1031	434
1032	925
1033	923
1034	453
1035	768
1036	41
1037	203
1038	131
1039	150
1040	5
1041	384
1042	241
1043	597
1044	72
1045	935
1046	73
1047	420
1048	236
1049	370
1050	734
1051	491
1052	823
1053	139
1054	369
1055	972
1056	951
1057	179
1058	832
1059	903
1060	41
1061	282
1062	321
1063	160
1064	397
1065	82
1066	836
1067	215
1068	187
1069	241
1070	553
1071	356
1072	83
1073	811
1074	112
1075	471
1076	358
1077	359
1078	425
1079	549
1080	362
1081	400
1082	313
1083	33
1084	505
1085	965
1086	871
1087	98
1088	523
1089	143
1090	977
1091	221
1092	167
1093	49
1094	135
1095	297
1096	507
1097	386
1098	572
1099	502
1100	731
1101	614
1102	338
1103	911
1104	16
1105	784
1106	57
1107	758
1108	226
1109	953
1110	7
1111	882
1112	774
1113	505
1114	436
1115	651
1116	835
1117	290
1118	817
1119	37
1120	337
1121	102
1122	541
1123	654
1124	302
1125	268
1126	679
1127	87
1128	853
1129	141
1130	165
1131	158
1132	52
1133	473
1134	423
1135	6
1136	487
1137	476
1138	109
1139	356
1140	513
1141	819
1142	271
1143	216
1144	702
1145	988
1146	904
1147	481
1148	320
1149	538
1150	769
1151	899
1152	139
1153	360
1154	775
1155	516
1156	981
1157	15
1158	92
1159	616
1160	737
1161	760
1162	893
1163	258
1164	659
1165	161
1166	611
1167	929
1168	298
1169	792
1170	259
1171	838
1172	42
1173	971
1174	796
1175	512
1176	339
1177	894
1178	795
1179	330
1180	903
1181	570
1182	669
1183	940
1184	537
1185	268
1186	207
1187	7
1188	211
1189	215
1190	18
1191	70
1192	947
1193	992
1194	217
1195	993
1196	893
1197	334
1198	270
1199	105
1200	619
1201	329
1202	672
1203	881
1204	450
1205	207
1206	277
1207	144
1208	949
1209	186
1210	553
1211	822
1212	488
1213	751
1214	133
1215	95
1216	180
1217	418
1218	67
1219	6
1220	888
1221	490
1222	452
1223	182
1224	266
1225	428
1226	412
1227	813
1228	570
1229	916
1230	273
1231	607
1232	850
1233	685
1234	380
1235	242
1236	379
1237	674
1238	106
1239	388
1240	732
1241	765
1242	797
1243	81
1244	947
1245	382
1246	519
1247	846
1248	839
1249	169
1250	782
1251	192
1252	40
1253	190
1254	619
1255	126
1256	561
1257	456
1258	517
1259	398
1260	61
1261	320
1262	457
1263	848
1264	706
1265	781
1266	360
1267	47
1268	988
1269	887
1270	617
1271	752
1272	73
1273	862
1274	667
1275	949
1276	941
1277	1000
1278	403
1279	314
1280	51
1281	594
1282	459
1283	521
1284	902
1285	493
1286	138
1287	749
1288	868
1289	580
1290	242
1291	825
1292	485
1293	900
1294	402
1295	783
1296	328
1297	317
1298	749
1299	672
1300	975
1301	870
1302	406
1303	563
1304	635
1305	731
1306	849
1307	846
1308	238
1309	839
1310	851
1311	836
1312	603
1313	444
1314	721
1315	453
1316	410
1317	937
1318	875
1319	946
1320	234
1321	792
1322	756
1323	509
1324	605
1325	587
1326	348
1327	612
1328	179
1329	530
1330	643
1331	829
1332	755
1333	177
1334	586
1335	206
1336	486
1337	805
1338	347
1339	76
1340	99
1341	62
1342	224
1343	154
1344	970
1345	778
1346	738
1347	45
1348	191
1349	860
1350	971
1351	635
1352	482
1353	107
1354	832
1355	685
1356	106
1357	588
1358	551
1359	1000
1360	783
1361	351
1362	984
1363	504
1364	680
1365	424
1366	480
1367	930
1368	647
1369	285
1370	447
1371	396
1372	292
1373	927
1374	703
1375	99
1376	488
1377	403
1378	937
1379	142
1380	152
1381	136
1382	563
1383	962
1384	263
1385	773
1386	339
1387	206
1388	843
1389	852
1390	136
1391	779
1392	918
1393	872
1394	254
1395	806
1396	560
1397	39
1398	295
1399	43
1400	581
1401	642
1402	709
1403	983
1404	693
1405	337
1406	961
1407	688
1408	395
1409	125
1410	61
1411	217
1412	849
1413	240
1414	772
1415	806
1416	171
1417	775
1418	195
1419	158
1420	585
1421	793
1422	89
1423	83
1424	948
1425	296
1426	616
1427	862
1428	613
1429	346
1430	926
1431	412
1432	504
1433	884
1434	770
1435	938
1436	35
1437	771
1438	352
1439	166
1440	368
1441	292
1442	240
1443	407
1444	306
1445	275
1446	78
1447	689
1448	449
1449	294
1450	353
1451	394
1452	746
1453	1
1454	295
1455	441
1456	944
1457	249
1458	594
1459	135
1460	675
1461	309
1462	753
1463	566
1464	946
1465	808
1466	334
1467	406
1468	569
1469	200
1470	306
1471	164
1472	955
1473	600
1474	387
1475	700
1476	780
1477	351
1478	393
1479	639
1480	515
1481	88
1482	10
1483	544
1484	97
1485	390
1486	810
1487	375
1488	840
1489	665
1490	466
1491	729
1492	349
1493	577
1494	566
1495	535
1496	756
1497	199
1498	809
1499	50
1500	332
1501	665
1502	409
1503	567
1504	531
1505	633
1506	589
1507	823
1508	269
1509	201
1510	926
1511	275
1512	673
1513	784
1514	368
1515	929
1516	340
1517	77
1518	53
1519	230
1520	53
1521	934
1522	585
1523	400
1524	265
1525	964
1526	733
1527	38
1528	786
1529	538
1530	910
1531	323
1532	788
1533	484
1534	286
1535	223
1536	853
1537	432
1538	120
1539	555
1540	289
1541	921
1542	82
1543	525
1544	670
1545	304
1546	442
1547	330
1548	895
1549	892
1550	223
1551	208
1552	688
1553	465
1554	163
1555	76
1556	991
1557	486
1558	826
1559	224
1560	450
1561	799
1562	220
1563	670
1564	809
1565	560
1566	228
1567	210
1568	628
1569	651
1570	195
1571	482
1572	171
1573	986
1574	184
1575	768
1576	189
1577	336
1578	697
1579	236
1580	361
1581	533
1582	250
1583	310
1584	575
1585	116
1586	691
1587	945
1588	748
1589	248
1590	404
1591	251
1592	678
1593	3
1594	999
1595	346
1596	329
1597	694
1598	629
1599	17
1600	636
1601	369
1602	149
1603	883
1604	927
1605	331
1606	318
1607	699
1608	671
1609	857
1610	22
1611	551
1612	735
1613	872
1614	475
1615	193
1616	650
1617	443
1618	235
1619	327
1620	813
1621	296
1622	916
1623	694
1624	646
1625	726
1626	912
1627	321
1628	602
1629	646
1630	93
1631	411
1632	976
1633	8
1634	299
1635	866
1636	931
1637	279
1638	402
1639	341
1640	914
1641	804
1642	601
1643	316
1644	636
1645	393
1646	133
1647	78
1648	162
1649	161
1650	378
1651	652
1652	600
1653	408
1654	606
1655	251
1656	918
1657	114
1658	436
1659	257
1660	49
1661	155
1662	904
1663	457
1664	398
1665	451
1666	267
1667	528
1668	620
1669	887
1670	89
1671	796
1672	167
1673	19
1674	510
1675	430
1676	77
1677	719
1678	94
1679	490
1680	755
1681	572
1682	531
1683	511
1684	738
1685	865
1686	632
1687	655
1688	324
1689	101
1690	460
1691	996
1692	115
1693	124
1694	931
1695	244
1696	484
1697	50
1698	923
1699	857
1700	611
1701	364
1702	169
1703	54
1704	513
1705	780
1706	350
1707	833
1708	66
1709	604
1710	816
1711	798
1712	246
1713	208
1714	36
1715	514
1716	540
1717	602
1718	657
1719	557
1720	605
1721	13
1722	829
1723	579
1724	54
1725	791
1726	452
1727	19
1728	705
1729	847
1730	289
1731	102
1732	681
1733	407
1734	627
1735	975
1736	170
1737	413
1738	332
1739	151
1740	88
1741	348
1742	791
1743	865
1744	892
1745	39
1746	745
1747	470
1748	826
1749	740
1750	999
1751	247
1752	336
1753	17
1754	683
1755	941
1756	415
1757	432
1758	459
1759	555
1760	837
1761	657
1762	811
1763	786
1764	675
1765	604
1766	363
1767	267
1768	42
1769	599
1770	440
1771	2
1772	828
1773	634
1774	655
1775	448
1776	125
1777	609
1778	770
1779	622
1780	544
1781	719
1782	182
1783	960
1784	262
1785	711
1786	445
1787	864
1788	176
1789	802
1790	960
1791	754
1792	347
1793	606
1794	137
1795	290
1796	487
1797	522
1798	62
1799	716
1800	391
1801	590
1802	641
1803	919
1804	391
1805	601
1806	60
1807	757
1808	283
1809	187
1810	693
1811	905
1812	382
1813	953
1814	409
1815	378
1816	189
1817	973
1818	820
1819	262
1820	968
1821	352
1822	370
1823	28
1824	313
1825	175
1826	427
1827	644
1828	478
1829	948
1830	261
1831	945
1832	934
1833	420
1834	230
1835	940
1836	716
1837	519
1838	596
1839	754
1840	699
1841	961
1842	331
1843	359
1844	294
1845	342
1846	912
1847	392
1848	834
1849	787
1850	740
1851	28
1852	666
1853	297
1854	869
1855	245
1856	612
1857	664
1858	895
1859	917
1860	920
1861	374
1862	460
1863	379
1864	291
1865	915
1866	123
1867	542
1868	664
1869	94
1870	74
1871	794
1872	621
1873	227
1874	725
1875	662
1876	440
1877	698
1878	283
1879	621
1880	691
1881	74
1882	451
1883	718
1884	172
1885	579
1886	291
1887	733
1888	854
1889	404
1890	219
1891	804
1892	56
1893	627
1894	876
1895	534
1896	374
1897	97
1898	666
1899	631
1900	299
1901	820
1902	326
1903	871
1904	234
1905	684
1906	399
1907	861
1908	879
1909	389
1910	10
1911	532
1912	218
1913	548
1914	448
1915	861
1916	890
1917	599
1918	480
1919	814
1920	652
1921	113
1922	138
1923	56
1924	681
1925	828
1926	799
1927	994
1928	218
1929	357
1930	649
1931	532
1932	131
1933	148
1934	649
1935	778
1936	326
1937	885
1938	214
1939	956
1940	992
1941	782
1942	349
1943	148
1944	548
1945	413
1946	113
1947	890
1948	997
1949	190
1950	104
1951	810
1952	24
1953	626
1954	637
1955	858
1956	852
1957	261
1958	147
1959	956
1960	198
1961	922
1962	166
1963	575
1964	389
1965	522
1966	922
1967	761
1968	24
1969	967
1970	204
1971	671
1972	779
1973	60
1974	789
1975	31
1976	876
1977	858
1978	383
1979	789
1980	565
1981	963
1982	653
1983	324
1984	831
1985	743
1986	963
1987	696
1988	565
1989	979
1990	711
1991	543
1992	185
1993	967
1994	814
1995	869
1996	704
1997	184
1998	979
1999	543
2000	696
