Fall 2000
2886
0.810901938746839
Fall 2001
2909
0.8139339675433688
Fall 2002
2856
0.7979882648784576
Fall 2003
2916
0.8145251396648044
Fall 2004
3010
0.8091397849462365
Fall 2005
3025
0.8206728160607705
Fall 2006
3119
0.8212216956292786
Fall 2007
3170
0.8203933747412008
Fall 2008
3120
0.7953097119551363
Fall 2009
3271
0.7601673251220079
Fall 2010
3835
0.7868280672958555
Fall 2011
4059
0.8010657193605684
Fall 2012
4158
0.7895936194454994
Fall 2013
4132
0.8020186335403726
Fall 2014
3835
0.7794715447154471
Spring 2001
2597
0.7872082449227038
Spring 2002
2671
0.8259121830550402
Spring 2003
2726
0.8377381684081131
Spring 2004
2623
0.8374840357598978
Spring 2005
2860
0.8486646884272997
Spring 2006
2848
0.8730839975475169
Spring 2007
3035
0.8585572842998586
Spring 2008
3017
0.8714615829000578
Spring 2009
3030
0.8020116463737427
Spring 2010
3422
0.8161221082756976
Spring 2011
3824
0.814136682989142
Spring 2012
4195
0.8298714144411474
Spring 2013
4338
0.8155668358714044
Spring 2014
4207
0.8247402470103902
Spring 2015
3929
0.8338285229202037
