Course	Room	Teacher	Time	Students
005119	TAYD	0031560	14:00 - 16:00 T	32258 976318 1020370 1041559
002469	TAYD	0697660	10:00 - 11:00 MWF	32765 852945 914290 914299
001444	PK180	0031403	14:00 - 16:00 W	145931 780528 834343 876307 896036 909091 913880 917702 950504 999195 1005149 1006105 1007196
005724	PK25	0031392	19:00 - 21:00 T	145931 752553 825990 867801 904918 913115 914076 915648 950811 967411 973811 986262 987276 989520 991668 991672 1002248 1016996 1057004 1065238
001248	PK25	0031388	18:00 - 19:00 T	419327 768235 769943 770471 771438 780619 788562 809224 809463 812628 813277 818384 818599 827928 828596 829796 831966 833695 857087 915579
003001	TAYF	0375562	18:00 - 19:00 T	825616 899241 899419 907155 915543 1002729
003003	PK25	0031406	12:00 - 14:00 W	419327 828705 853174 854724 881793 890945 900240 903229 904301 913466 918074 918277 959092 967988 971315 976318 976421 986262 993268 1002729 1007799
005727	TAYD	0984701	11:30 - 13:00 TTH	419327 741632 920261 1077003
001749	TAYF	1064203	14:00 - 16:00 T	556027 959337 1005199 1013197 1050781 1054176 1064605 1170860
007375	PK25	0031631	13:00 - 16:00 TH	556027 742886 772032 787159 813147 826670 828394 848680 849245 858114 870197 887586 896476 900371 900541 901409 903338 906362 906635 912695 915226 1086329
008500	TAYF	0031619	11:00 - 12:00 MWF	559777 657857 772032 786698 825478 836904
003556	PK180	0599596	19:00 - 22:00 W	603589 670870 671451 746084 771438 772504 828017 831413 833941 850382 852994 873190
002951	PK229	0088906	10:00 - 11:00 MWF	634162 769020 801247 854032 855155
004065	PK243	0854975	14:00 - 16:00 W	634162 805926 809839 813159 827928 831703 852409 867494
006023	PK338	0301909	9:00 - 10:00 MTWF	634162 699614 770198 771438 772218 781976 787430 789284 812628 814822 818384 826099 852192 904003 904347 904516 906618 906896 907155 911775 915589 948568 987600 988631 988990 991213 992186 992189 992796 993268 993790 998885 1001894 1003100 1003539 1003644 1004997 1005082 1006744 1013071 1017444 1017832 1017840 1018301 1018817 1018857 1019940 1020478 1021867 1023494 1024283 1025845 1027597 1028249 1029566 1032432 1032769 1032929 1036027 1036225 1037338 1038303 1040045 1045379 1049050 1053105 1054176 1055078 1055290 1055640 1056203 1056217 1056270 1056600 1056722 1056963 1056980 1057592 1058048 1058242 1064148 1064270 1064780 1065142 1065271 1065654 1065781 1066335 1067460 1067502 1067748 1068052 1068109 1073544 1076009 1076274 1077294 1077416 1078836 1078921 1079384 1079444 1080149 1081917 1081939 1081952 1082799 1082905 1082907 1083430 1083431 1083594
001162	PK180	1063511	9:00 - 10:00 MTWF	634284 680495 711336 785917 827786 831798 836898 976244 993551 1001905 1016793 1076246 1076922 1078819
007076	PK336	0031568	11:00 - 12:00 MWF	634284 769851 850690 860204 905351 907665 909693 999712
007127	PK25	0031573	19:00 - 22:00 W	634284 656863 671926 677533 739031 748627 751242 769686 781527 785917 787430 814822 818349 830141 830791 830911 831435 833511 836471 846811 848750 849243 851297 851302
002935	DAL204	1167899	18:00 - 19:00 T	656863 742089 801247 825743 828021 832718 834495 834603 865894 952443 991756 998815 1017412 1046086 1085324
003433	PK338	0031477	11:30 - 13:00 TTH	656863 742734 751788 756739 769943 781139 786698 788425 806520 806886 812300 813159 813277 823997 824299 825559 825743 826363 827786 829872 830700 833266 834472 836898 849022 852358 854138 854235 859319 859564 861816 867801 873190 879882 887398 889384 901868 903064 903338 904719 908461 909837 911218 911361 911598 914076 918195 919776 920248 947693 954240 958897 965925 965927 966414 967411 986094 989395 989401 989590 990668 993506 995269 998323 1003100 1005720 1007348 1007779 1007842 1009104 1035148 1037291 1055640 1065238 1067297 1081006 1170860
005248	PK336	1167853	14:00 - 16:00 F	656863 752318 783208 823997 852945 858181 865618 890945 918277 999833
007053	TH224	0088906	13:00 - 16:00 TH	656863 867494 901946 911802 981989 992223
008496	PK243	0031619	12:00 - 14:00 W	657857 809033 820055 830197 848562 852456 859719 907248
008779	PK180	0576472	14:00 - 16:00 T	657857 748627 772032 787509 794297 830886 833941 859564 902118 967042 976421 987243 1007458 1047318
001893	PK243	0898918	12:00 - 14:00 M	661924 773772 780528 804193 806886 814828 833031 833438 850564
007006	PK180	0031568	12:00 - 14:00 W	661924 831435 886158 906618 909693 963413 987600 1000990 1004968 1005427 1007882 1015256 1077416
001767	TAYF	0995161	10:00 - 11:00 MWF	671926 742734 768507 852994 854138 896979 980544 1019025
007124	TAYF	1075274	11:30 - 13:00 TTH	671926 739031 814822 818349 833188 852945 985094
007364	PK338	0162977	14:00 - 16:00 T	671926 711336 741632 769851 833266 853988 859409 867125 876307 888222 900240 901570 903449 910403 911361 913946 914076 915006 918519 919158 920237 920251 944831 945264 949279 963413 966414 981989 988245 988544 989401 991120 991229 999712 999833 1002047 1003128 1004324 1006444 1007799 1009104 1015275 1017339 1018271 1019006 1019212 1020695 1025533 1030369 1041140 1053105 1056910 1058058 1064270 1064385 1065781 1067297 1067377 1067502 1068371 1073544 1076783 1076854 1076923 1079268 1079993 1080792 1083080 1085324
008765	PK338	0431786	13:00 - 16:00 TH	671926 748713 786093 807767 809463 825616 831413 861690 871681 904680 909240 910884 911775 919283 944831 950942 956475 958984 959189 963528 966077 972633 980693 988100 991769 992744 998323 1000990 1001039 1002364 1003100 1009559 1009729 1013071 1015275 1017339 1018252 1019674 1020520 1032929 1036442 1041140 1044561 1049299 1055640 1056270 1056910 1057004 1064270 1065781 1068383 1076009 1076246 1076783 1080792 1081006 1084187 1084462
005206	TAYD	1051497	14:00 - 16:00 M	672478 802766 865618 918064
005286	PK229	1020104	11:30 - 13:00 TTH	672478 770814 789995 910884 963528
002562	PK338	1167856	19:00 - 21:30 M	677533 751495 772005 806520 825024 848750 849713 851302 854138 871309 896287 897034 897310 897931 899241 986688 986807 988544 990668 999689 1000355 1000750 1000895 1005199 1006105 1017412 1020083 1020520 1025623 1037291 1039943 1044157 1067251 1067748 1079366 1079771 1081917
007068	TAYF	0316015	14:00 - 16:00 M	677533 777510 814822 833188 836471 849243 905351 914509
005227	TAYD	0088906	8:00 - 9:00 M-F	680495 782876 890945 999195
007043	TH110	1167889	10:00 - 11:00 MWF	680495 751242 773276 785917 787430 833188 846811 850607 850690 851302 855859 859231 861816 887398 903229 903436 904719 905351 905954 907665 913946 918074 919776 920251 956475 965927 982172 984724 986688 1020695 1084909
001852	TAYF	0409956	14:00 - 16:00 F	699614 711460 786916 993929
001836	PK338	0898918	14:00 - 16:00 M	701809 772927 780450 789284 795445 828017 852940 854032 859719 861815 903917 904516 907063 908998 911218 911802 911936 912699 912781 915885 917334 919283 920095 945449 945809 954240 954830 958984 959200 960037 966077 966094 966299 970193 970262 972861 986094 987937 988271 988625 991668 992744 993506 999715 1001613 1002047 1003020 1004733 1006438 1006444 1007348 1010643 1013071 1019827 1029737 1029787 1045379 1049299 1056980 1064605 1066309 1066924 1076246 1076776 1078836 1079771 1082907 1084334 1088180
002160	PK338	0004950	19:00 - 21:00 T	701809 711460 786916 827963 848150 862049 899241 901688 903917 904506 906896 909942 912781 915652 917334 918009 919283 920095 945969 946010 951991 952783 954240 954641 958984 959189 960037 960084 966094 966299 972660 972861 988271 988625 992744 993506 993551 1002045 1002767 1003020 1004733 1005102 1008925 1016434 1016793 1084909 1088180
006846	TH110	0824244	19:00 - 22:00 W	701809 711460 806886 828036 830807 830886 833438 848492 857087 858864 860532 862152 865276 884876 885444 892206 899636 902371 908164 909837 914260 915885 959189 989590 992616 993551 1001613 1016462
004051	PK229	0031486	14:00 - 16:00 M	707575 772735 830911 860298 904540
001573	PK180	0826962	12:00 - 14:00 M	709543 756732 772735 781472 834544 897310 906738 907172 907462 908002 950811 987861 991756
004888	PK180	0031373	10:00 - 11:00 MWF	709543 741632 742063 772218 778307 779365 810885 825990 826099 828068 829397 858092
004011	TH110	1084297	9:00 - 10:00 MTWF	709554 746210 779276 833511 852456 853174 896224 909216 909240 911807 964596 988245 989395 999195 1001806 1005412 1005720 1017412 1021017 1023923 1029210 1029787 1030683 1055441 1056012 1058421 1066778 1066924 1067933 1076299 1076531 1077417 1078648 1079614 1082919 1088180 1170860
007125	DAL204	0162976	9:00 - 10:00 MTWF	738079 739031 748627 751242 769686 781527 830141 830269 830791 831031 832171 836379 836471 850607 851297 912081
007374	TH110	0987494	14:00 - 16:00 W	710449 774062 807767 822518 828394 848680 849245 852608 861180 865346 892206 896476 900371 900541 901409 903338 906635 911807 912695 958897 967793 986367 988100 989395 1002047 1015706 1086329
007381	PK25	0031611	14:00 - 16:00 F	710449 768049 774062 780450 822518 848680 870197 892206 896224 900371 900541 903338 904706 906362 907596 912695 958897 1044561
002637	TAYF	0828228	10:00 - 11:30 TTH	711336 734613 769020 832171 860497 909693 915226
003026	TH110	0222805	18:00 - 19:00 T	734613 745780 746210 748713 771732 781191 802127 805926 813159 831031 831798 832171 836379 836898 851024 851297 855085 861730 886158 892333 897101 904301 910421 915467
006502	PK229	0031621	8:00 - 9:00 M-F	734613 828394 850854 890043
002464	PK180	1051497	11:30 - 13:00 TTH	738079 744133 802029 829096 829360 852088 858034 859066 859186 887467 897931 907217 918153 919825
002472	PK336	1051497	10:00 - 11:00 MWF	738079 747562 751823 780735 809033 826565 828705 832248 848562 852088
008821	PK336	0031572	10:00 - 11:30 TTH	739031 769557 772305 781191 787509 836904 857087 886158 904706 915589
007398	PK243	0851717	19:00 - 21:00 T	741435 742886 780450 785955 802256 824983 828394 828467 857016
001766	PK180	1165592	14:00 - 16:00 F	741632 746537 788425 806189 850382 901868 905954 916427 1003100 1015275 1085631
002571	PK180	0564741	10:00 - 11:30 TTH	741707 781976 807702 812824 829837 832137 833657 848789 850613 853072 860257 899316
004885	PK180	0672202	19:00 - 21:00 T	742063 755872 784123 829397 851187 858092 907462 914256 914599 950942 1004206
005258	TH224	0056990	14:00 - 16:00 W	742063 744449 786916 787509 914509 989401
002173	TAYF	1083806	19:00 - 21:30 M	742089 784558 798802 802807 806873 809839 850854
002182	PK336	0428815	19:00 - 21:30 M	773692 814593 829837 833368 851209 852940
003034	PK229	0222805	13:00 - 16:00 TH	742461 755048 827099 831798 851024
003465	PK243	0058557	19:00 - 22:00 W	742461 768507 770198 807750 810196 827460 832928 852456 899440 1067241
003562	PK336	0024092	11:30 - 13:00 TTH	742461 746084 770198 772504 810885 827460 896979
002992	PK338	0031400	12:00 - 14:00 W	742549 773175 795445 822753 827209 827963 836904 847790 848150 849022 865667 867494 875055 888735 906447 907493 910056 911775 945264 948390 959200 959337 982172 989432 992223 998972 1001196 1002241 1002706 1003128 1004324 1004997 1005059 1008282 1018936 1020083 1020150 1024283 1025522 1025623 1025644 1036027 1049299 1058048 1064045 1066679 1067377 1068109 1076531 1076776 1076922 1077161 1077482 1080792 1081917 1081952 1082150 1082919 1083431
003277	TH224	0675005	12:00 - 14:00 W	799414 802766 826670 896217 916398
003525	PK180	1063157	19:00 - 21:30 M	742734 756275 780485 825559 825743 827786 859564 867801 902217 904752 953178 1005720
001752	TAYD	0416447	13:00 - 16:00 TH	744133 781424 831531 904752
004815	TH224	1074848	19:00 - 22:00 W	744133 809463 903600 908998 959200 967532 1058180
001547	TH224	0031756	12:00 - 14:00 M	744202 802127 835804 871788 908862 913989
001560	PK229	0031332	14:00 - 16:00 W	744202 772305 802127 810794 871788
001561	TH111	0031332	19:00 - 21:30 M	744202 810794
007915	TH224	0775195	19:00 - 21:00 T	744202 745699 780619 794276 812518 829376
002394	TAYF	0020988	8:00 - 9:00 M-F	744449 812298 829360 845664 887467 907217 918153 919825
006059	DAL204	0409737	11:00 - 12:00 MWF	744449 755048 771876 771900 781523 786993 806452 807702 812632 827209 830269 831531 847248 853072 916398
004014	PK25	1084297	11:00 - 12:00 MWF	744475 859409 889384 918064 919772 945809 945969 946010 959304 966125 993551 998885 999689 1000122 1005548 1039831 1040818 1057535 1065271 1081939
006042	PK338	0207327	18:00 - 19:00 T	744475 778307 780450 781523 788849 795445 802029 812300 813366 822753 827099 827209 831531 833031 834443 850613 850854 851310 858850 859186 860659 862049 875055 880639 887478 892458 896287 899481 901946 901961 908862 910884 911598 912081 954641 959337 987613 1000895 1065183
006044	TH110	0431634	12:00 - 14:00 W	744475 771900 781139 786993 802029 812632 817768 828036 832718 834138 847248 855085 861730 880639 892333 892458 896287 899316 899481 901961 907914 908862 910884 915543 952594 1000895
008485	CARP21	0031553	19:00 - 22:00 W	745699 871788
008488	CARP21	0031553	9:00 - 10:00 MTWF	745699
003441	TH110	0897706	11:00 - 12:00 MWF	746084 751788 810885 814828 817768 825616 828021 833368 852994 854235 855085 879882 887308 897911 901868 902541 915006 957333 965927 987861 1003389 1003539 1021751 1030369 1039943 1041981
004017	PK336	0031578	8:00 - 9:00 M-F	746084 803706 833188 899481 907914 913466 965927 1000939 1001905 1065183
004304	CARP21	0056992	11:00 - 12:00 MWF	746203
004274	TH110	0017611	14:00 - 16:00 F	746907 779081 836379 852608 871255 883488 887478 901539 904918 915740 917732 920248 987600 991213 1006799 1020727 1021751 1025035 1039868 1056096 1065654 1066308 1067726 1077815 1077963 1084185
007007	TH110	0028980	12:00 - 14:00 M	746907 823997 836898 888735 903222 903229 913946 919772 920251 920400 945034 952008 967793 982172 988620 998799 1002706 1005068 1006899 1010750 1019827 1056096 1056203 1056738 1064148 1067862 1079614 1172030
006026	PK338	0213446	11:00 - 12:00 MWF	747147 775490 802807 814593 827772 828604 847790 853988 873557 910403 911366 913880 914076 919776 920237 956475 958492 963528 965925 966303 967411 986688 988657 998799 1000939 1005082 1005315 1005720 1006899 1007882 1015275 1029210 1037745 1040618 1050781 1057520 1064790 1066007 1067724 1076437 1081006 1084909 1085061
001864	PK229	0031557	12:00 - 14:00 W	747562 833438 861391 861815 907897
008767	PK25	0428728	10:00 - 11:00 MWF	827963 861391 862049 901262 917732 981989 993566 993790 1000750 1001351 1004324 1006105 1010175 1018857 1019940 1024315 1025644 1038303 1056096 1076274 1080149 1080398 1082905
008479	PK243	0031619	9:00 - 10:00 MTWF	803579 858864 860532 861648 862152 871788 903222 967042
006036	DAL204	0031526	14:00 - 16:00 T	748713 802029 813366 817768 834443 851310 857382 896929 899419 907151 910421 915622 945449 948095 1005112 1007134 1007394 1035148
006054	DAL204	0207327	8:00 - 9:00 M-F	748713 786993 828036 829788 831531 834443 835804 847248 853072 855085 857382 859186 897310 899316 916398
001178	TAYD	0827357	14:00 - 16:00 W	748765 901703 911706 1002045
001185	TAYF	0031577	13:00 - 16:00 TH	748765 789284 825478 862176 869484 873557 915579 966299
001838	TH110	0168763	11:30 - 13:00 TTH	748765 752318 771075 779276 781424 831435 832653 848355 850690 854345 867165 906085 914290 914299 914509 945635 965861 987276 988620 992189 1001039 1001196 1001806 1002405 1005971 1006899 1018252 1040868 1066007 1067862 1076437 1077380
007008	PK25	0316015	14:00 - 16:00 W	751495 783208 848750 880639 883488 896287 896979 903229 905351 907493 909216 917040 918074 960068 1000355 1005068 1019674 1056815 1065654 1067483 1073544 1078648
001193	PK25	0706398	10:00 - 11:30 TTH	752553 772504 781527 806882 818349 818599 829796 830141 830197 833438 850690 858034 871681 881793 911366 911941 917702 1016462 1077380
006029	PK338	1167858	10:00 - 11:00 MWF	754161 769557 771732 773692 780528 786916 806189 834495 848492 852109 853174 853970 898872 904506 907151 910421 912781 913466 913989 915622 915648 917334 918009 918064 919283 945449 945584 945959 946010 948390 952008 952783 957333 958186 958492 958879 959189 959304 960037 964596 966094 967988 970193 971315 972660 976318 986262 988625 989432 991769 993169 999826 1000355 1001039 1002045 1002241 1002248 1002405 1005059 1005112 1005971 1007134 1007196 1007394 1008387 1009729 1013197 1016434 1018936 1020150 1025460 1034405 1038671 1047318 1055590 1057535 1065183 1080648
006860	PK243	1167884	18:00 - 19:00 T	754161 886011 904506 957333 958186 989432 991769 1005059 1008387
005734	PK243	0855349	14:00 - 16:00 T	754424 770471 790880 798802 825559 851403 908461 966125
007377	PK336	0031522	19:00 - 22:00 W	754424 787159 822518 849245 865750 899135 902217 905453 906362 906635 950811
007395	PK180	1167859	18:00 - 19:00 T	754424 771075 779966 781139 791975 802256 824872 824983 825102 828467 829872 831800 904706
008763	PK338	1083367	10:00 - 11:30 TTH	755048 784558 803706 807347 832248 860298 904516 911936 966299 984724 1001613 1001894 1002047 1003128 1007134 1011104 1020478 1020727 1027597 1030369 1032769 1037541 1038671 1045379 1049929 1050781 1053105 1055590 1058058 1067377 1067483 1068371 1076437 1078921 1082150 1082907 1083627 1085631
004374	CARP21	0847593	14:00 - 16:00 T	755872 848994
004853	TAYD	0032827	12:00 - 14:00 W	755872 856959 858092
007034	PK243	0031573	11:00 - 12:00 MWF	755872 859231 867165 873190 887130 984724 1017760 1083812
003442	DAL204	0826941	13:00 - 16:00 TH	756275 822518 828705 830276 852456 897911 902217 906035 920248 960497 991213 993566 998885 1044791 1058242
003518	TH224	0915760	18:00 - 19:00 T	756275 783959 807993 830276 833941 865667
006848	TH110	0031347	8:00 - 9:00 M-F	756739 865894 915648 918009 918074 945959 945969 946010 952783 954641 959304 960084 986094 986262 988603 993929 1002045 1002248 1007134 1008925 1013197 1016434 1024283 1038671 1055078 1056738 1057535 1068526 1084187
005740	CARP21	0031392	10:00 - 11:00 MWF	768049 818674
005741	TH224	0855349	9:00 - 10:00 MTWF	768049 778307 781523 806452 868309 903064 920248
001237	TH111	0827357	11:30 - 13:00 TTH	768235 812628 818384
004280	CARP21	0031577	11:30 - 13:00 TTH	1005548
003505	PK229	1063507	12:00 - 14:00 M	768507 806189 850337 854235 858924
001151	PK338	0309967	8:00 - 9:00 M-F	768585 772504 806882 824299 858114 887308 889858 903917 906035 908998 909216 911366 911706 912439 912699 914260 918064 948095 952211 954830 954831 958186 959919 965861 966077 966268 967532 987937 991763 992616 992801 1000750 1002364 1006744 1007554 1007842 1009559 1009729 1010750 1020478 1024213 1025460 1025569 1037541 1039679 1041140 1042335 1057520 1058421 1064780 1064790 1065796 1066309 1067460 1078413 1078680 1079614 1079993 1080149 1081939 1082150 1083626 1086916 1172030
001890	TAYD	0826942	12:00 - 14:00 M	768585 803723 834343 852176
001897	PK229	0056992	19:00 - 21:00 T	768585 803723 809224 828596 831966
003454	TH110	0915760	10:00 - 11:30 TTH	768585 807750 832653 850382 853174 858924 859719 890043 898872 901570 902217 904918 910403 912699 916427 918195 945034 953178 956475 965861 980693 988657 1004997 1007779 1015256 1017760
001213	PK25	0031471	19:00 - 21:30 M	769943 770471 771438 788562 809224 809463 812628 813277 818384 818599 827928 830197 831966 833695 854235 858034 869484 915579 954830
001845	DAL204	0031577	19:00 - 22:00 W	770471 799016 809224 830280 834343 858872 861815 865894 882323 887308 890199 892458 905540 907897 909692 910056 915652 918118 1002036
001763	TAYF	0027799	14:00 - 16:00 W	771438 832928 860257 870197 952594 953178 988544 1017760
004835	PK180	0032827	14:00 - 16:00 M	771732 807750 854345 888075 909240 910403 953178 966303 988355 1003476
001551	PK243	0855533	10:00 - 11:00 MWF	771752 828021 830280 833511 833941 850337 905540 908862 909692 914599
006865	PK336	1167883	9:00 - 10:00 MTWF	772005 822717 824299 829837 830862 834138 843307 860659 886011 909585 948095 952594
008492	PK243	0031462	14:00 - 16:00 F	772305 782929 807993 828065 836904 860532 867165 903222 907248
007393	TH224	0987494	11:00 - 12:00 MWF	772735 779966 825102 825646 829872 896224
001576	TAYD	0826962	19:00 - 21:00 T	772927 908002 918118 918153
004808	PK180	1074848	8:00 - 9:00 M-F	772927 773772 813366 825970 849809 919776 950811 967988 991229 1004206 1023494 1077257
001843	PK25	0056992	12:00 - 14:00 M	773014 780485 799016 807993 819118 858872 883015 887308 899636 901688 915652 915885 960068 966299 985094 992616 1003644 1007842 1016793 1016996 1085324
002669	CARP21	0897706	14:00 - 16:00 F	773014
004013	TH110	0031578	14:00 - 16:00 M	773014 781976 853988 856959 867125 903449 906963 920237 947693 960068 967411 982172 993532 1002767 1004225 1008925 1017832 1017840 1019006 1025508 1025533 1029566 1037338 1037745 1067726 1076923
002151	PK338	0470544	12:00 - 14:00 M	773175 875055 904516 904680 906963 909240 945809 967988 970262 989590 993790 999715 1002248 1002364 1004225 1005149 1006744 1008387 1009559 1017444 1018301 1021867 1025629 1034405 1035148 1036225 1036442 1040874 1047339 1055290 1056722 1056963 1058223 1064045 1065142 1065796 1066778 1067334 1067460 1067933 1068371 1076989 1078680 1083430 1083594 1084017
005845	PK336	0031582	14:00 - 16:00 M	773276 960084 988603 1025379 1030693 1037291 1039868 1042335 1044157 1057779 1067251
001856	PK229	0826942	18:00 - 19:00 T	773385 803723 848150 852176 909837
003027	PK336	0375562	13:00 - 16:00 TH	773573 802710 803706 818674 834495 848789 853970 860204 868309 912081 913466
008441	PK229	0031462	11:00 - 12:00 MWF	776956 812518 907248 1044791
004857	PK243	1063507	11:30 - 13:00 TTH	778307 788849 828068 845664 849713 857382 871309 899292 901481
001424	TH110	0024663	13:00 - 16:00 TH	779081 851684 865645 896036 901262 912439 917702 973811 998351 1010643 1011104 1017832 1017840 1018817 1025508 1025845 1028249 1030693 1039679 1044157 1047339 1049929 1056281 1057592 1057779 1064385 1077815 1082919 1083430 1083627 1084334
002856	PK338	0675005	14:00 - 16:00 W	779081 856128 867125 900240 903449 906085 907217 907596 911802 912699 913946 913989 914290 914299 915622 915648 917883 918519 919158 920251 945034 948568 954830 958492 958984 959304 964596 966094 968216 970193 971073 971315 973811 976318 980544 980693 986688 986807 987276 987613 988271 988657 989520 991672 991769 993169 993517 998784 999826 1001613 1001887 1002364 1002606 1002706 1004206 1005548 1016996 1083812
002872	TH224	1084458	14:00 - 16:00 T	780191 885444 901688 917702 952211 973811 1010750
004735	CARP21	0004955	10:00 - 11:30 TTH	780191
005847	PK180	1015598	13:00 - 16:00 TH	780191 789995 820055 899292 908461 909942 999833 1001887 1025035 1056815
001189	TH224	0138190	10:00 - 11:00 MWF	780485 813277 827460 828065 828467 897911 904706
001862	DAL204	0031557	14:00 - 16:00 W	790880 804193 806886 814828 820055 825646 830700 857087 862176 865894 873557 892236 903600 1016462
005123	TAYD	0031560	18:00 - 19:00 T	781147 828705 834138
008796	TAYD	0031392	11:00 - 12:00 MWF	781191 993506 1005971
002162	DAL204	0986606	12:00 - 14:00 W	781472 799016 806269 812300 847932 851403 861690 865276 884876 886763 888075 890199 901946 911941 959304 1015706
002164	DAL204	0180723	10:00 - 11:00 MWF	781472 784558 799016 806269 812300 847932 850854 851209 851403 852940 861690 865276 884876 886763 888075 890199 901946 911941
004830	TAYF	0348369	12:00 - 14:00 W	782876 810885 871309 899135 899292 901481 914599 960084
005159	PK336	1084458	14:00 - 16:00 W	782876 802710 807347 823997 827772 951991 991668 993532 1018857 1057004
004807	PK243	0672202	14:00 - 16:00 M	783456 788849 807347 899636 972660 1005112 1029210 1056217 1077003 1084017
004359	PK25	0138190	11:30 - 13:00 TTH	784123 789284 858092 948568 950504 970262 972861 986807 1005149 1025522 1025569 1036225 1066308 1066309 1066915 1077416 1077482 1079771 1080648 1086916
001764	PK243	1165592	8:00 - 9:00 M-F	785336 851403 879882 889384 952008 981989 993566 1003389 1084462
002635	DAL204	0320102	12:00 - 14:00 M	785336 900240 911706 915589 952443 959092 971315 988990 991120 1006444 1023494 1046086 1056815 1066679 1067502
008439	TH110	0132890	19:00 - 21:30 M	786698 791975 812518 829872 850382 859719 860298 896224 906085 907596 907897 909560 909942 911936 945635 971073 985440 989401 989590 998815 1005451 1009104 1016793 1056600
001442	PK229	1167855	14:00 - 16:00 F	787159 858527 993532 1005149 1007196
008784	DAL204	0031572	19:00 - 21:00 T	787159 859409 902118 906618 916427 945635 952008 993268 1000895 1007458
006539	TAYD	0777265	14:00 - 16:00 F	787430 830911 1083627
006863	PK243	0826957	13:00 - 16:00 TH	787582 799414 809192 822717 830862 832455 834138 852358 860659 889858
007902	TH224	0028745	11:30 - 13:00 TTH	794297 812518 829376 886011 1046439 1076085
004046	TAYF	0854975	12:00 - 14:00 M	795445 829788 830141 830700 833695 849243 865645 910056
004297	TH224	0994827	14:00 - 16:00 M	799414 822717 832455 882728 889858 909662
008420	DAL204	0031553	11:30 - 13:00 TTH	803579 847790 855859 858864 862152 909560 913989 915740 958492 971073 972633 987937 991120 1001894 1003539 1017760 1077815
004282	TH224	1165566	14:00 - 16:00 F	803723 825478 909091 909662
006518	PK336	0777265	12:00 - 14:00 W	806873 851545 852109 883488 903064 911936 985440 1005451 1076923 1076989
005221	TH224	1167853	10:00 - 11:30 TTH	807993 865667 883015 911598 976244 1019212
002412	PK25	1051497	14:00 - 16:00 M	809192 825616 826565 829096 829360 851310 852945 858034 859066 860497 869484 894845 903191 904301 907150 909560 919825 945584 949279 991672 993169 1016462 1034578
001194	PK243	0706398	19:00 - 21:30 M	810196 819118 871255 911941 914260 915226 915652 920261 992616
002660	CARP21	0031572	19:00 - 21:30 M	
002709	CARP21	0024092	14:00 - 16:00 M	810794 889384
008773	PK25	0431786	8:00 - 9:00 M-F	812824 897034 904347 912781 913880 913989 919158 920095 945034 959337 960037 986688 992189 1004733 1006899 1007882 1015256 1017444 1025629 1056688 1076854 1078508
001847	DAL204	0814748	14:00 - 16:00 F	814593 820055 830280 830807 848492 861391 861815 873557 882323 892236 903600 905540 908164 909692 918118
004036	TH224	0030564	8:00 - 9:00 M-F	818674 867494 888222 899440 910056 972660 988355
004355	DAL204	0989327	10:00 - 11:30 TTH	818674 825024 847790 900525 965925 1005315 1006799 1036027 1047339 1054176 1056281 1056600 1064045 1068109 1084334
001196	GOB	1051497	19:00 - 22:00 W	819118
002564	PK229	1167856	19:00 - 22:00 W	822753 858924 859319 945959 958879 999715
005282	TAYD	0493856	10:00 - 11:30 TTH	823997 826670 896217 1005633
001468	CARP21	0432212	8:00 - 9:00 M-F	825024 850564
004278	PK229	0017611	10:00 - 11:30 TTH	825478 901539 909091 909662 993566
001559	GOB	0129398	9:00 - 10:00 MTWF	825743
002668	GOB	0031392	14:00 - 16:00 T	825935
002671	TAYD	0138190	19:00 - 21:30 M	825935 851187 862176 873190
004866	TH111	0031582	8:00 - 9:00 M-F	826099 831800 901481
003445	DAL204	0031359	19:00 - 21:30 M	826363 831413 887308 887398 901570 965925 988631 991756 1015256 1020695 1025379 1040618 1040868 1040874 1053370
001566	PK336	0826962	19:00 - 21:00 T	826565 834472 834544 849809 865618 889700 908998 967532 988631 1065945 1084462
001568	PK336	0826962	18:00 - 19:00 T	826565 834472 834544 849809 865618 889700 908998 967532 988631 1065945 1084462
005141	PK336	1062910	14:00 - 16:00 T	827772 852358 1003389 1005427 1019940 1024315 1037745 1040045 1066308 1078413 1086916
007905	TH111	0031539	14:00 - 16:00 M	827772 852109 1040874
004879	GOB	1051497	10:00 - 11:00 MWF	
002367	PK25	0493725	9:00 - 10:00 MTWF	829096 849713 859066 892236 894845 903191 906085 907217 909560 954641 958897 991672 993169 999712 999896 1000122 1001394 1019025 1019827 1025644 1034578 1041559 1058058 1076783 1080398
006038	DAL204	0031621	14:00 - 16:00 M	829788 830862 858924 865750 896929 901961 906035 907151 907914 915648 945959 958879 987613 992577 1002729 1005971
006544	TH111	0127086	19:00 - 22:00 W	830276 851545 900429 992801
006585	GOB	1075274	14:00 - 16:00 M	830276
004666	PK229	0775640	19:00 - 21:30 M	831800 849245 915740 1016434 1067483
001179	TAYD	0827357	19:00 - 22:00 W	831966 906896 944831 988355 992189
004009	TH110	0163316	14:00 - 16:00 T	832653 851033 861504 906447 920400 967793 988625 991763 992186 992796 998351 1003476 1018174 1018936 1041981 1055290 1056738 1056963 1058180 1064790 1065142 1066007 1067334 1067724 1067862 1068052 1077294 1078819 1079366 1079444 1081952 1082799 1083626 1085061 1086329
004739	GOB	1084458	11:30 - 13:00 TTH	834603
006024	PK338	0031454	14:00 - 16:00 F	836471 904680 906963 907063 972861 988603 992577 998351 1004225 1005412 1006438 1017339 1020520 1025379 1025533 1025623 1025629 1029737 1029787 1036442 1037541 1040818 1046439 1049929 1053370 1056012 1058223 1066915 1067334 1068383 1076989 1077161 1077257 1077417 1077482 1078508 1083080 1086916
002949	CARP21	1051497	13:00 - 16:00 TH	846811 888222
002939	TH111	0320102	9:00 - 10:00 MTWF	847254 860663 999733 1007394
002945	TAYD	0088906	9:00 - 10:00 MTWF	860497 909693 959092
004838	PK243	1051497	10:00 - 11:30 TTH	849713 889700 901481 903600 914599 917040 950942 1003476 1065945
007010	TH110	0162976	19:00 - 21:00 T	850607 867125 904003 907493 909585 954917 966414 999896 1001196 1004968 1005315 1007799 1007882 1009103 1018174 1019006 1030693 1040818 1044561 1065271 1067748 1068526 1076776 1077257 1077294 1083431
006500	PK25	0777265	14:00 - 16:00 T	851024 852109 853970 858181 985094 985440 998799 1002036 1004968 1005346 1021017 1025035 1025522 1030683 1032432 1032769 1032929 1038303 1056688 1064780 1067182 1077413
006508	TH111	0031478	13:00 - 16:00 TH	851209 858181 1005346
003007	TAYF	0222805	19:00 - 22:00 W	851310 858850 859186 860204 892333 894845 897101 907155 912081
004733	TH224	0004955	19:00 - 21:30 M	851684 861648 865645 889700 901262 1067182
005863	CARP21	0031582	12:00 - 14:00 W	851684 888222
001467	TH111	0031582	14:00 - 16:00 W	858527 869484
005121	PK229	0031560	9:00 - 10:00 MTWF	858872 913946 917883 995269 1057520
007881	TH111	0217682	14:00 - 16:00 T	860257 911218 1004997 1076085
004027	PK229	0215359	14:00 - 16:00 T	865645 907914 909837 913466 965927 966303
004379	GOB	0138190	8:00 - 9:00 M-F	871309
001465	CARP21	0024218	14:00 - 16:00 W	871681
007887	TH111	0217682	12:00 - 14:00 W	987276 998784
006555	GOB	0127086	13:00 - 16:00 TH	899316
002855	PK338	0309967	19:00 - 22:00 W	901262 904680 906447 906618 906963 909942 911775 917040 920400 987600 987937 988603 988990 991120 991213 992186 992796 993790 998351 1000355 1000750 1001351 1001394 1001806 1001894 1001905 1002241 1003389 1003644 1004225 1004324 1005059 1005082 1005315 1005412 1005427 1006105 1006438 1006444 1006744 1007554 1008282 1009559 1009729 1010175 1010643 1010750 1011104 1013071 1013197 1017339 1017412 1017444 1017832 1017840 1018174 1018252 1018271 1018301 1018817 1018857 1018936 1019006 1019025 1019212 1019674 1019827 1019940 1020083 1020150 1020370 1020478 1020520 1020695 1020727 1021017 1021751 1021867 1023494 1023923 1024213 1024283 1024315 1025035 1025379 1025460 1025508 1025522 1025533 1025569 1025623 1025629 1025644 1025845 1027597 1028249 1029210 1029566 1029737 1029787 1030369 1030683 1030693 1032432 1032769 1032929 1034405 1034578 1035148 1036027 1036225 1036442
004288	TH111	0031577	10:00 - 11:00 MWF	901539 901688 909091 966268
004394	GOB	0316015	14:00 - 16:00 W	
008470	TH111	0697660	12:00 - 14:00 M	967042 972633
006525	TH111	0031573	19:00 - 21:00 T	904719 945264 993929
001747	TH111	0416447	18:00 - 19:00 T	904752 999826 1056320
001765	TH111	0271874	11:00 - 12:00 MWF	904752 959919 1007779
002149	TAYF	0470544	19:00 - 21:00 T	909662 988990 992796 1055441 1066335 1076009 1078921 1079268
005852	GOB	0031416	12:00 - 14:00 W	912235
006501	PK180	0031478	11:00 - 12:00 MWF	913115 920095 1001351 1004968 1008925 1018252 1042335 1065183 1065196 1067251 1067297 1079444 1084321
005129	CARP21	0431786	12:00 - 14:00 M	917883
001755	CARP21	0271874	19:00 - 21:00 T	918195 1058180
002408	TH111	0138190	14:00 - 16:00 F	945584 949279 954917
004361	CARP21	1063561	18:00 - 19:00 T	949279 1005068
007877	TAYF	0031386	9:00 - 10:00 MTWF	1002241 1039943 1040618 1046439 1047318
003407	PK336	1081648	12:00 - 14:00 M	1005059 1065196 1066335 1067748 1076776 1078921 1079366 1081917
001156	TH111	0493725	10:00 - 11:30 TTH	1018271 1019674 1056217
