Course	Room	Teacher	Time	Students
001838	PK338	0168763	14:30 - 16:00 TTH	32177 847304 861504 906618 912695 916595 918775 920237 963528 976318 985094 989401 1000750 1003389 1025035 1034578 1037338 1057004 1057520 1065781 1068109 1076922 1077417 1077482 1077963 1078819 1079366 1080894 1086447 1121871 1128560 1131918 1169382 1170848 3077336 3078465 3081061
006023	PK338	0213446	11:00 - 12:00 M	32765 827772 850690 851545 859231 861504 869670 917040 967042 968216 970262 986807 987937 988263 988620 992223 1005427 1018271 1019674 1020370 1020695 1023923 1030369 1032432 1039831 1041981 1047339 1056096 1056970 1057779 1058180 1059572 1059677 1064605 1064752 1065148 1066308 1066431 1067182 1067724 1068549 1076776 1076923 1077413 1078390 1079363 1079366 1079564 1079771 1080653 1081101 1082315 1082842 1083627 1084057 1084462 1086927 1087782 1087938 1088690 1089147 1090933 1096152 1096470 1096822 1100536 1100537 1100899 1101336 1103391 1104216 1105842 1111549 1116377 1116854 1126639 1129814 1134358 1139392 1140609 1143639 1143717 1144234 1145146 1146215 1150699 1150720 1158362 1160614 1160885 1169257 1169360 1170303 1170703 1170757 1170823 1171414 3068772 3069038 3070374 3070438 3072910 3073066 3073357 3073384 3073507 3073692 3074167 3075745 3076190 3076211
008479	PK180	0031619	9:00 - 10:00 TTH	534728 746213 751788 896487 913989 972633 1017760 1077003
008500	TH104	0031619	12:00 - 14:00 W	534728 803579 858864 859719 860532 861648 862152 871788 903222 1003539
003464	PK25	0599596	14:30 - 16:00 TTH	603589 848355 853988 879882 882728 889384 897911 901539 903064 912333 914509 967042 988100 1004997 1006899 1010175 1066778 1170470
004833	PK25	0348369	9:00 - 10:00 MWF	672478 755872 897091 899292 901481 913946 914599 966125 967532 989401 1003476 1018271 1020727 1041981 1063875 1077257 3078465
009304	PK180	0056990	9:00 - 10:00 MWF	819263 823997 827772 861504 865618 869670 883015 890945 896487 918277
007007	PK338	0028980	9:00 - 10:00 MWF	710449 883488 902118 919283 960068 988245 992186 1001394 1013071 1018301 1020695 1021751 1024315 1025623 1027597 1030693 1044561 1057520 1057610 1058242 1066431 1081006 1081250 1082799 1084185 1105086 1146370 1171461 3070440 3074001 3081061 3085513
006518	TH104	0777265	12:00 - 14:30 F	731629 858181 904719 920261 998799 1004968 1064270 1066335 1076299 3080937
007372	PK25	0162977	11:00 - 12:00 F	731629 807767 849245 859564 900541 901946 908375 914076 952594 958897 988245 1001039 1015275 1039831 1065238 1067502 1083080 3086238
007375	PK25	0031631	16:00 - 17:30 MW	731629 780450 822518 828394 861180 861730 887586 896036 901946 902217 914076 952594 960497 986367 988100 989395 992577 993517 1003100 1004324 1055441 3080937
004014	PK25	1167978	12:00 - 14:30 F	746210 773014 952783 1005412 1017492 1023923 1041981 1056963 1058421 1059677 1066924 1077417 1078896 1079564 1088972 1095717 1143639 1169109 1169402 3078408
004274	TH110	3092832	10:00 - 11:00 MWF	747519 858527 859719 871681 1007952 1030683 1044561 1044791 1047339 1056012 1065196 1067241 1067748 1078508 1079384 1083812 1086329 1086867 1087782 1105086 1141220 1157506 3073138
005869	GIL210	0031416	13:00 - 15:00 M	747519 861648 888222
001213	TH110	0031471	14:30 - 16:00 TTH	748765 789284 819118 848492 858752 871255 881793 900409 903917 909675 911706 914260 915652 917702 966077 966299 986807 991763 992189 992616 1007554 1016462
001248	DAL204	0031471	16:00 - 17:30 MW	748765 773014 789284 819118 828596 830197 858752 871255 881793 900409 904540 909675 911706 914260 915652 917702 1016462
001897	CARP21	0826942	20:00 - 22:00 TH	748765 819816 848150 901539 909837 1016462
009232	CARP21	1168236	16:00 - 17:30 MW	848150 852945 858034 906206 945584 950942
005724	PK25	0031392	10:00 - 11:00 MWF	751788 917040 988657 1001394 1003644 1028249 1049050 1053370 1056203 1064385 1064605 1065945 1076854 1078680 1088192 1096113
008485	CARP21	0031553	11:00 - 12:00 M	751788 860532 862152 900409 913989 972633
008488	CARP21	0031553	11:00 - 12:00 F	751788 860532 862152 900409 902226 913989 972633
006865	TH104	3092559	16:00 - 17:30 MW	754161 897310 899316 911598 957333 958186 989432 991769 1005059 1008387 1055590
006867	PK180	0824244	13:00 - 15:00 M	754161 822717 830862 860659 886011 889210 909585 957333 958186 989432 991769 1005059
004888	TH104	0032827	12:00 - 13:00 M	755872 856959 859310 871309 899135 899292 901481 911347 914599 1003476
005154	TH104	1020104	13:00 - 14:30 TTH	757188 779081 830862 901262 999833 1056722 1066308 1143228
006026	PK338	0213446	20:00 - 22:00 TH	757188 865276 875055 897911 899135 904680 908002 912699 967532 992189 1001394 1011104 1017840 1024213 1025035 1025379 1039868 1040868 1041559 1044157 1057779 1064385 1065196 1076854 1077065 1077380 1077815 1084363 1092187 1115477 1149344 1169331 1170860 3071734 3095924
001841	DAL204	0814748	10:00 - 11:30 TTH	757321 830280 862176 865894 868541 892458 901688 904516 905540 906963 909692 1001613 1004733 1016793 1079771
001843	TH110	0056992	20:00 - 22:00 TH	757321 820055 830197 845664 861391 865894 881793 904516 908164 908461 912333 945809 970262 980693 989590 999833 1008967 1024315 1029737 1066309 1083594 1158007 1172397
002160	PK338	0004950	11:30 - 13:00 TTH	757321 828017 904516 904680 906963 911936 915885 988263 989590 992796 1003644 1004225 1006444 1006744 1009559 1009729 1017444 1020150 1025460 1025533 1025629 1029566 1029787 1032929 1035148 1036442 1038420 1038671 1040874 1049299 1055441 1066915 1067460 1067933 1068371 1076009 1076246 1078680 1078921 1084017 3070406
002992	PK338	0375562	14:00 - 16:00 W	757321 903222 913946 948095 984724 987243 1002248 1002606 1005102 1005112 1008967 1013071 1017444 1018271 1019025 1019940 1020727 1021017 1026650 1029787 1038303 1056963 1057610 1058223 1059677 1065142 1065781 1067862 1068383 1076923 1076989 1078648 1078896 1081249 1084187 1086867 1087960 1088690 1093044 1094929 1095349 1097648 1136830 1139392 1142227 1146782 1150720 1150758 1161132 1169968 1170567 1170848 1171002 1172030 3070440 3072208 3072477 3072910 3073004 3073066 3073143 3073169 3073384 3074570 3074930 3074936 3075745 3076618 3077472 3079376 3085403 3085513
001766	TH104	1165592	11:00 - 12:00 M	769851 855859 873190 953178 967411 980544 988355 1007348 1035148 1037541 1077380
009295	GIL210	0057974	12:00 - 14:00 W	769851 832608 1056012
010728	DAL204	0320266	11:00 - 12:00 M	832608 847304 871309 897911 903436 903633 908002 913115 1005068 1056203
003026	DAL204	3093799	12:00 - 14:00 W	770854 818674 848719 853970 868309 870907 872721 890945 896929 907155 910436 913466 967988 986262 1000895 1002729
004072	TH104	0031578	11:30 - 13:00 TTH	770854 833188 864043 865645 867494 874063 899440 899481 965927 1065183
006042	TH110	0554585	10:00 - 11:30 TTH	770854 812824 823997 828036 850327 851310 853970 861690 865750 890043 890665 899767 907914 910421 910436 945449 945959 948095 952594 958879 991769 993169 999715 1001039 1005059 1005112 1013197 1025460 1065183 1086916
001183	PK180	0406445	12:00 - 14:00 W	773014 819118 858034 904540 907462 911856 917702 918064 985440 988620 1019006 1025569
005847	TH104	0467475	17:30 - 20:00 W	773276 1039868 1057779 1059654 1077257 1078646 1080303 1100129 3080937
007034	PK180	0031573	12:00 - 14:30 F	773276 913946 960068 980544 993790 1008282 1021751 1056203 1077257 1077294
001164	PK338	0309967	19:00 - 21:00 M	773385 807767 848680 858114 858527 861815 871681 885444 885910 890199 902371 915652 915885 918064 951991 952211 954830 958897 958984 966299 986807 987937 988271 989520 991763 999733 1007554 1010643 1020083 1025569 1036225 1037745 1056096 1056600 1057520 1064045 1078680 1088180
001839	TH110	0898918	12:00 - 13:00 M	773385 819118 828017 892236 902371 907897 911936 912781 915885 920095 946010 954240 954641 959200 960068 966299 989590 992616 993506 1002045 1016462 1029787 1064605 1084909 1088180 1172397
001862	PK180	0031557	11:00 - 12:00 F	773385 858872 899636 902371 903278 908998 954240 958984 960068 993506 993551 1004733 1088180
003277	TAYF	3094764	20:00 - 22:00 TH	774062 908375 915226
003514	DAL204	0031477	14:30 - 16:00 TTH	774062 786916 859564 867801 873190 889839 896979 906035 910725 912699 915006 990668 1017760 1085631
002866	DAL204	0467475	11:00 - 12:00 F	774831 780450 879882 896929 918153 985440 988544 998799 1002241 1007196 1017412 1044157 1078646 1111901 1169341 3070406
007070	DAL204	1168163	19:00 - 21:00 M	774831 779276 868309 870907 887130 918519 967793 1005068 1007134 1056203 1068052 1079614
007127	PK25	0028980	11:00 - 12:00 M	774831 779276 808392 824978 833188 850607 860204 867165 867494 887130 887647 898741 903229 905351 905954 906738 907493 907665 914509 914916
001180	TH104	0031388	14:30 - 16:00 TTH	779081 871681 887467 904540 950504 954830 993551 1007842 1011104 1079993
001433	CARP21	0031632	10:00 - 11:00 MWF	779081 869484 901732 1077815 1082919 1083627 1172355
001455	CARP21	0020093	19:00 - 21:00 M	779081 851684 1007196 1017840 1082919
001576	PK229	3093377	10:00 - 11:30 TTH	781472 849809 860265 888735 906738 907172 988631
002394	CARP21	0020988	14:00 - 16:00 W	781472 851310 899767 909560 911598 993169 1023494
001864	PK180	0031557	12:00 - 13:00 M	786916 830280 848492 862049 862152 892206 900429 901688 905540 909692 1002364
006846	TH110	1167884	13:00 - 14:30 TTH	786916 899481 901688 903917 917334 920095 959200 966077 966094 966299 972660 972861 988271 993506 999715 1002047 1002364 1036225 1065142 1067182 1080648 1083627 1172397 3079272
001566	TH104	3093377	8:00 - 9:00 M-F	789284 851403 873557 899767 903449 909662 966125 3071151 3082398
001568	PK229	3093377	13:00 - 15:00 M	789284 851403 873557 899767 903449 909662 966125 3071151
004301	GIL210	1165566	12:00 - 14:30 F	789284 819816 909837
001892	PK229	0409956	12:00 - 14:00 W	799016 848492 858872 861391 887308 903278 908164 918118
005157	DAL204	1062910	13:00 - 15:00 M	807750 858181 871309 915648 988990 992186 1010741 1010750 1017832 1032432 1067460 1084017 1096822 1128560
009299	TH104	3092667	11:00 - 12:00 F	807750 850327 856959 859310 899292 911347 914599 950811 988355 989401 1085324
007377	DAL204	0031522	17:30 - 20:00 W	807767 848719 861180 887586 958897 967793 992577 1003100 1007779 1025533 1067377 1079268 3072910
007087	GIL210	0031573	12:00 - 13:00 M	808392 906738 913115
008765	PK338	0431786	10:00 - 11:30 TTH	808392 906085 911936 918549 987347 987861 1001894 1002047 1003128 1011104 1018271 1020478 1020695 1027597 1037541 1038420 1038671 1053105 1055590 1056217 1056970 1057610 1067377 1067483 1068371 1077161 1079085 1079384 1082150 1082907 1084363 1085631 1087960 1088636 1088882 1090933 1092187 1095814 1096470 1102030 1115477 1121871 1126492 1131602 1134015 1142309 1143723 1149270 1149344 1150720 1150965 1160885 1170470 1170567 1172030 3064977 3070438 3072594 3073300
002175	PK180	0168378	10:00 - 11:00 MWF	812300 847932 851403 861690 865276 868382 884876 886763 890199 897310 901946 911941 1015706
006044	TH110	0031526	14:00 - 16:00 W	812300 812824 822717 850327 862049 865750 868382 888075 890043 890665 896929 899419 910421 910436 914916 954830 958879 987613 991769 1005059 1007196 1013197 1018936 1040818
004021	PK229	0031486	12:00 - 14:30 F	818674 899440 945809 988355 1001905 1019006 1081939 1170479
005730	TAYF	0031392	19:00 - 21:00 M	818674 903064 1169968 3068353
001763	TH104	0027799	20:00 - 22:00 TH	818892 851545 896979 903035 952008 954240 987613 1003100 1039943 1102723
005210	PK180	0493856	14:00 - 16:00 W	819263 859186 892333 909216 918277 957333 1003389 1005412 1010750 1019212 1055640 1149565
002413	TH110	0169579	8:00 - 9:00 M-F	819450 825616 897931 904719 958897 993169 998351 1001351 1001806 1005102 1005315 1019025 1019827 1023494 1038420 1056270 1058058 1065945 1076234 1083430 1085324 1088384
002472	DAL204	0493725	10:00 - 11:00 MWF	819450 825616 845664 852945 855859 858034 859066 859186 882728 887467 894845 897091 903191 906206 908002 918153 919825
003006	PK180	0492580	13:00 - 14:30 TTH	819450 847790 865667 903229 904506 905453 910421 1002241 1004997 1058242 1067724
001856	GIL210	0826942	13:00 - 14:30 TTH	819816 887308 989520
001845	DAL204	0123161	20:00 - 22:00 TH	908998 958984 988263 989520 993790 993929 1010643 1013071 1016793 1017832 1056281 1056980 1126492
007364	PK338	0031611	11:00 - 12:00 F	820055 829808 856128 860257 860663 866299 867153 868541 907155 909216 909942 915622 917040 920400 958492 987861 992186 992744 993929 1001394 1001894 1001905 1003020 1004997 1005315 1006105 1020083 1020478 1020520 1025508 1025623 1027597 1028249 1037745 1042335 1046439 1049299 1049929 1053370 1055290 1055640 1056217 1056281 1056320 1056600 1058048 1066335 1068383 1068549 1076274 1077003 1077294 1077416 1079614 1080398 1081250 1082907 1083430 1083626 1084334 1084462 1087081 1088972 1089147 1092116 1095349 1101031 1102030 1122784 1149344 1169109 1170033 1170071 3070374 3072447 3072867 3073004 3073300 3073384 3073666 3089651 3095924
003463	PK180	0599596	11:30 - 13:00 TTH	822518 859719 887308 888735 906035 993506 1000939 1001039 1015275 1056012 1170860 3068369
007395	PK180	1167859	14:30 - 16:00 TTH	822518 848680 849245 865750 896476 900371 900541 901409 903338 906362 906635 1086329
005248	PK180	3090017	20:00 - 22:00 TH	822753 827772 861504 865618 883015 887398 899636 914509 953178 963528 971073 1172030
006033	PK25	0619470	14:00 - 16:00 W	822753 828036 858850 861730 880639 901961 908862 910884 915622 945959 959337 964596 967988 1001039 1002405 1016434 1056722 1068052 1068526 1086916
006059	TH110	0031384	19:00 - 21:00 M	822753 828036 858850 861730 862049 865750 875055 889858 890665 892333 892458 896287 897310 899316 899419 899481 899767 901961 907914 908862 910884 911598 912081 915543
006040	PK229	0409737	12:00 - 13:00 M	823997 830862 861730 892333 897310 909240 1000895 1016434
009270	PK338	1084371	8:00 - 9:00 M-F	823997 848680 858924 873190 898872 901961 904752 904918 906635 907248 917165 918074 918277 952211 953178 968216 971073 998815 1005427 1020478 1038303 1064385 1066007 1066679 1068526 1077003 1077294 1078508 1080894 1083080 1088972 1131189 3065039 3070648 3071015 3074570 3076930
001423	PK25	0031403	19:00 - 21:00 T	824299 1010741 1059469 1080757 1086710 1092116 1096113 1098210 1102030 1117264 1122784 1137955 1140609 1158026 1169968 3072293 3072867 3073357 3074551 3076211 3077471
004377	GIL210	0847593	11:30 - 13:00 TTH	824978 850382 3080198
007125	PK25	0162976	20:00 - 22:00 TH	824978 825616 849379 860204 887647 902541 903229 905351 906206 906738 909693 914916 982172 992223 1000990 1005068 1068052 1076776
009231	TH104	3093827	10:00 - 11:00 MWF	824978 848150 850607 860204 945584 980693 999896 1076246
005274	GIL210	1020104	14:30 - 16:00 TTH	827772 858864 910884
008420	PK338	0031553	9:00 - 10:00 TTH	827963 906085 906618 907596 909942 945635 976318 988544 989395 1000750 1005427 1006405 1018174 1032929 1037338 1044791 1050781 1053105 1056688 1064385 1067382 1073544 1077874 1078390 1078508 1087782 1088192 1088785 1093044 1145578 1149270 1157688 1170303 1170757 3068353 3071734 3076576
008423	TH104	0132890	9:00 - 10:00 TTH	900525 991120 1058421 1064270 1079614 1095349 3070090 3073143
008492	PK180	0031462	19:00 - 21:00 T	827963 862176 871788 887130 899636 902226 905954 907596 907897 976318 988544 1003539 1080149
004806	GIL210	0032827	20:00 - 22:00 TH	828036 1082919 1141729
001561	PK229	0683480	13:00 - 14:30 TTH	828394 851684 908862 910834 964596 1018301 1104151 3070374
007380	PK180	1167859	19:00 - 21:00 M	828394 892206 900371 903338 906635 912695 1002036 1002047 1055441 1077413 1086329
007387	TAYF	0031522	8:00 - 9:00 M-F	828394 832137 988100 1002606
002562	PK180	1167856	17:30 - 20:00 W	830197 896929 897101 999833 1019212 1064780 1067726 1080653 1095596 1171297 3072063 3074167
001894	CARP21	0814748	19:00 - 21:00 T	830280 861815 882323 892236 903600 905540 909692
001748	CARP21	0254474	17:30 - 20:00 W	832653 848773 851545 998885 1092999 3068369
004013	TH110	0163316	12:00 - 14:00 W	832653 861504 988625 991763 992796 998351 1007952 1018936 1026650 1055290 1056738 1058180 1064790 1067334 1067724 1081249 1081952 1083626 1085061 1085106 1099059 1104669 1141220 1158362 3067556 3070374 3072208 3076896 3078500
003275	PK25	3093862	19:00 - 21:00 M	834138 848355 850382 887586 892568 915226 945449 952594 960497 1003128 1004324 1005102 1005112 1006405 1058058 1067502 1086489
006058	TAYF	1167858	13:00 - 15:00 M	834138 889858 892458 896287 901961
004355	PK25	0989327	17:30 - 20:00 W	845664 871255 897091 901481 914599 957333 988620 1007196 1025845 1067382 1076234 1076783 1086867 1087960 1105842 1142418 1149565 3070648
002856	PK338	0492451	10:00 - 11:00 MWF	847790 906618 906963 987600 988990 991120 991213 992796 1001894 1003389 1004324 1005412 1009104 1013197 1017412 1018817 1019827 1020370 1021017 1024283 1025522 1025533 1025569 1029566 1029737 1034578 1038671 1039679 1039943 1040045 1040818 1041981 1045379 1046086 1049299 1053105 1054176 1055078 1056281 1056600 1056688 1056963 1057004 1057261 1057779 1058048 1058242 1064148 1064790 1065271 1065654 1066007 1066924 1067334 1067724 1068371 1068383 1076299 1078413 1079614 1080149 1080648 1081006 1081939 1081952 1082150 1082907 1083594 1083626 1084187 1084334 1085061 1085324 1170860
003003	TH110	0031406	9:00 - 10:00 TTH	847790 860298 875055 887647 907063 910056 911775 987600 1000355 1002241 1008282 1008387 1023923 1034405 1047318 1056722 1058048 1064780 1076776 1077294 1078819 1079366 1081917
004359	PK25	0989327	8:00 - 9:00 M-F	847790 868541 900525 965925 1047339 1054176 1055348 1056600 1062675 1068109 1084334 1104356 1116854 1117142 1139478 3064940 3078073
001764	PK180	1165592	10:00 - 11:30 TTH	847932 907218 988544 1004225 1015275 1030369 1032769 1042335 1076238 1077815 3071094 3074734 3078408
008763	PK338	0428728	12:00 - 14:00 W	901703 908998 912081 918775 945959 946010 965927 988826 998815 1020150 1024213 1025623 1037291 1059572 1067460 1078648 1084185 1084321 1087938 1088365 1093044 1098099 1100536 1100537 1101336 1104151 1122784 1129708 1160614 1169382 3068369 3070344 3070440 3071313 3072447 3073066 3073666 3073692 3074930 3076190 3076576 3077064 3077336 3079376 3085509
006029	PK338	0368960	12:00 - 14:30 F	848719 872721 909240 972861 986262 987600 988603 1005082 1006438 1006444 1008925 1020520 1024283 1025522 1025629 1025644 1029566 1036027 1036225 1036442 1037541 1040818 1049929 1055078 1056722 1058223 1064780 1066915 1067334 1068052 1076009 1076989 1077161 1077482 1078655 1081917 1082799 1084187 1088384 1104669 1117142 1171297 3071151 3073169 3074023 3076930 3077471
001751	CARP21	0254474	8:00 - 9:00 M-F	848773 851545 858181 890043 910834 998885
005271	TAYF	1137952	17:30 - 20:00 W	849245 865582 896487 914260
001569	TH104	3093377	14:00 - 16:00 W	849809 858752 892458 907897 908998 912699 918118 966094 1001613 1006744 1079268
009212	PK229	0827357	11:30 - 13:00 TTH	850327 889384 915652 1025379 1025508 1057261 1079614 1083431
010722	TH104	3094084	9:00 - 10:00 MWF	850382 851684 856959 858864 908862 910834 959337 992189
001547	CARP21	1054236	10:00 - 11:30 TTH	850607 910834 916595 918009 964596 3069038 3075745
005854	TAYF	0031582	12:00 - 14:00 W	851111 851112 865645 908461 1039831
009259	PK25	0031416	10:00 - 11:30 TTH	851111 851112 879882 888222 889858 897931 901946 908461 918153 965925 986807 988625 989520 991213 1018817 1028249 1057261 1065732 1136830 1157047
005722	TH110	0984701	11:30 - 13:00 TTH	851310 904719 1017492 1018183 1039831 1056857 1060299 1077874 1083430 1083812 1101031 1104216 1116377 1141729 1150758 1157047 3068712 3071015 3072867 3074734 3074936 3077809 3081061 3082398 3085504 3086238
001448	CARP21	0031403	13:00 - 15:00 M	851545 896036 950504 993532 1057779 1078819
002872	PK229	1084458	14:30 - 16:00 TTH	851684 897931 905453 966414 1090564 1096113 1099059
006564	TAYF	0777265	12:00 - 13:00 M	852109 858181 883488 985440 998799
009322	DAL204	0127086	12:00 - 14:30 F	852109 888075 911936 912695 918118 984724 985440 993929 999715 1002606 1007134 1030683 1032929 1067251 1067297
009358	TAYF	0031386	9:00 - 10:00 TTH	852109 872721 887877 911218
003499	DAL204	0031353	8:00 - 9:00 M-F	852192 903064 907665 916427 945034 988271 988657 1003100 1017760 1053370 3095924
002469	PK229	0031489	20:00 - 22:00 TH	852945 859066 882728 907150 909560 911598 993169 999896
003447	TH110	0031359	12:00 - 14:30 F	853988 860497 889384 889839 904918 906447 953178 967411 968216 988657 991213 993506 993566 1018183 1037413 1039679 1040868 1041140 1056857 1076274 1077416 1080398 1080757 1084363 1121871 1129708 1169360 3072447
004065	TAYF	1167978	9:00 - 10:00 MWF	858114 889210 903035
004036	PK229	0030564	19:00 - 21:00 M	858752 945809 954240 982172 1000939 1039831 1081939
005123	GIL210	0031560	19:00 - 21:00 M	858872 898741 917883
003454	TH110	0995587	13:00 - 15:00 M	858924 907150 918775 952211 965925 988271 990668 991213 991756 993566 995269 998815 998885 1003389 1005315 1010175 1018174 1025379 1030683 1037541 1039868 1040868 1044561 1044791 1065238 1067297 1076437 1078413 1085631
004839	CARP21	0697660	12:00 - 14:00 W	859186 903600 1007348 1029210 1058242 1067726 1084017
007124	CARP21	1075274	9:00 - 10:00 TTH	859231 867165 887130 905351 905954 967793
008767	PK25	0431786	9:00 - 10:00 TTH	984724 1007134 1019212 1049929 1065183 1076238 1082315 1083627 1095157 1102530 1117264 1160158 3068772 3069264 3073507 3073702
007900	PK229	0031539	16:00 - 17:30 MW	860257 886011 908461 911218 1002241 1032432 1040045 1046439
010725	CARP21	3092941	9:00 - 10:00 MWF	860257 912333 965925 1079444 3077163
003007	PK25	3093799	13:00 - 15:00 M	860298 865667 875055 887647 899241 899419 901688 903436 907063 918074 967988 999733 1000895 1018301 1025522 1055640 1065654 1067862 1080792 1086916 3077471
004725	PK229	0031462	11:00 - 12:00 M	860298 907150 920400 966077 999833 1039868 1055348 1058421 1064270
004009	TH110	0030564	16:00 - 17:30 MW	860659 901703 1005082 1008282 1010741 1025035 1030693 1056722 1076783 1122905 1129814 1131189 1136830 1139392 1149616 1159063 1170757 1171461 3071151 3072910 3073169 3074001 3078465
002637	PK229	0828228	17:30 - 20:00 W	860663 907151 959092 992223 993517 999733 1001394 1005199
009262	DAL204	1168430	9:00 - 10:00 TTH	860663 901262 917165 958186 986367 1020083 1020478 1046086 1058893 1094134 1142212 1170823 1171002 3077809
004735	GIL210	0467479	17:30 - 20:00 W	861648 889700 1067182
010727	TH104	3094620	19:00 - 21:00 M	867165 904516 966077 970262 1020370 1025460 1084187
004666	TH104	0775640	19:00 - 21:00 T	865276 887877 896036 992616 998799 1002767 1005068 1065183
006519	PK229	0031478	11:00 - 12:00 F	865618 870197 883488 899316 906362 1006438 1025522 1077257 1083431
006562	GIL210	0031573	8:00 - 9:00 M-F	865667 985094 1004968
002162	PK25	0986606	12:00 - 13:00 M	866299 904506 917334 918009 919283 952783 959189 960037 960084 966094 972660 972861 988625 1002767 1008925 1036225 1080648
003440	PK180	0031359	8:00 - 9:00 M-F	867801 879882 902217 906035 918195 995269 1005451 1040618 1082842 1085061 1141729 1169369
003039	GIL210	0375562	16:00 - 17:30 MW	868309 870907 907155 913466
002164	PK25	0180723	11:30 - 13:00 TTH	868382 904506 917334 918009 919283 946010 952783 954641 959189 960037 960084 966094 972660 988625 1002045 1002767 1008925 1015706 1080648
001456	TAYF	0024218	16:00 - 17:30 MW	869484 871681 876307 950504 993532 1029210
002712	PK243	0031353	14:30 - 16:00 TTH	869575
007010	TH110	0162976	19:00 - 21:00 T	869670 901481 906447 911775 918074 920400 959337 960037 964596 987600 1001905 1007134 1013071 1018857 1019940 1020695 1024315 1025623 1066679 1067862 1076923 1078648 1083626 1083812 1086916 1093549 1094134 3073143 3085403
005297	PK243	0031489	19:00 - 21:00 M	871309
005290	GIL210	1062910	11:00 - 12:00 M	883015 899636 902226 1172030
001836	PK338	0898918	19:00 - 21:00 T	884876 904680 918549 987347 992796 1003644 1004225 1006744 1009559 1017444 1020150 1021867 1025460 1025569 1029566 1030693 1032929 1034405 1035148 1036225 1038671 1041559 1050781 1055290 1056688 1056738 1056963 1064045 1065142 1066778 1067460 1067933 1068371 1076009 1076989 1077413 1078390 1078921 1079363 1079993 1081917 1081952 1082150 1083594 1087938 1088365 1088636 1088785 1098099 1102723 1105842 1129814 1142212 1143717 1145578 1169257 1170071 1170470 3065039 3070344 3070438 3071094 3072484 3076930 3080595
008467	PK229	0125630	8:00 - 9:00 M-F	884876 945449 988245 991120 1004324 1066924 1088192 3086238
006024	PK338	0301909	12:00 - 13:00 M	885444 918549 920261 987347 1040874 1055348 1059654 1066683 1076234 1076877 1081249 1083594 1085106 1088365 1088558 1092999 1094520 1095717 1099662 1100129 1104498 1119989 1129708 1131602 1134015 1142227 1142309 1143290 1150965 1158007 1159063 1160658 1161132 1169341 1169402 1171461 3064940 3068712 3069264 3070406 3071015 3071094 3072208 3072477 3072594 3075188 3078073 3085644
002366	DAL204	1168179	9:00 - 10:00 MWF	887398 903191 907150 998351 999833 1029210 1056270 1065945 1067251 1067726 1083430 1084462 1085324 3070344
006500	TH110	0127086	11:00 - 12:00 F	887478 910884 911775 920261 986262 988631 988990 989395 1007952 1009104 1024283 1030693 1060299 1063875 1067251 1067297 1067862 1086710 1086802 1090564 1095157 1095814 1096470 1099662 1101406 1131918 1133174 1143265 1150758 1158007 1169369 3069991
007896	GIL210	0468281	11:00 - 12:00 F	887877 1040618 1047318
009274	CARP21	0058557	12:00 - 14:30 F	896979 901868 904752 906035 912333 918775
001747	TAYF	0416447	12:00 - 14:30 F	890043 915622 1081006 1093549 1103391
001757	GIL210	3094709	9:00 - 10:00 TTH	890043 910834 916595
006502	TAYF	0031621	13:00 - 14:30 TTH	896287 910884 1029787 1076877 1170860
007381	PK25	0031611	12:00 - 14:00 W	896476 899135 901409 903449 950811 959200 960497 966125 987243 993517 1002036 1002047 1003128 1025533 1049299 1067377 1077413 1079268 1079444 3080937
002416	PK243	0493856	10:00 - 11:30 TTH	897091 1037291
007877	PK229	0031386	10:00 - 11:00 MWF	898741 1021751 1034405 1073544 1080272 1096152 1146370 1158026 3078500
004882	PK243	0031489	19:00 - 21:00 T	899135 1003476
001151	PK338	0309967	13:00 - 15:00 M	900409 901262 904680 906963 917883 920095 980544 988263 988826 992189 1003644 1009104 1011104 1017444 1017840 1018817 1020520 1025508 1025845 1037745 1044157 1045379 1055078 1057592 1065781 1066778 1077065 1077161 1077380 1077417 1077874 1079085 1080303 1080894 1081101 1087081 1088636 1088882 1094929 1095157 1095596 1100536 1100537 1115477 1122905 1134015 1137955 1146370 1150699 1169331 1169369 1169382 1170071 1170479 3072477 3073300 3073507 3077163 3085521
004280	TAYF	0031577	11:30 - 13:00 TTH	901539 909662 1056096 1066309 1079993
004290	GIL210	1168243	9:00 - 10:00 MWF	901539 909662 1084909
002635	TH110	1167917	9:00 - 10:00 MWF	901868 910056 913466 1017339 1017412 1019006 1026650 1058893 1062675 1064752 1066683 1094134 1126492 1126639 1142227 1143265 1145146 1146215 1158362 1169331 1170848 3065039 3074023
003532	PK229	1063157	9:00 - 10:00 TTH	901868 952008 952211 968216 980544 991756 998885 1085631
008811	TAYF	0576472	14:30 - 16:00 TTH	902118 908375 993268 1007458
001753	TAYF	0416447	11:00 - 12:00 M	903338 1025035 1037291 1056320 1170033 3078500
004027	TAYF	0215359	11:00 - 12:00 F	903449 920237 1017832 1037338 1040818 1065271
004041	PK229	3092051	9:00 - 10:00 MWF	903449 904301 918064 951991 988355 1065271 1076923
001559	PK243	0031756	20:00 - 22:00 TH	903633
001185	PK243	0123161	16:00 - 17:30 MW	903917 1039679 1057592
005191	GIL210	1137952	10:00 - 11:00 MWF	903917 950504 970262 3076576
001772	TAYF	0271874	10:00 - 11:00 MWF	904752 918195 971073 995269 1007779 1058180
005727	GIL210	0031543	14:00 - 16:00 W	904918 914076 1065238 1096152
008427	DAL204	0125630	12:00 - 13:00 M	906085 909942 1001351 1006405 1009104 1017760 1040618 1041559 1056738 1067483 1077003 1079444 1080398 1085061 3069337
004011	PK338	0030564	17:30 - 20:00 W	906447 906738 992186 1003389 1006405 1008967 1018174 1056320 1057261 1059469 1066007 1067241 1079444 1080757 1081250 1082799 1082842 1084909 1086329 1097648 1102530 1104498 1143717 1144234 1145578 1157506 1169360 1169962 1170033 1170370 1170703 1170823 1171414 3076618 3077472 3089651
008447	CARP21	0132890	12:00 - 13:00 M	906618 987937 1038420 1064270 1078819 1080792 1084462
005845	CARP21	0031582	13:00 - 14:30 TTH	908164 1028249 1089147 1119989 1140609 3072293 3076211
005205	TH104	3090017	10:00 - 11:30 TTH	909216 985094 1005082 1049929 1054176 1057004 1058058 1073544 1076783 1088173 3076618
008773	PK25	1168489	13:00 - 14:30 TTH	909240 954917 993790 1018252 1020520 1025845 1039679 1056270 1057004 1065732 1081006 1086802 1087081 1105086 1128560 1146215 3071734 3078408
002381	GIL210	0031473	19:00 - 21:00 T	909560 917702 1023494 1082905
004807	TH104	0672202	13:00 - 15:00 M	909560 912699 988631 1049050 1053105 1058421 1101406 1116377 3068353 3069337 3080592
001562	PK243	0031333	17:30 - 20:00 W	910834
007905	PK243	0031539	8:00 - 9:00 M-F	911218
004817	GIL210	0031473	10:00 - 11:30 TTH	911347 989401 1020727 1170370
008779	DAL204	0899465	14:00 - 16:00 W	912781 913989 920095 945034 945635 963528 971073 993566 1006105 1018301 1076274 1078508 1080149 1088173
002151	PK338	1083806	13:00 - 14:30 TTH	915648 959092 1002729 1005059 1010643 1017492 1029737 1030369 1045379 1055078 1056738 1056980 1059572 1064605 1065148 1079366 1079771 1082150 1082315 1082907 1088558 1088785 1097648 1101406 1104216 1116854 1117320 1131189 1133174 1139478 1143639 1143723 1144234 1150699 1157047 1160158 1160658 1169962 1170303 1171414 3064940 3078073 3080595
005141	DAL204	0493856	19:00 - 21:00 T	915648 1005412 1018183 1054176 1056857 1067241 1076238 1084057 1086447 1086927 1092187 1100338 1141220 1142309 1160614 1169402 3064977
008800	DAL204	0031572	13:00 - 14:30 TTH	918009 945635 959337 960037 967042 1000895 1004733 1006899 1015256 1018857 1024315 1025644 1047318 1065646 1076854
002855	PK338	0031347	16:00 - 17:30 MW	918549 987347 988826 1007952 1008967 1017492 1018183 1026650 1056857 1056970 1057610 1058893 1059572 1059654 1059677 1060299 1062675 1063875 1064752 1065148 1065646 1065732 1066431 1066683 1067241 1067382 1068549 1076234 1076238 1076877 1077065 1077874 1078390 1078646 1078655 1078896 1079085 1079363 1079564 1080272 1080303 1080653 1080757 1080894 1081101 1081249 1081250 1082315 1082842 1084363 1086447 1086710 1086802 1086867 1087081 1087782 1087938 1087960 1088173 1088365 1088384 1088558 1088636 1088690 1088785 1088882 1088972 1089147 1090564 1090933 1092116 1092187 1092999 1093044 1093549 1094134 1094520 1094929 1095157 1095349 1095596 1095717 1095814 1096113 1096152 1096470 1096822 1097648 1098099 1098210 1099662 1100129 1100338 1100536 1100537 1100899 1101031 1101336 1101406 1102030 1102530 1102723 1103391 1104151 1104216 1104356 1104498 1104669 1105086 1105842 1111549
002367	TH110	0493725	11:00 - 12:00 M	950942 980693 988826 998351 1001806 1004225 1005102 1006744 1009559 1023494 1055640 1056270 1065654 1065781 1065945 1066007 1076854 1080792 1082905 1098099 1104356 1117264 1117320 1139478 1143723 1169962 1170370 3070090 3073666 3074570 3077064 3085504 3085521
002688	PK243	0031353	11:00 - 12:00 M	952008 1000939 1056217
006508	TAYF	0031478	14:00 - 16:00 W	958186 985094 1004968 1030683 1067297
001178	PK243	0827357	11:00 - 12:00 F	966299 1007554 1018817
004361	TAYF	1063561	19:00 - 21:00 T	972861 1066308 1077416 1077482 1100899 3080198
005121	PK243	0031560	13:00 - 15:00 M	976318 1041559
002149	DAL204	0470544	11:30 - 13:00 TTH	987937 1001613 1006438 1064752 1077161 1080303 1081101 1090933 1111549 1142418 1143290 1170703 3073692 3076190 3085509 3085521
006860	CARP21	0031335	11:30 - 13:00 TTH	988603 1013197 1024283 1055590 1057535 1078655 3074023
007008	TH110	0316015	17:30 - 20:00 W	993790 1034405 1038303 1040818 1044561 1064148 1065142 1076274 1078896 1080149 1094929 1098210 1101031 1101336 1131602 1170567 3067556 3068772 3069264 3073138 3076896
002564	PK243	1167856	12:00 - 14:00 W	1000750 1079771
006038	PK243	0031621	12:00 - 14:30 F	1000750
007881	PK229	0742958	14:00 - 16:00 W	1001905 1002241 1032432 1039943 1040045 1040618 1046439 1047318 1058048
005197	PK243	1020104	12:00 - 13:00 M	1008387 1057592
006848	PK180	0031347	11:00 - 12:00 M	1009729 1025644 1036027 1064780 1066915 1100129 1104669 1117142 1143228 1159063 1171297 3075188
005159	PK243	1084458	10:00 - 11:00 MWF	1010741 1017840 1137955
009301	PK243	0031353	9:00 - 10:00 TTH	1010750
002152	PK180	0428815	16:00 - 17:30 MW	1017832 1055348 1059469 1066309 1084057 1085106 1086927 1099059 1119989 1134358 1150965 1158007 3068712 3074734
003017	PK243	0492580	14:00 - 16:00 W	1021751 1025644 1084909
004278	PK243	0529112	13:00 - 14:30 TTH	1047339 1056096
001156	PK243	0493725	9:00 - 10:00 MWF	1053370
004733	TAYF	0467594	10:00 - 11:30 TTH	1058893 1076877 1086927 1094520 3069337 3074551
006525	PK243	0031573	11:30 - 13:00 TTH	1066679 1073544
007887	PK336	0217682	16:00 - 17:30 MW	1076085
005119	CARP21	0031560	14:30 - 16:00 TTH	1080653 1088173 1088384 1111549 1169257 3084099
001560	PK336	0129398	11:00 - 12:00 M	1104151
003407	PK229	1051448	19:00 - 21:00 T	1170479 1171297 3067556 3073138 3074930 3075188 3076896 3077472 3080592
