Class Times	100
Rooms	100
1	1542
2	2398
3	1531
4	3009
5	4154
6	7217
7	9210
8	5500
9	1767
10	2139
11	4273
12	712
13	7897
14	408
15	834
16	6979
17	9822
18	4766
19	8635
20	3361
21	4269
22	5645
23	2245
24	2067
25	6109
26	21
27	7155
28	7167
29	4588
30	116
31	7466
32	83
33	2745
34	9099
35	4294
36	5214
37	8632
38	3720
39	7256
40	6220
41	6262
42	7696
43	5696
44	2546
45	1821
46	1827
47	4245
48	3714
49	6300
50	4966
51	9552
52	7959
53	8942
54	796
55	4227
56	8256
57	1154
58	8329
59	7842
60	1931
61	6948
62	3835
63	8194
64	5314
65	1281
66	1012
67	1793
68	7122
69	9835
70	6962
71	8320
72	9105
73	6109
74	9439
75	8985
76	715
77	9262
78	5298
79	1149
80	1282
81	7764
82	896
83	9246
84	4986
85	3175
86	8005
87	3031
88	6081
89	7772
90	7017
91	2468
92	6254
93	3183
94	6218
95	6101
96	8628
97	9280
98	8130
99	4595
100	77
Classes	1000
Teachers	500
1	429
2	95
3	387
4	119
5	391
6	200
7	360
8	235
9	57
10	366
11	150
12	103
13	408
14	73
15	94
16	181
17	11
18	207
19	377
20	454
21	178
22	303
23	167
24	112
25	114
26	413
27	381
28	315
29	321
30	242
31	205
32	183
33	103
34	83
35	273
36	57
37	294
38	498
39	454
40	146
41	281
42	263
43	13
44	324
45	456
46	432
47	43
48	3
49	335
50	374
51	489
52	43
53	383
54	122
55	235
56	357
57	440
58	76
59	149
60	71
61	455
62	63
63	413
64	294
65	247
66	42
67	78
68	264
69	394
70	492
71	98
72	406
73	298
74	316
75	349
76	371
77	258
78	131
79	275
80	178
81	303
82	7
83	16
84	323
85	493
86	74
87	485
88	263
89	55
90	85
91	197
92	129
93	383
94	182
95	271
96	311
97	66
98	408
99	386
100	277
101	183
102	102
103	452
104	346
105	261
106	350
107	391
108	216
109	437
110	423
111	260
112	111
113	112
114	236
115	302
116	37
117	199
118	317
119	444
120	273
121	311
122	237
123	418
124	55
125	321
126	119
127	173
128	495
129	164
130	164
131	397
132	286
133	419
134	155
135	417
136	118
137	102
138	44
139	445
140	364
141	99
142	476
143	151
144	437
145	326
146	246
147	75
148	67
149	282
150	278
151	264
152	104
153	363
154	426
155	238
156	141
157	214
158	253
159	217
160	361
161	436
162	450
163	448
164	24
165	337
166	495
167	90
168	96
169	475
170	79
171	418
172	486
173	453
174	63
175	207
176	471
177	210
178	78
179	132
180	286
181	25
182	2
183	375
184	378
185	215
186	68
187	91
188	394
189	260
190	317
191	343
192	93
193	125
194	315
195	433
196	123
197	38
198	184
199	144
200	290
201	176
202	18
203	96
204	309
205	468
206	7
207	334
208	101
209	111
210	267
211	157
212	432
213	483
214	113
215	450
216	180
217	458
218	332
219	423
220	256
221	292
222	245
223	348
224	107
225	365
226	139
227	357
228	435
229	469
230	245
231	41
232	333
233	176
234	330
235	80
236	289
237	231
238	76
239	171
240	165
241	177
242	240
243	427
244	483
245	267
246	420
247	203
248	14
249	498
250	27
251	67
252	354
253	327
254	271
255	282
256	370
257	407
258	81
259	17
260	244
261	213
262	279
263	216
264	337
265	72
266	425
267	130
268	330
269	29
270	444
271	459
272	468
273	204
274	89
275	340
276	61
277	367
278	378
279	334
280	399
281	458
282	467
283	163
284	56
285	114
286	287
287	250
288	94
289	9
290	350
291	31
292	281
293	154
294	217
295	250
296	4
297	160
298	125
299	209
300	242
301	161
302	141
303	459
304	69
305	406
306	172
307	20
308	186
309	327
310	221
311	192
312	131
313	191
314	358
315	351
316	475
317	118
318	375
319	28
320	73
321	367
322	356
323	380
324	262
325	494
326	166
327	417
328	239
329	463
330	496
331	349
332	187
333	108
334	52
335	19
336	206
337	258
338	446
339	339
340	469
341	155
342	377
343	223
344	105
345	353
346	313
347	3
348	29
349	398
350	310
351	440
352	429
353	70
354	194
355	320
356	174
357	296
358	403
359	452
360	24
361	274
362	388
363	487
364	470
365	363
366	81
367	343
368	93
369	58
370	2
371	407
372	467
373	85
374	117
375	308
376	464
377	99
378	401
379	4
380	62
381	322
382	5
383	295
384	338
385	56
386	132
387	101
388	139
389	177
390	213
391	290
392	449
393	471
394	420
395	233
396	480
397	47
398	234
399	19
400	136
401	292
402	236
403	144
404	12
405	59
406	12
407	15
408	220
409	180
410	45
411	26
412	308
413	325
414	455
415	202
416	352
417	395
418	485
419	405
420	265
421	473
422	97
423	414
424	89
425	100
426	196
427	184
428	83
429	299
430	204
431	382
432	497
433	453
434	306
435	246
436	333
437	124
438	9
439	182
440	122
441	446
442	175
443	46
444	247
445	197
446	79
447	168
448	277
449	393
450	449
451	366
452	42
453	298
454	342
455	347
456	106
457	92
458	143
459	412
460	368
461	27
462	170
463	64
464	268
465	381
466	398
467	341
468	490
469	478
470	149
471	193
472	464
473	167
474	274
475	163
476	160
477	305
478	181
479	345
480	387
481	70
482	268
483	150
484	310
485	157
486	13
487	100
488	64
489	359
490	484
491	234
492	162
493	491
494	435
495	151
496	90
497	500
498	241
499	5
500	479
501	91
502	14
503	218
504	433
505	35
506	262
507	336
508	390
509	316
510	460
511	195
512	152
513	409
514	120
515	6
516	244
517	409
518	74
519	390
520	134
521	202
522	26
523	255
524	487
525	431
526	355
527	255
528	332
529	272
530	352
531	379
532	200
533	339
534	414
535	97
536	219
537	336
538	175
539	71
540	134
541	484
542	117
543	138
544	80
545	120
546	493
547	436
548	138
549	193
550	428
551	87
552	476
553	113
554	342
555	297
556	39
557	278
558	269
559	499
560	170
561	297
562	230
563	20
564	283
565	18
566	153
567	335
568	346
569	32
570	500
571	34
572	354
573	11
574	482
575	65
576	206
577	430
578	201
579	195
580	427
581	457
582	41
583	115
584	147
585	368
586	283
587	402
588	84
589	302
590	314
591	371
592	272
593	62
594	355
595	299
596	326
597	59
598	460
599	194
600	280
601	351
602	447
603	340
604	52
605	489
606	156
607	402
608	434
609	405
610	223
611	109
612	92
613	360
614	269
615	169
616	133
617	424
618	473
619	169
620	439
621	222
622	373
623	110
624	404
625	237
626	382
627	31
628	158
629	104
630	53
631	233
632	320
633	284
634	60
635	174
636	374
637	227
638	154
639	287
640	86
641	123
642	215
643	280
644	37
645	40
646	422
647	465
648	400
649	34
650	415
651	40
652	209
653	325
654	254
655	136
656	477
657	227
658	404
659	403
660	28
661	49
662	166
663	23
664	140
665	477
666	359
667	61
668	51
669	127
670	465
671	470
672	17
673	479
674	401
675	328
676	341
677	23
678	1
679	323
680	249
681	140
682	203
683	307
684	189
685	21
686	466
687	410
688	395
689	199
690	135
691	109
692	130
693	190
694	491
695	208
696	48
697	328
698	47
699	265
700	443
701	419
702	389
703	480
704	219
705	293
706	338
707	137
708	270
709	87
710	198
711	198
712	162
713	35
714	463
715	82
716	324
717	186
718	210
719	266
720	376
721	25
722	389
723	44
724	22
725	376
726	421
727	75
728	65
729	39
730	38
731	441
732	426
733	428
734	196
735	8
736	384
737	106
738	251
739	137
740	386
741	385
742	373
743	21
744	173
745	261
746	158
747	54
748	438
749	248
750	362
751	379
752	380
753	384
754	445
755	143
756	124
757	456
758	224
759	486
760	168
761	451
762	241
763	457
764	45
765	259
766	228
767	146
768	411
769	441
770	1
771	488
772	249
773	10
774	228
775	431
776	214
777	481
778	127
779	410
780	256
781	222
782	497
783	257
784	421
785	231
786	253
787	98
788	481
789	276
790	152
791	478
792	224
793	115
794	51
795	192
796	36
797	232
798	304
799	362
800	179
801	69
802	275
803	400
804	442
805	185
806	243
807	356
808	309
809	276
810	147
811	344
812	60
813	248
814	190
815	451
816	187
817	48
818	353
819	447
820	172
821	306
822	211
823	462
824	252
825	66
826	189
827	369
828	95
829	393
830	411
831	285
832	291
833	364
834	68
835	448
836	218
837	82
838	179
839	412
840	108
841	425
842	6
843	72
844	86
845	291
846	46
847	49
848	156
849	211
850	159
851	54
852	229
853	285
854	142
855	430
856	201
857	36
858	126
859	148
860	153
861	185
862	344
863	305
864	133
865	439
866	58
867	399
868	466
869	372
870	422
871	482
872	142
873	416
874	284
875	301
876	254
877	314
878	370
879	22
880	257
881	461
882	397
883	191
884	251
885	499
886	289
887	212
888	232
889	16
890	84
891	220
892	296
893	107
894	492
895	145
896	304
897	307
898	388
899	205
900	243
901	165
902	319
903	313
904	442
905	159
906	121
907	121
908	348
909	438
910	135
911	322
912	361
913	472
914	396
915	116
916	212
917	105
918	259
919	434
920	32
921	33
922	345
923	30
924	77
925	288
926	488
927	372
928	396
929	295
930	145
931	77
932	252
933	88
934	270
935	312
936	443
937	88
938	110
939	312
940	208
941	33
942	300
943	126
944	229
945	171
946	10
947	318
948	462
949	239
950	385
951	116
952	490
953	300
954	148
955	226
956	474
957	161
958	128
959	288
960	30
961	392
962	416
963	358
964	221
965	230
966	472
967	301
968	474
969	331
970	329
971	15
972	329
973	461
974	129
975	331
976	392
977	365
978	226
979	53
980	415
981	188
982	369
983	266
984	293
985	279
986	424
987	347
988	128
989	8
990	494
991	318
992	240
993	225
994	238
995	225
996	319
997	496
998	50
999	50
1000	188
