Class Times	100
Rooms	100
1	5000
2	6955
3	2777
4	6973
5	5606
6	9348
7	620
8	8902
9	2683
10	1721
11	4612
12	2396
13	1178
14	9591
15	7325
16	7343
17	991
18	7982
19	6780
20	5226
21	5218
22	8260
23	9194
24	5236
25	3206
26	1650
27	7453
28	1914
29	1582
30	2087
31	8357
32	8487
33	7910
34	9500
35	6968
36	3267
37	4141
38	7077
39	8833
40	2890
41	6497
42	220
43	5666
44	6316
45	6352
46	6708
47	7771
48	452
49	1677
50	6291
51	8842
52	7798
53	2364
54	7925
55	7822
56	3117
57	7893
58	6846
59	6600
60	8768
61	2057
62	2474
63	5271
64	4237
65	4722
66	8078
67	2889
68	6903
69	3372
70	3297
71	7088
72	6803
73	8434
74	8700
75	1227
76	5457
77	5208
78	6340
79	261
80	6319
81	5630
82	475
83	4135
84	5653
85	3419
86	5951
87	8281
88	5209
89	4754
90	9755
91	9610
92	2270
93	528
94	8244
95	3256
96	5285
97	8182
98	4771
99	709
100	593
Classes	1000
Teachers	500
1	354
2	24
3	320
4	222
5	391
6	216
7	181
8	330
9	439
10	297
11	331
12	193
13	89
14	419
15	289
16	60
17	449
18	179
19	227
20	126
21	426
22	387
23	374
24	183
25	25
26	412
27	425
28	315
29	366
30	487
31	8
32	451
33	208
34	152
35	58
36	13
37	34
38	494
39	482
40	460
41	208
42	381
43	323
44	187
45	276
46	232
47	246
48	382
49	89
50	364
51	121
52	492
53	215
54	444
55	92
56	156
57	492
58	281
59	488
60	126
61	334
62	135
63	316
64	453
65	487
66	30
67	232
68	359
69	246
70	295
71	171
72	40
73	111
74	352
75	86
76	144
77	191
78	296
79	368
80	3
81	52
82	253
83	359
84	328
85	170
86	100
87	81
88	443
89	72
90	301
91	421
92	171
93	159
94	168
95	140
96	357
97	33
98	23
99	140
100	470
101	128
102	183
103	328
104	122
105	144
106	182
107	423
108	21
109	372
110	37
111	57
112	216
113	31
114	344
115	104
116	228
117	374
118	427
119	466
120	405
121	71
122	451
123	430
124	348
125	71
126	416
127	275
128	280
129	264
130	454
131	101
132	336
133	5
134	392
135	482
136	110
137	362
138	345
139	315
140	294
141	361
142	202
143	114
144	238
145	56
146	394
147	463
148	237
149	444
150	282
151	23
152	44
153	290
154	290
155	322
156	361
157	68
158	178
159	423
160	463
161	384
162	26
163	80
164	452
165	210
166	247
167	402
168	307
169	397
170	116
171	10
172	168
173	334
174	412
175	364
176	408
177	311
178	154
179	331
180	11
181	470
182	295
183	157
184	139
185	293
186	66
187	37
188	224
189	128
190	388
191	422
192	390
193	399
194	292
195	304
196	458
197	446
198	357
199	78
200	289
201	496
202	230
203	398
204	267
205	122
206	77
207	280
208	118
209	92
210	476
211	475
212	198
213	199
214	425
215	124
216	316
217	439
218	440
219	299
220	96
221	498
222	223
223	404
224	70
225	123
226	205
227	373
228	241
229	162
230	97
231	452
232	78
233	271
234	252
235	112
236	150
237	173
238	195
239	162
240	225
241	114
242	244
243	369
244	242
245	120
246	386
247	352
248	64
249	20
250	97
251	26
252	414
253	403
254	378
255	498
256	124
257	84
258	131
259	41
260	204
261	353
262	398
263	158
264	496
265	460
266	49
267	474
268	483
269	82
270	292
271	251
272	291
273	491
274	353
275	284
276	296
277	213
278	497
279	67
280	399
281	372
282	150
283	261
284	265
285	362
286	84
287	264
288	287
289	371
290	453
291	88
292	457
293	312
294	75
295	442
296	489
297	243
298	471
299	426
300	235
301	291
302	9
303	223
304	405
305	367
306	220
307	25
308	81
309	111
310	5
311	54
312	310
313	327
314	121
315	294
316	286
317	17
318	62
319	231
320	2
321	267
322	414
323	344
324	30
325	44
326	271
327	55
328	429
329	174
330	46
331	50
332	68
333	488
334	490
335	430
336	36
337	390
338	143
339	376
340	337
341	440
342	408
343	254
344	155
345	341
346	400
347	363
348	43
349	107
350	323
351	182
352	51
353	33
354	382
355	179
356	201
357	194
358	300
359	40
360	500
361	41
362	104
363	258
364	57
365	428
366	202
367	207
368	181
369	79
370	337
371	239
372	465
373	465
374	285
375	318
376	275
377	415
378	87
379	51
380	79
381	222
382	94
383	229
384	105
385	336
386	343
387	188
388	1
389	455
390	189
391	345
392	329
393	62
394	142
395	61
396	304
397	376
398	187
399	329
400	163
401	332
402	247
403	2
404	285
405	32
406	112
407	108
408	467
409	375
410	38
411	32
412	324
413	431
414	244
415	229
416	413
417	177
418	117
419	200
420	107
421	422
422	242
423	10
424	152
425	15
426	43
427	123
428	435
429	277
430	413
431	174
432	261
433	194
434	236
435	373
436	241
437	369
438	19
439	220
440	484
441	133
442	307
443	50
444	270
445	106
446	479
447	302
448	173
449	52
450	148
451	169
452	311
453	80
454	95
455	61
456	258
457	82
458	117
459	148
460	443
461	139
462	134
463	474
464	378
465	387
466	239
467	245
468	489
469	28
470	110
471	175
472	115
473	55
474	332
475	494
476	322
477	158
478	191
479	207
480	317
481	142
482	278
483	206
484	325
485	317
486	431
487	325
488	306
489	154
490	346
491	484
492	288
493	224
494	368
495	149
496	18
497	435
498	35
499	76
500	305
501	93
502	392
503	234
504	259
505	253
506	155
507	371
508	88
509	192
510	495
511	36
512	428
513	190
514	272
515	14
516	130
517	94
518	228
519	350
520	213
521	210
522	340
523	313
524	38
525	243
526	340
527	406
528	475
529	188
530	446
531	45
532	72
533	495
534	67
535	96
536	282
537	449
538	351
539	306
540	370
541	429
542	20
543	384
544	400
545	248
546	141
547	342
548	343
549	339
550	170
551	21
552	135
553	339
554	98
555	401
556	467
557	351
558	192
559	159
560	283
561	427
562	401
563	133
564	355
565	490
566	200
567	237
568	240
569	486
570	338
571	406
572	263
573	199
574	196
575	421
576	113
577	189
578	146
579	356
580	120
581	65
582	286
583	350
584	56
585	48
586	480
587	461
588	118
589	167
590	15
591	499
592	87
593	127
594	167
595	333
596	319
597	456
598	201
599	473
600	7
601	205
602	64
603	231
604	100
605	302
606	248
607	145
608	411
609	256
610	254
611	255
612	393
613	497
614	245
615	1
616	473
617	420
618	8
619	153
620	266
621	101
622	454
623	349
624	313
625	335
626	28
627	365
628	397
629	250
630	419
631	255
632	24
633	73
634	74
635	221
636	184
637	113
638	434
639	119
640	18
641	17
642	35
643	366
644	136
645	432
646	137
647	127
648	136
649	312
650	327
651	379
652	318
653	235
654	66
655	151
656	204
657	269
658	42
659	277
660	333
661	83
662	499
663	389
664	481
665	147
666	74
667	301
668	432
669	4
670	270
671	53
672	320
673	288
674	46
675	4
676	434
677	60
678	6
679	149
680	211
681	458
682	342
683	31
684	314
685	217
686	436
687	250
688	379
689	388
690	355
691	260
692	11
693	186
694	466
695	212
696	53
697	65
698	404
699	59
700	196
701	308
702	450
703	383
704	165
705	309
706	240
707	185
708	461
709	330
710	190
711	13
712	283
713	298
714	215
715	29
716	262
717	448
718	45
719	391
720	459
721	279
722	203
723	478
724	58
725	462
726	411
727	265
728	160
729	410
730	349
731	178
732	54
733	138
734	233
735	263
736	365
737	363
738	177
739	483
740	221
741	274
742	272
743	462
744	410
745	308
746	278
747	409
748	299
749	481
750	59
751	326
752	234
753	338
754	347
755	260
756	469
757	47
758	476
759	226
760	375
761	103
762	409
763	145
764	108
765	49
766	233
767	447
768	106
769	348
770	198
771	309
772	341
773	347
774	165
775	287
776	407
777	86
778	98
779	85
780	85
781	407
782	438
783	164
784	305
785	257
786	469
787	486
788	367
789	485
790	273
791	7
792	125
793	157
794	29
795	395
796	175
797	69
798	73
799	99
800	395
801	456
802	300
803	9
804	438
805	75
806	161
807	284
808	416
809	314
810	356
811	137
812	268
813	319
814	93
815	138
816	172
817	226
818	212
819	203
820	293
821	132
822	279
823	99
824	417
825	227
826	326
827	47
828	116
829	298
830	437
831	450
832	42
833	383
834	485
835	238
836	69
837	63
838	274
839	163
840	186
841	3
842	225
843	132
844	477
845	257
846	321
847	386
848	109
849	39
850	335
851	297
852	354
853	493
854	478
855	276
856	143
857	103
858	266
859	256
860	269
861	39
862	394
863	459
864	436
865	441
866	480
867	321
868	418
869	324
870	360
871	218
872	206
873	125
874	370
875	441
876	468
877	381
878	402
879	153
880	161
881	14
882	83
883	218
884	437
885	396
886	211
887	151
888	109
889	19
890	377
891	193
892	377
893	209
894	468
895	424
896	396
897	310
898	184
899	63
900	448
901	102
902	445
903	479
904	77
905	380
906	156
907	169
908	172
909	385
910	420
911	164
912	477
913	48
914	303
915	6
916	500
917	471
918	236
919	217
920	360
921	115
922	141
923	91
924	303
925	493
926	119
927	262
928	129
929	27
930	445
931	380
932	166
933	249
934	105
935	418
936	442
937	417
938	214
939	209
940	433
941	146
942	131
943	358
944	447
945	70
946	90
947	166
948	130
949	403
950	134
951	472
952	230
953	16
954	389
955	455
956	281
957	34
958	457
959	197
960	249
961	464
962	27
963	95
964	415
965	358
966	185
967	472
968	90
969	491
970	346
971	268
972	464
973	214
974	76
975	91
976	16
977	273
978	197
979	147
980	22
981	102
982	385
983	22
984	176
985	12
986	259
987	195
988	180
989	252
990	393
991	433
992	219
993	160
994	219
995	424
996	176
997	129
998	180
999	251
1000	12
