Class Times	100
Rooms	50
1	949
2	293
3	89
4	164
5	612
6	530
7	984
8	178
9	781
10	72
11	322
12	928
13	305
14	700
15	234
16	323
17	343
18	483
19	823
20	261
21	576
22	962
23	569
24	188
25	847
26	428
27	614
28	859
29	343
30	53
31	148
32	678
33	499
34	959
35	251
36	912
37	181
38	230
39	233
40	142
41	413
42	269
43	592
44	813
45	20
46	497
47	824
48	49
49	720
50	663
Classes	2000
Teachers	1000
1	279
2	125
3	955
4	515
5	363
6	490
7	822
8	751
9	671
10	640
11	513
12	86
13	992
14	436
15	940
16	302
17	716
18	196
19	544
20	128
21	744
22	598
23	496
24	627
25	501
26	168
27	268
28	210
29	943
30	853
31	692
32	490
33	161
34	303
35	580
36	429
37	320
38	762
39	885
40	105
41	494
42	866
43	751
44	96
45	692
46	917
47	11
48	699
49	886
50	940
51	268
52	11
53	483
54	697
55	362
56	233
57	98
58	25
59	279
60	303
61	50
62	88
63	478
64	306
65	30
66	67
67	554
68	727
69	548
70	227
71	775
72	960
73	863
74	389
75	383
76	43
77	14
78	404
79	811
80	95
81	851
82	25
83	156
84	584
85	476
86	383
87	749
88	480
89	618
90	428
91	614
92	441
93	134
94	9
95	874
96	998
97	526
98	943
99	701
100	100
101	247
102	16
103	615
104	379
105	700
106	928
107	75
108	737
109	989
110	748
111	139
112	991
113	302
114	391
115	832
116	389
117	204
118	337
119	284
120	784
121	982
122	969
123	398
124	166
125	248
126	859
127	914
128	392
129	213
130	118
131	148
132	504
133	453
134	817
135	333
136	157
137	121
138	903
139	885
140	413
141	440
142	237
143	213
144	348
145	889
146	722
147	274
148	676
149	925
150	651
151	276
152	528
153	800
154	644
155	6
156	804
157	218
158	927
159	477
160	220
161	423
162	790
163	168
164	978
165	620
166	721
167	193
168	643
169	590
170	377
171	623
172	282
173	674
174	838
175	307
176	260
177	237
178	673
179	848
180	498
181	867
182	511
183	635
184	370
185	234
186	674
187	825
188	2
189	320
190	602
191	715
192	364
193	676
194	397
195	136
196	289
197	781
198	883
199	911
200	933
201	264
202	222
203	610
204	170
205	959
206	77
207	619
208	216
209	682
210	350
211	879
212	8
213	811
214	821
215	14
216	979
217	802
218	209
219	990
220	986
221	90
222	890
223	5
224	86
225	715
226	117
227	912
228	812
229	388
230	994
231	376
232	387
233	66
234	120
235	567
236	608
237	470
238	52
239	573
240	938
241	560
242	196
243	36
244	770
245	686
246	107
247	543
248	815
249	520
250	8
251	764
252	976
253	207
254	513
255	323
256	467
257	981
258	349
259	541
260	748
261	996
262	192
263	305
264	740
265	863
266	211
267	448
268	486
269	975
270	376
271	90
272	397
273	761
274	344
275	393
276	233
277	597
278	967
279	617
280	625
281	906
282	161
283	309
284	56
285	160
286	114
287	59
288	818
289	282
290	549
291	235
292	753
293	272
294	759
295	222
296	6
297	194
298	360
299	946
300	274
301	41
302	430
303	133
304	118
305	582
306	533
307	147
308	13
309	579
310	71
311	306
312	792
313	342
314	186
315	883
316	477
317	197
318	15
319	923
320	466
321	374
322	113
323	476
324	772
325	610
326	231
327	909
328	418
329	246
330	40
331	526
332	266
333	187
334	109
335	473
336	180
337	343
338	464
339	563
340	341
341	680
342	948
343	931
344	83
345	547
346	109
347	649
348	764
349	352
350	562
351	987
352	18
353	241
354	398
355	625
356	717
357	37
358	623
359	640
360	893
361	825
362	551
363	130
364	601
365	165
366	117
367	742
368	4
369	212
370	149
371	664
372	571
373	783
374	280
375	182
376	576
377	301
378	362
379	202
380	84
381	580
382	798
383	119
384	552
385	247
386	244
387	176
388	88
389	710
390	961
391	845
392	104
393	590
394	486
395	96
396	193
397	653
398	966
399	160
400	242
401	912
402	577
403	786
404	386
405	465
406	72
407	269
408	472
409	608
410	497
411	892
412	832
413	724
414	9
415	509
416	603
417	769
418	487
419	71
420	799
421	629
422	326
423	744
424	950
425	403
426	899
427	952
428	840
429	771
430	66
431	33
432	505
433	963
434	493
435	424
436	440
437	344
438	969
439	523
440	225
441	178
442	842
443	411
444	935
445	736
446	314
447	760
448	540
449	833
450	841
451	384
452	752
453	607
454	907
455	913
456	39
457	775
458	707
459	377
460	167
461	518
462	43
463	813
464	534
465	648
466	430
467	857
468	410
469	345
470	506
471	952
472	598
473	483
474	178
475	141
476	880
477	669
478	416
479	536
480	111
481	804
482	46
483	37
484	928
485	648
486	725
487	716
488	769
489	487
490	103
491	818
492	125
493	450
494	167
495	326
496	945
497	102
498	176
499	262
500	13
501	204
502	682
503	472
504	772
505	615
506	4
507	29
508	592
509	843
510	789
511	632
512	342
513	10
514	293
515	850
516	215
517	366
518	881
519	218
520	576
521	815
522	932
523	913
524	493
525	689
526	115
527	48
528	728
529	475
530	35
531	47
532	32
533	419
534	458
535	698
536	831
537	277
538	545
539	407
540	10
541	689
542	684
543	417
544	283
545	434
546	794
547	425
548	934
549	351
550	805
551	283
552	166
553	367
554	722
555	533
556	990
557	930
558	128
559	70
560	563
561	338
562	28
563	405
564	315
565	240
566	331
567	893
568	271
569	774
570	917
571	915
572	203
573	135
574	999
575	709
576	642
577	765
578	553
579	967
580	192
581	478
582	335
583	619
584	1
585	484
586	637
587	405
588	833
589	877
590	499
591	366
592	226
593	129
594	882
595	348
596	756
597	830
598	156
599	857
600	595
601	364
602	506
603	250
604	174
605	650
606	262
607	206
608	265
609	20
610	906
611	539
612	852
613	228
614	169
615	582
616	226
617	120
618	191
619	685
620	910
621	547
622	684
623	872
624	862
625	897
626	442
627	20
628	456
629	595
630	36
631	538
632	939
633	74
634	5
635	61
636	828
637	806
638	47
639	194
640	422
641	190
642	242
643	528
644	871
645	450
646	871
647	254
648	789
649	661
650	736
651	908
652	304
653	599
654	7
655	827
656	468
657	679
658	179
659	632
660	116
661	770
662	802
663	93
664	338
665	435
666	63
667	696
668	357
669	259
670	694
671	29
672	591
673	390
674	521
675	459
676	44
677	241
678	185
679	260
680	752
681	647
682	558
683	908
684	287
685	904
686	52
687	424
688	197
689	89
690	606
691	281
692	359
693	35
694	480
695	337
696	621
697	622
698	291
699	191
700	960
701	930
702	461
703	358
704	698
705	757
706	515
707	384
708	514
709	984
710	143
711	236
712	667
713	458
714	291
715	105
716	609
717	627
718	44
719	185
720	318
721	680
722	562
723	816
724	408
725	24
726	243
727	266
728	728
729	626
730	373
731	673
732	858
733	647
734	452
735	932
736	641
737	949
738	987
739	585
740	813
741	162
742	216
743	529
744	215
745	978
746	471
747	837
748	190
749	762
750	537
751	415
752	113
753	951
754	613
755	438
756	121
757	838
758	58
759	545
760	666
761	468
762	436
763	921
764	613
765	183
766	578
767	379
768	512
769	346
770	26
771	711
772	597
773	255
774	151
775	729
776	532
777	750
778	575
779	596
780	749
781	116
782	189
783	887
784	635
785	552
786	896
787	459
788	929
789	867
790	663
791	15
792	999
793	921
794	729
795	699
796	553
797	277
798	588
799	82
800	816
801	717
802	600
803	159
804	56
805	844
806	989
807	407
808	905
809	259
810	251
811	249
812	907
813	219
814	709
815	243
816	34
817	731
818	319
819	115
820	179
821	746
822	719
823	732
824	602
825	437
826	135
827	26
828	979
829	402
830	964
831	827
832	152
833	596
834	555
835	174
836	264
837	584
838	67
839	423
840	77
841	646
842	569
843	926
844	104
845	578
846	269
847	130
848	310
849	361
850	507
851	119
852	294
853	951
854	799
855	137
856	658
857	150
858	509
859	726
860	520
861	667
862	976
863	385
864	388
865	604
866	112
867	535
868	970
869	312
870	446
871	723
872	294
873	538
874	79
875	959
876	510
877	206
878	944
879	122
880	129
881	473
882	935
883	332
884	304
885	636
886	851
887	537
888	396
889	848
890	470
891	778
892	61
893	471
894	561
895	68
896	965
897	240
898	134
899	568
900	733
901	517
902	186
903	239
904	525
905	686
906	591
907	211
908	220
909	333
910	99
911	681
912	42
913	3
914	141
915	719
916	750
917	217
918	712
919	16
920	510
921	73
922	616
923	997
924	881
925	884
926	862
927	915
928	512
929	982
930	809
931	918
932	182
933	199
934	946
935	654
936	575
937	280
938	332
939	774
940	614
941	559
942	163
943	74
944	207
945	532
946	21
947	150
948	19
949	401
950	612
951	642
952	773
953	60
954	258
955	270
956	901
957	755
958	899
959	548
960	60
961	814
962	529
963	800
964	378
965	68
966	593
967	901
968	448
969	657
970	604
971	588
972	297
973	835
974	464
975	99
976	577
977	837
978	393
979	456
980	289
981	3
982	251
983	334
984	162
985	460
986	708
987	391
988	209
989	367
990	181
991	84
992	746
993	290
994	414
995	787
996	910
997	308
998	78
999	170
1000	378
1001	612
1002	536
1003	149
1004	622
1005	544
1006	658
1007	573
1008	82
1009	934
1010	796
1011	38
1012	555
1013	177
1014	276
1015	620
1016	569
1017	914
1018	609
1019	945
1020	607
1021	630
1022	1
1023	983
1024	328
1025	164
1026	860
1027	711
1028	962
1029	18
1030	72
1031	571
1032	603
1033	546
1034	761
1035	386
1036	743
1037	427
1038	574
1039	54
1040	97
1041	688
1042	58
1043	675
1044	870
1045	795
1046	76
1047	146
1048	740
1049	844
1050	650
1051	936
1052	347
1053	413
1054	231
1055	690
1056	918
1057	925
1058	864
1059	124
1060	214
1061	124
1062	807
1063	443
1064	594
1065	427
1066	511
1067	926
1068	24
1069	860
1070	403
1071	46
1072	808
1073	742
1074	50
1075	920
1076	65
1077	636
1078	235
1079	275
1080	664
1081	763
1082	763
1083	902
1084	287
1085	583
1086	122
1087	370
1088	380
1089	296
1090	53
1091	272
1092	997
1093	916
1094	329
1095	662
1096	896
1097	594
1098	165
1099	694
1100	730
1101	462
1102	89
1103	652
1104	33
1105	465
1106	469
1107	315
1108	808
1109	996
1110	239
1111	381
1112	227
1113	286
1114	690
1115	445
1116	416
1117	840
1118	778
1119	49
1120	641
1121	100
1122	905
1123	154
1124	93
1125	809
1126	524
1127	187
1128	1000
1129	560
1130	828
1131	382
1132	323
1133	868
1134	651
1135	568
1136	782
1137	64
1138	163
1139	169
1140	653
1141	210
1142	663
1143	500
1144	645
1145	426
1146	861
1147	238
1148	199
1149	284
1150	962
1151	404
1152	188
1153	402
1154	87
1155	112
1156	369
1157	54
1158	524
1159	678
1160	300
1161	634
1162	649
1163	992
1164	929
1165	681
1166	381
1167	909
1168	114
1169	462
1170	843
1171	797
1172	631
1173	394
1174	198
1175	39
1176	826
1177	767
1178	425
1179	429
1180	695
1181	739
1182	412
1183	892
1184	572
1185	675
1186	155
1187	200
1188	316
1189	439
1190	258
1191	371
1192	629
1193	267
1194	327
1195	704
1196	434
1197	677
1198	347
1199	360
1200	737
1201	309
1202	993
1203	900
1204	835
1205	557
1206	324
1207	579
1208	91
1209	417
1210	859
1211	127
1212	356
1213	349
1214	410
1215	984
1216	919
1217	445
1218	314
1219	455
1220	933
1221	80
1222	432
1223	971
1224	812
1225	994
1226	414
1227	886
1228	983
1229	357
1230	771
1231	308
1232	101
1233	889
1234	481
1235	319
1236	373
1237	677
1238	354
1239	991
1240	234
1241	76
1242	19
1243	189
1244	236
1245	637
1246	714
1247	782
1248	181
1249	585
1250	624
1251	217
1252	443
1253	489
1254	887
1255	527
1256	438
1257	341
1258	138
1259	707
1260	657
1261	514
1262	219
1263	977
1264	888
1265	21
1266	794
1267	317
1268	656
1269	564
1270	139
1271	589
1272	523
1273	733
1274	399
1275	823
1276	446
1277	853
1278	351
1279	505
1280	447
1281	358
1282	95
1283	645
1284	710
1285	931
1286	693
1287	754
1288	634
1289	796
1290	396
1291	270
1292	768
1293	409
1294	225
1295	489
1296	581
1297	724
1298	652
1299	73
1300	678
1301	249
1302	797
1303	923
1304	814
1305	993
1306	870
1307	328
1308	687
1309	146
1310	570
1311	874
1312	679
1313	785
1314	111
1315	498
1316	852
1317	803
1318	807
1319	670
1320	38
1321	172
1322	482
1323	22
1324	202
1325	919
1326	106
1327	779
1328	924
1329	155
1330	330
1331	55
1332	371
1333	422
1334	171
1335	546
1336	208
1337	668
1338	368
1339	221
1340	942
1341	845
1342	353
1343	810
1344	973
1345	365
1346	776
1347	829
1348	296
1349	836
1350	7
1351	671
1352	611
1353	713
1354	971
1355	549
1356	17
1357	727
1358	103
1359	937
1360	702
1361	400
1362	492
1363	17
1364	564
1365	164
1366	488
1367	221
1368	285
1369	644
1370	822
1371	754
1372	136
1373	385
1374	759
1375	792
1376	534
1377	593
1378	297
1379	451
1380	897
1381	824
1382	49
1383	495
1384	147
1385	738
1386	444
1387	55
1388	339
1389	123
1390	223
1391	849
1392	461
1393	903
1394	841
1395	271
1396	132
1397	944
1398	688
1399	780
1400	966
1401	502
1402	356
1403	390
1404	891
1405	508
1406	500
1407	451
1408	947
1409	949
1410	255
1411	108
1412	401
1413	137
1414	654
1415	101
1416	589
1417	861
1418	497
1419	958
1420	482
1421	288
1422	395
1423	705
1424	131
1425	922
1426	572
1427	408
1428	415
1429	64
1430	345
1431	586
1432	452
1433	696
1434	420
1435	786
1436	953
1437	939
1438	781
1439	142
1440	31
1441	956
1442	605
1443	496
1444	826
1445	34
1446	583
1447	460
1448	98
1449	313
1450	275
1451	760
1452	108
1453	898
1454	290
1455	435
1456	535
1457	866
1458	968
1459	428
1460	543
1461	942
1462	693
1463	922
1464	783
1465	898
1466	624
1467	937
1468	798
1469	779
1470	382
1471	330
1472	127
1473	872
1474	329
1475	975
1476	849
1477	662
1478	301
1479	856
1480	195
1481	542
1482	411
1483	346
1484	488
1485	110
1486	956
1487	902
1488	298
1489	777
1490	469
1491	747
1492	556
1493	516
1494	873
1495	847
1496	616
1497	858
1498	570
1499	318
1500	856
1501	325
1502	32
1503	824
1504	449
1505	936
1506	755
1507	238
1508	995
1509	144
1510	973
1511	85
1512	803
1513	293
1514	466
1515	801
1516	412
1517	363
1518	369
1519	368
1520	961
1521	138
1522	739
1523	106
1524	628
1525	131
1526	261
1527	611
1528	183
1529	313
1530	773
1531	685
1532	184
1533	660
1534	530
1535	542
1536	479
1537	2
1538	766
1539	890
1540	335
1541	581
1542	45
1543	924
1544	618
1545	986
1546	873
1547	475
1548	365
1549	380
1550	957
1551	988
1552	554
1553	310
1554	439
1555	203
1556	695
1557	955
1558	670
1559	765
1560	65
1561	888
1562	854
1563	713
1564	253
1565	334
1566	617
1567	683
1568	970
1569	94
1570	254
1571	854
1572	882
1573	200
1574	491
1575	324
1576	732
1577	361
1578	267
1579	702
1580	767
1581	875
1582	643
1583	327
1584	963
1585	630
1586	787
1587	705
1588	847
1589	530
1590	195
1591	638
1592	661
1593	230
1594	869
1595	665
1596	12
1597	980
1598	244
1599	232
1600	801
1601	399
1602	864
1603	492
1604	312
1605	831
1606	317
1607	75
1608	683
1609	900
1610	395
1611	132
1612	256
1613	980
1614	432
1615	830
1616	726
1617	587
1618	311
1619	879
1620	85
1621	198
1622	656
1623	48
1624	212
1625	805
1626	343
1627	743
1628	63
1629	145
1630	30
1631	157
1632	502
1633	409
1634	22
1635	91
1636	878
1637	400
1638	720
1639	557
1640	567
1641	531
1642	27
1643	355
1644	574
1645	250
1646	788
1647	817
1648	829
1649	232
1650	354
1651	869
1652	431
1653	224
1654	865
1655	723
1656	83
1657	273
1658	374
1659	148
1660	133
1661	895
1662	747
1663	78
1664	558
1665	454
1666	142
1667	540
1668	503
1669	628
1670	339
1671	780
1672	288
1673	981
1674	97
1675	123
1676	669
1677	28
1678	605
1679	441
1680	484
1681	539
1682	836
1683	735
1684	31
1685	753
1686	474
1687	756
1688	791
1689	785
1690	655
1691	995
1692	188
1693	601
1694	494
1695	205
1696	503
1697	94
1698	223
1699	895
1700	180
1701	350
1702	660
1703	41
1704	985
1705	806
1706	985
1707	894
1708	481
1709	499
1710	444
1711	172
1712	522
1713	734
1714	501
1715	877
1716	964
1717	173
1718	672
1719	974
1720	947
1721	958
1722	281
1723	224
1724	59
1725	550
1726	738
1727	144
1728	474
1729	721
1730	725
1731	173
1732	706
1733	253
1734	757
1735	668
1736	734
1737	565
1738	988
1739	687
1740	706
1741	27
1742	731
1743	12
1744	718
1745	708
1746	586
1747	321
1748	447
1749	957
1750	177
1751	42
1752	418
1753	891
1754	298
1755	551
1756	666
1757	406
1758	214
1759	311
1760	518
1761	714
1762	599
1763	875
1764	340
1765	592
1766	697
1767	245
1768	508
1769	140
1770	950
1771	631
1772	556
1773	665
1774	151
1775	107
1776	158
1777	145
1778	639
1779	278
1780	53
1781	355
1782	406
1783	788
1784	876
1785	433
1786	392
1787	453
1788	454
1789	735
1790	884
1791	941
1792	245
1793	261
1794	299
1795	352
1796	62
1797	263
1798	286
1799	372
1800	70
1801	257
1802	1000
1803	263
1804	968
1805	273
1806	159
1807	208
1808	834
1809	704
1810	321
1811	839
1812	394
1813	911
1814	387
1815	810
1816	587
1817	850
1818	880
1819	126
1820	372
1821	517
1822	442
1823	691
1824	565
1825	972
1826	621
1827	336
1828	559
1829	531
1830	433
1831	437
1832	504
1833	977
1834	730
1835	305
1836	916
1837	359
1838	495
1839	257
1840	791
1841	655
1842	205
1843	998
1844	246
1845	80
1846	153
1847	972
1848	455
1849	521
1850	776
1851	420
1852	561
1853	965
1854	45
1855	300
1856	485
1857	110
1858	541
1859	516
1860	519
1861	299
1862	292
1863	507
1864	331
1865	904
1866	876
1867	712
1868	322
1869	894
1870	184
1871	938
1872	941
1873	457
1874	741
1875	527
1876	839
1877	823
1878	878
1879	519
1880	633
1881	228
1882	463
1883	790
1884	525
1885	842
1886	672
1887	777
1888	646
1889	325
1890	701
1891	485
1892	948
1893	522
1894	340
1895	821
1896	152
1897	457
1898	23
1899	316
1900	278
1901	292
1902	175
1903	703
1904	600
1905	285
1906	57
1907	758
1908	953
1909	550
1910	700
1911	336
1912	201
1913	745
1914	846
1915	153
1916	449
1917	768
1918	766
1919	143
1920	322
1921	691
1922	865
1923	154
1924	820
1925	23
1926	426
1927	626
1928	256
1929	140
1930	606
1931	69
1932	927
1933	819
1934	793
1935	954
1936	230
1937	102
1938	566
1939	855
1940	69
1941	265
1942	954
1943	479
1944	79
1945	62
1946	868
1947	741
1948	92
1949	295
1950	820
1951	659
1952	463
1953	307
1954	57
1955	126
1956	633
1957	718
1958	201
1959	855
1960	353
1961	795
1962	566
1963	974
1964	40
1965	431
1966	81
1967	175
1968	419
1969	248
1970	295
1971	81
1972	171
1973	467
1974	229
1975	421
1976	846
1977	375
1978	158
1979	491
1980	638
1981	87
1982	834
1983	793
1984	229
1985	745
1986	92
1987	784
1988	421
1989	920
1990	659
1991	375
1992	720
1993	252
1994	703
1995	819
1996	639
1997	252
1998	51
1999	758
2000	51
