Course	Room	Teacher	Time	Students
011834	PK20	0470839	13:00 - 16:00 F	33322 3337463 3404196 3414238 3421700 3429832 3431155 3431158 3431449 3437589 3450490 3453218 3454476 3456016 3459980 3460371 3480401 3483327 3486617 3486740 3551641 3559591 3559963 3560373 3576463 3576535 3576586 3668975
001249	DAL300	0031388	13:00 - 15:30 T	310347 3322886 3331180 3339315 3340287 3340324 3359596 3405619 3413283 3415849 3422289 3424520 3425356 3430944 3431158 3431535 3431740 3434428 3434468 3435161 3438472 3439820
011208	EHLEC	3577231	16:00 - 17:30 MW	310347
002562	PK20	1168490	13:00 - 16:00 T	1057610 3431740 3433849 3433961 3439917 3441004 3441838 3443421 3460586 3461962 3462298 3463011 3471190 3471447 3476418 3479838 3479945 3480867 3481391 3482194 3483278 3485931 3486382 3486501 3486777 3486838 3508682 3518231 3540124 3540190 3540705 3552259 3559815 3560373 3570123 3574967 3575309 3575916 3576231 3576375 3576391 3576530 3576534 3576620 3577795 3578075 3581077 3650277 3668752 3668792 3668830 3668858 3689348
003406	PK20	1167851	10:00 - 12:00 F	1057610 3441900 3461498 3475933 3475950 3476864 3478356 3479311 3480734 3485548 3503382 3510665 3514095 3516634 3537536 3538202 3558739 3558800 3559534 3559537 3559657 3560487 3560770 3574543 3575916 3575969 3576126 3576763 3577109 3577187 3577590 3577806 3578707 3578804 3579414 3580217 3580248 3580256 3580586 3580714 3581098 3581171 3581375 3581456 3581830
006024	PK20	3470402	13:00 - 15:30 T	1057610 3375323 3439475 3443421 3451557 3459032 3459613 3466014 3468070 3469520 3471450 3474620 3475573 3475950 3477425 3478356 3480217 3480714 3480732 3480999 3481532 3481894 3482264 3482288 3483560 3485290 3486569 3486852 3503382 3514095 3514964 3516634 3521265 3538688 3556970 3557478 3558739 3559534 3560199 3561074 3575898 3575916 3575928 3576555 3578804 3578910 3579181 3580251 3581038 3581081 3581135 3581192 3581232 3581455 3581605 3650578
008770	PK20	0428728	13:00 - 15:30 TH	1086489 3196460 3337463 3438471 3439387 3441004 3455625 3458136 3458957 3460737 3462416 3465036 3465050 3466014 3471450 3476899 3478964 3479054 3479085 3479718 3479885 3480069 3480810 3481943 3482101 3483546 3484243 3485228 3486389 3486777 3487640 3505157 3514964 3524963 3537536 3538688 3558739 3558838 3559645 3559804 3560199 3574866 3575971 3579414 3580248 3581149 3581171 3581962 3650578 3668835 3668874
014124	PK229	3555100	13:00 - 16:00 F	1086489 3461197 3482739 3576357
002368	PK20	0697660	16:30 - 17:45 TH	1088365 3416286 3433962 3460359 3468281 3468749 3476908 3477580 3479534 3480166 3483925 3484750 3484763 3485170 3486141 3486182 3486844 3487087 3487093 3487623 3505185 3510971 3512896 3540190 3546417 3555932 3560193 3568636 3576352 3576429 3576494 3576528 3576558 3576763 3576792 3577741 3579949 3580584 3580796 3580798 3650956 3668786 3668826 3668827 3668868 3668885 3668907 3668932 3668934 3668957 3668970 3668982 3669051
002470	PK243	0697660	14:00 - 15:30 F	1088365 3420940 3424594 3433539 3438084 3454497 3462882 3463729 3475298 3479085 3482445 3576325 3576429
011313	PK278	3647219	13:00 - 14:00 T	1088365 3415870 3418441 3420037 3421753 3425401 3429566 3436227 3437589 3438232 3440687 3444811 3454497 3459584 3461556 3462298 3463851 3464848 3465036 3467040 3479945 3481221 3486623 3487040 3510971 3513947 3540662 3578036 3580139 3581469
014228	PK25	3648007	13:00 - 14:30 MW	1088365 3470393 3558543 3564528 3577806 3669016
001165	PK338	3646621	13:00 - 14:30 MW	1160238 3359596 3405451 3411059 3416232 3431448 3431672 3451331 3454182 3455058 3463071 3483557 3557478 3561098 3574563
001176	TH110	0031388	13:00 - 16:00 T	1160238 3374194 3455419 3462417 3463560 3466011 3468504 3484898 3485028 3485361 3486632 3557478
012293	BYC127	3098022	13:00 - 14:30 MW	3466014 3485028 3487090 3581981
006026	PK20	3470402	16:00 - 17:30 MW	3196460 3217247 3432357 3435070 3435384 3436227 3437365 3475941 3479350 3480868 3481532 3483306 3483996 3485774 3520100 3525604 3530220 3538928 3560858 3560860 3561772 3574137 3574873 3575908 3576334 3576358 3576368 3576435 3668854 3668870 3668874 3668938 3668941
014206	PK338	1079401	14:00 - 15:30 F	3196460 3420884 3430131 3432238 3442335 3443731 3446645 3452874 3453467 3454210 3454476 3454494 3460569 3463879
003278	EHLEC	1061861	11:00 - 13:20 T	3198263 3437252
011844	PK25	0031471	14:00 - 15:30 F	3213028 3359596 3418907 3426213 3432223 3457917 3484763 3487310 3576306 3576387
007888	BYC127	0470839	14:00 - 15:30 F	3217247 3452445 3480401 3576463 3576471
007040	DAL300	0162976	13:00 - 16:00 F	3219927 3432243 3433945 3439917 3440024 3463708 3464638 3471745 3478691 3481607 3482194 3482263 3482264 3483085 3487261 3576335 3576515 3581995
013146	PK180	3332662	14:00 - 16:00 T	3219927 3430706 3432796 3433961 3435722 3437089 3460134
001157	BYC127	0697660	14:30 - 16:00 MW	3226303 3439437 3486838 3578963 3692917
002397	PK278	0493725	13:00 - 14:30 MW	3433829 3452529 3464398 3465588 3469119 3475298 3476908 3477580 3478050 3479355 3480166 3482445 3483925 3484750 3485054 3485816 3486182 3487093 3487276 3487640 3559804 3576336 3576494 3650956
004010	PK20	3442425	19:00 - 21:30 T	3226303 3374194 3412549 3426858 3432357 3440687 3456660 3457777 3460718 3465591 3473086 3479534 3480217 3480728 3480868 3482194 3485812 3503865 3506324 3508682 3521265 3529298 3531305 3549272 3559857 3559872 3561402 3575898 3575908 3576126 3576763 3577167 3577590 3578963 3579028 3579592 3579687 3579723 3580217 3580261 3581227 3581786 3581827 3581967 3581981 3668920
014384	PK229	0492451	16:00 - 17:30 MW	3226303 3416424 3431260 3576631
004888	TH110	0031473	16:30 - 17:45 TH	3227297 3417166 3425219 3426666 3426735 3429566 3433251 3436227 3436514 3437589 3439701 3440508
011187	PK243	3194193	14:30 - 16:00 MW	3227297 3431750 3435397 3436514 3437589 3438119 3456016 3457393 3457777 3459508 3464263 3475445
014207	CARP21	3554810	19:00 - 21:00 MW	3227297 3426666 3458441
013193	DAL300	0898918	13:00 - 15:30 TH	3250131 3375120 3375544 3417108 3419470 3431294 3433760 3434130 3435384 3436119 3438374 3445081 3455631 3456228 3456677 3458295 3458451 3463526 3463675
013627	DAL300	3459335	16:30 - 17:45 TH	3250131 3421700 3428608 3431672 3432223 3434130 3435384 3437534 3443421 3446832 3453445 3457988 3458295 3458972 3459505 3460867 3462514 3463071 3464379 3487041 3692269
013921	PK243	3483424	14:00 - 16:00 TH	3415849 3437534 3452561 3453445 3458972
001843	PK278	0056992	19:00 - 21:00 MW	3250227 3378849 3416536 3417172 3431672 3435384 3437574 3445081 3448679 3451663 3455915 3458451 3460488 3461197 3462416 3463526 3464327 3471190 3474463 3475573 3480217 3487261 3582040 3692269
003472	PK100	0058557	10:00 - 11:30 MW	3250227 3429524 3429732 3452988 3454494 3464666 3465591 3480867 3487621
013167	PK338	0058557	14:00 - 16:00 TH	3429732 3460820 3470797 3518231 3555254 3576230 3579116 3581846
002163	TAYF	1037239	19:00 - 21:00 MW	3250683 3453352 3459522 3462270 3463675 3463745 3464027
002182	TH110	0428815	19:00 - 20:30 TH	3250683 3381050 3416536 3417172 3430152 3431294 3431449 3435039 3435313 3439328 3453352 3459505
011827	PK100	1037239	10:00 - 12:00 F	3250683 3381050 3430152 3453352 3459522 3462270 3463675 3463745 3464027
014116	BYC127	3555417	19:00 - 21:00 MW	3254734 3463524 3468504 3476082 3540662
001837	PK20	3452118	19:00 - 21:00 MW	3264539 3430196 3430401 3441310 3451168 3457873 3459523 3460569 3461063 3462817 3463589 3470393 3470846 3474140 3475198 3479311 3479976 3480571 3480999 3481203 3481532 3481805 3481813 3481943 3482101 3483511 3485170 3485912 3486379 3486782 3487087 3503382 3514964 3521265 3529298 3538202 3543742 3544945 3549272 3559149 3559870 3560167 3560199 3560373 3561074 3569865 3574137 3574543 3574558 3574639 3575483 3575916 3575928 3576260 3576411 3578747 3578861 3579143 3580269 3580714 3580912 3581038 3581077 3581081 3581085 3581171 3581207 3581220 3581232 3581375 3581456 3581605 3581967 3581999 3650578 3650596 3668933
002153	PK20	0168378	11:00 - 13:20 T	3433686 3451724 3457231 3457988 3459972 3465036 3467093 3468070 3469520 3471450 3475933 3477425 3480714 3481702 3482144 3483587 3483638 3483929 3485548 3485550 3487266 3513947 3514095 3546891 3556594 3556970 3557244 3559302 3559857 3559963 3576013 3577187 3578811 3579592 3579723 3580248 3580251 3581609 3581920 3581996 3669006 3669016
006847	PK20	3427120	14:00 - 16:00 T	3264539 3417108 3420437 3421500 3427674 3428608 3437534 3438232 3446832 3455625 3455915 3456677 3456722 3457873 3457988 3458295 3462297 3462639 3462647 3463526 3463589 3480375 3481419 3482739 3483467 3485548 3485550 3486617 3487041 3487266 3582040
002464	PK278	0910179	16:30 - 17:45 TH	3322585 3375323 3375629 3381050 3405427 3405619 3415407 3416374 3420837 3421770 3429602 3429834 3431226 3432796 3438020 3438100 3438102 3439280 3456290 3456820 3458452 3463729 3463879 3481520 3481798 3559804
012832	PK25	3689002	14:30 - 16:00 MW	3322585 3405427 3416286 3429602 3458452 3487035 3576390 3576558
010935	PK338	0031756	13:00 - 16:00 T	3322886 3431445 3432243 3451496 3458176 3462240 3465591 3486250 3558838 3568636 3575483 3580159 3580912 3581786 3668765 3668895
013649	EHLEC	0676083	13:00 - 14:00 T	3431155
008470	CARP21	0695890	13:00 - 14:00 T	3331179 3449400 3460737 3462115
014213	PK243	3646854	13:00 - 16:00 F	3331179 3340287 3433788 3455981 3467452 3474463 3475941 3481798 3483003 3546417 3576037 3578036 3581469
014218	CARP21	0031471	11:00 - 13:20 T	3331179 3439387 3483155 3561772
001840	PK278	0168763	13:00 - 14:00 TH	3331180 3418120 3421500 3437146 3439670 3455291 3457039 3462292 3462293 3471447 3474620 3476797 3478691 3480668 3480732 3481690 3482739 3483298 3485169 3486617 3486852 3487055 3487316 3510971 3521461 3560308 3576504 3580261
003432	PK338	3688153	11:00 - 13:20 T	3406406 3434539 3438033 3438465 3454476 3460371 3467384 3476418 3480734 3486050 3487621 3502893 3520100 3580389 3581228
003004	DAL300	3473854	19:00 - 20:30 TH	3337463 3404279 3411158 3413774 3431629 3459897 3459980 3464100 3475950 3480571 3480836 3482263 3487429 3576329 3576490 3577022 3577485 3581918 3581980 3668875 3668968
003453	PK25	3688153	13:00 - 16:00 T	3337463 3432238 3433539 3451663 3455719 3456820 3462019 3462116 3483155 3484619 3487040
001242	CARP21	0910179	13:00 - 14:00 TH	3339315 3463776 3469119 3485054
001247	EHLEC	1165566	13:00 - 14:00 TH	3420940
007377	PK278	0031522	19:00 - 21:30 T	3339814 3425347 3443731 3462292 3464306 3483298 3485549 3486389 3503587 3544945 3552259 3556617 3559537 3576332 3576417 3576448 3576457 3576513 3576627 3578443 3581085 3581228 3581250 3581830 3581913
007403	PK278	0031611	14:00 - 15:30 F	3339814 3425347 3435070 3435313 3437240 3441900 3447681 3457459 3461962 3462292 3463589 3463602 3464379 3467093 3474216 3474395 3479976 3576386 3576394 3576433 3576439 3576491 3576517
008429	PK278	3405054	14:30 - 16:00 MW	3339814 3377851 3429524 3431260 3431303 3435628 3436588 3438652 3439588 3455808 3459111 3462414 3462458 3465245 3476864 3480423 3481967 3483467 3503630 3581999 3669019
014135	PK278	0493855	14:00 - 16:00 TH	3339814 3340287 3366307 3369702 3425114 3429706 3431828 3436514 3438119 3441016 3456053 3459823 3465244 3475327 3478309 3481221 3487505 3576557 3581135
012303	PK338	0576472	14:30 - 16:00 MW	3340003 3406406 3416598 3435161 3438550 3442641 3447478 3462872 3474216 3480375 3483567 3540428 3579592
014212	PK278	0402773	13:00 - 15:30 T	3340003 3430953 3435734 3437978 3438471 3439636 3452874 3453352 3462292 3464306 3467093 3472140 3477580 3482198 3483155 3484272 3560487 3650277 3668760
006509	DAL300	3554648	11:00 - 13:20 T	3340324 3430697 3431060 3438287 3439409 3445738 3454115 3462990 3480810 3483084 3486133 3486844 3576306 3576362 3576387 3576485 3576527 3650636 3668812
013147	TAYF	3332662	11:00 - 13:20 T	3359026 3418499 3430298 3431078 3456066 3474598 3487034
014230	PK180	0031478	14:00 - 16:00 TH	3359596 3425364 3457692 3463011 3482198 3576396 3576548
004017	PK338	0031578	16:30 - 17:45 TH	3366307 3416891 3426556 3438068 3442237 3442432 3448687 3461937 3462290 3465442 3480939 3558800 3576248 3576576 3578075 3580095
005247	PK338	0029475	19:00 - 20:30 TH	3366307 3421770 3425219 3426658 3429810 3431828 3435734 3437978 3439564 3444811 3456053 3457873 3465050 3478309 3559218 3576344
014134	PK180	3461286	13:00 - 16:00 T	3366307 3426658 3431449 3443522 3463939 3486609 3579099
003520	TH110	3393009	19:00 - 21:30 T	3374040 3374569 3422414 3425114 3444537 3455808 3457393 3457932 3458121 3463879 3464848
004276	PK20	1165566	13:00 - 14:00 TH	3374040 3426735 3454059 3456089 3461882 3461937 3463022 3466011 3467040 3477014 3477576 3481798 3483950 3485537 3485756 3486858 3505185 3533264 3559218 3559970 3568636 3574483 3574967 3575769 3576126 3576455 3576629 3579028 3579181 3581903 3581995 3668826 3668924 3668963 3668989 3669039 3692917
001474	BYC127	3098022	11:00 - 13:20 T	3374194 3425095 3429532 3432398 3436206 3436216
005846	PK180	3647094	16:30 - 17:45 TH	3374194 3423839 3463327 3539996 3544945 3547282 3576011 3580259
013171	PK243	3092941	16:00 - 17:30 MW	3374470 3425356 3434210 3438999 3442335 3443092 3444537 3451551 3456053 3457808 3458121
013636	TH110	0605187	19:00 - 21:00 MW	3374479 3405427 3428820 3463143 3463919 3480836 3481562 3486787 3561280
001770	PK100	3474420	11:30 - 13:00 MW	3374569 3426718 3439402 3440687 3457808 3463327 3471745 3479838 3576499
003441	DAL300	0897706	14:00 - 16:00 T	3374569 3415407 3418264 3427633 3436588 3438033 3455808 3457231 3459584 3462606 3463602 3465442 3478102 3484990 3486083 3487040 3487732 3576230 3578488 3579723 3668851
001896	PK241	0168763	14:00 - 16:00 T	3375120 3404693 3435070
006851	PK278	3646602	14:00 - 16:00 T	3448314 3460338 3467040 3477824 3480710 3481202 3558543 3564528 3579291
011865	PK25	3092832	14:00 - 16:00 TH	3375323 3435692 3450490 3451557 3458176
001899	PK25	3459335	13:00 - 16:00 F	3375389 3375544 3378849 3419470 3430383 3433760 3434130 3435248 3436119 3436930
006031	PK20	0213446	14:00 - 16:00 TH	3375389 3423723 3438254 3445343 3448314 3452529 3456653 3458087 3460338 3460867 3464850 3465103 3467781 3469615 3477824 3480710 3481419 3483651 3485288 3485727 3486569 3558543 3560770 3564528 3576212 3576248 3576420 3576466 3576524 3576879 3577022 3577109 3578921 3579291 3580095 3580955 3581127 3581952 3581980 3668977
003454	PK278	0024092	16:00 - 17:30 MW	3375410 3414205 3439147 3443522 3447306 3451724 3454476 3456653 3457393 3460586 3462293 3464666 3474789 3476860 3477004 3478964 3479804 3481354 3481702 3484202 3484845 3485642 3486083 3486382
003460	PK278	3393009	13:00 - 16:00 T	3375410 3425401 3426213 3426244 3430131 3431651 3437589 3439147 3440454 3442991 3455519 3457231 3457692 3467427 3481894 3483042 3484746 3484887 3519499 3524963 3533093 3544254 3551641 3560687 3577054 3578177 3580340
005157	TH110	3555100	11:00 - 13:20 T	3375544 3416374 3424318 3447306 3468281 3482989 3561001 3576303 3576324 3576626 3579687
001897	CARP21	1165566	13:00 - 15:30 TH	3375629 3420380 3421044 3429602
013635	PK243	3555097	13:00 - 16:00 T	3375685 3433945 3438374 3457039 3464272 3467671 3481643 3485327 3519078 3569865 3576545 3581031
014100	DAL300	0431946	19:00 - 21:00 MW	3375685 3404279 3431158 3435627 3456016 3459508 3463199 3464263 3477580 3481202 3482018 3484243 3484845 3559872 3576392 3576471 3580217 3581249 3668987
006555	PK180	3554648	19:00 - 20:30 TH	3377851 3430697 3431060 3443731 3476899 3580341
006588	BYC127	0777265	13:00 - 16:00 F	3377851 3431060 3437329 3438287 3439818
014383	PK100	0824088	13:00 - 14:30 MW	3422289 3457935 3462262 3464985 3484314 3524341
011209	BYC127	3577231	16:00 - 17:30 MW	3379786 3423676 3429199 3436260 3438254
014133	PK243	3195964	16:30 - 17:45 TH	3379786 3434079 3452988 3455297 3460820 3462116 3465327 3478691 3479355 3481562 3483085 3487261 3565637 3576368
001749	TH110	3460008	10:00 - 11:30 MW	3381050 3416891 3431078 3436683 3481532 3482101 3576037 3576474 3579181 3580251 3580269 3668873
001152	PK20	0031471	13:00 - 14:00 T	3396377 3422964 3426666 3438100 3440454 3450490 3451331 3462019 3462237 3462565 3466011 3470393 3471190 3475745 3478747 3480375 3480836 3480868 3481518 3482019 3483036 3483511 3484361 3484746 3503587 3503630 3505157 3510665 3512896 3521272 3537536 3538400 3540124 3558528 3558800 3559225 3559476 3559591 3559645 3559843 3559857 3559963 3560858 3561001 3561402 3561660 3574483 3574639 3574866 3575735 3576011 3576231 3576329 3576349 3576352 3576440 3576457 3576480 3576492 3576495 3576507 3576625 3577187 3578842 3579116 3579143 3579291 3580259 3580326 3580584 3580586 3580991 3581220 3581227 3581952 3581996 3650596 3668751 3668812 3668867 3668892 3668915 3668937 3668995
011962	DAL300	0492451	11:30 - 13:00 MW	3396377 3422289 3438342 3440023 3441310 3456313 3460820 3462849 3519078 3542887 3559534 3559900 3576323 3576333 3576438 3576533 3577682
012350	TH110	3194197	10:00 - 12:00 F	3396377 3430401 3431445 3431740 3432077 3462554 3462849 3462936 3474620 3481532 3485169
012763	PK278	0207327	10:00 - 11:30 MW	3404179 3405422 3420437 3425755 3430978 3431629 3432344 3433849 3436311 3437511 3437778 3438254 3439670 3451553 3455148 3455341 3460399 3461826 3469615 3484887 3485288 3513947 3581375 3581952
012735	TH110	1168592	11:30 - 13:00 MW	3404196 3418117 3426719 3429733 3430706 3439475 3456722 3458339 3462414 3469615 3481203
007926	TAYF	0468281	13:00 - 14:00 T	3404279 3421700 3426169 3432782 3435627 3437574 3439158
006043	PK20	0409737	13:00 - 14:30 MW	3404534 3418106 3418908 3420437 3421753 3426649 3429199 3431629 3432301 3433961 3437141 3437511 3440175 3441306 3451553 3454226 3455341 3459897 3460399 3460488 3460701 3460867 3462228 3462639 3463593 3479718 3479961 3483638 3484990 3486250 3486998
006060	TAYF	0409737	13:00 - 14:00 TH	3404534 3412644 3413923 3418908 3440175 3460399
007878	PK338	0031386	13:00 - 16:00 F	3404693 3434468 3439511 3482018 3524066 3530220 3560649 3574542 3574639 3576212 3577146 3581081 3581249 3668752 3668917
001168	TH110	3646621	13:00 - 14:00 T	3405451 3439283 3439437 3446832 3461498 3462417 3475198 3477576 3479054 3485912 3576367 3576496 3669050
011190	BYC127	3577231	13:00 - 14:00 TH	3405451 3435248 3436930 3439820
001852	PK229	0409956	19:00 - 21:00 MW	3405604 3431445 3438113 3464279 3464379
003465	PK25	0599596	16:00 - 17:30 MW	3406406 3420884 3421604 3435628 3438465 3439564 3455519 3458853 3460569 3483925
001892	CARP21	0123161	14:00 - 16:00 T	3411059 3421044 3458451
011308	PK25	0180723	16:30 - 17:45 TH	3411158 3458441 3459823 3463939 3475745 3481944 3561318 3568950 3580383
002386	PK278	0910179	10:00 - 12:00 F	3412549 3416891 3433539 3433961 3437962 3439280 3440409 3452529 3456660 3458049 3460235 3464398 3480836 3483003 3483560 3485800 3485931 3486141 3486182 3558838 3574873 3576370 3576390 3576792 3576879 3577485 3580389
014141	PK241	0853792	13:00 - 15:30 TH	3412725 3446353
004275	PK20	3646542	10:00 - 11:30 MW	3412825 3441226 3460718 3462414 3463560 3476930 3480067 3480791 3481354 3483003 3483241 3484202 3484334 3544262 3555254 3558963 3576365 3576555 3578781 3578963 3581127 3581846 3581962
007051	PK338	0031336	16:00 - 17:30 MW	3413283 3430953 3436588 3440023 3453467 3460073 3462458 3462872 3463143 3463919 3480734 3482264 3483385 3576577 3577167
011237	EHLEC	3198619	13:00 - 15:30 T	3485305
014442	PK243	3647209	19:00 - 20:30 TH	3413283 3415849 3425356 3435722 3437962 3440454 3458339 3462647 3475941 3478747 3486379 3486596 3546891 3578747
003491	DAL300	0897706	14:00 - 16:00 TH	3413356 3418441 3422414 3429832 3431155 3446645 3450546 3455808 3481354 3519726 3524341 3549052 3559612 3574047 3574475 3578910 3580397 3581851
001768	PK100	3474420	19:00 - 21:00 MW	3413771 3433275 3434210 3439206 3444491 3447322 3474789 3539996 3568950 3576389
010977	TH110	0695890	13:00 - 14:30 MW	3413771 3416424 3418145 3418907 3431226 3438441 3455093 3483560
005727	CARP21	3648007	14:00 - 16:00 TH	3413774 3442991 3542887
014205	TH110	0254474	14:00 - 15:30 F	3413774 3420837 3431257 3450069 3450546 3457184 3464027 3531305 3581220 3581250 3581851
003446	PK25	0254474	19:00 - 20:30 TH	3413923 3420037 3438113 3438443 3458934 3475327 3483036 3485774 3547282 3568636 3580340
013614	DAL300	0375562	13:00 - 14:30 MW	3413923 3456653 3459613 3462720 3471745 3475950 3478964 3480571 3481221 3483950 3486133 3486569 3576356 3576574 3650636
011304	TAYF	3092941	13:00 - 15:30 T	3413980 3446645 3477004 3576753
001763	PK243	0029059	19:00 - 21:30 T	3414205 3416598 3418264 3431257 3439636 3475327 3476860 3481102 3483036 3485636 3540714 3574475 3575769 3576310
001771	TH110	1165592	13:00 - 14:00 TH	3414205 3426718 3432384 3438999 3439437 3455519 3458049 3459584 3465591 3540428 3544254 3561511 3578488
002713	CARP21	0468281	13:00 - 16:00 T	3414238 3422146 3432447 3436158
002175	EHLEC	0168378	13:00 - 15:30 TH	3414273 3463745
011317	PK180	3194197	19:00 - 21:30 T	3415407 3424594 3433945 3444536 3453218 3455291 3463587 3668924
013168	PK100	0031359	11:00 - 13:20 T	3415766 3425401 3426858 3435183 3435397 3453467 3460586
014136	PK278	3461286	13:00 - 15:30 TH	3415766 3424318 3435734 3436206 3439511 3452988 3457873 3463143 3463919 3475445 3482288 3482989 3556617 3557244 3559462 3560193 3570123 3575898 3576260 3579099 3581967 3582040 3669015
002395	PK243	1051497	19:00 - 21:00 MW	3415769 3431226 3439280 3454497 3462882 3463525 3463729 3464398 3479085 3487035 3576325 3576364 3576390 3576429 3576558
003006	PK243	0492580	10:00 - 11:30 MW	3415769 3432798 3453262 3454226 3458452 3462720 3485416 3576248 3576350 3576432 3580798 3581980 3668806 3668893
003029	TH110	3473854	14:30 - 16:00 MW	3415769 3426719 3431078 3433945 3437379 3438102 3439701 3458250 3481031 3482263 3485727 3487429
009231	PK243	0697660	10:00 - 12:00 F	3415870 3429834 3436683 3458339 3458988 3462882 3463729 3480166 3486844 3576500 3669051
004306	BYC127	3092832	13:00 - 15:30 T	3416232 3416598 3429532 3435692 3436216
011829	BYC127	3689002	13:00 - 15:30 TH	3416232 3429532 3459523 3459972 3460235
012294	TAYF	3098022	13:00 - 15:30 TH	3417172 3455419 3481031 3576555
005263	TH110	0493855	13:00 - 16:00 F	3416424 3418117 3420380 3426638 3429524 3430196 3432759 3435692 3441016 3447681 3457935 3576577
004281	PK243	3092832	11:30 - 13:00 MW	3416598 3451557 3451724 3456089 3458176 3459523 3463022 3466014 3468070 3469520 3480714 3482144 3576013 3576444
004356	PK338	0847593	13:00 - 14:00 T	3416640 3433501 3464666 3475298 3476860 3482588 3485028 3486632 3549052 3556617 3559462 3560193 3561704 3561772 3574047
007380	PK278	0987494	11:00 - 13:20 T	3416640 3420434 3425347 3441894 3455981 3462516 3463602 3464985 3465245 3480264 3480939 3484324 3484619 3485636 3486321 3487243 3503587 3547282 3574563 3581250 3668950
007396	PK243	0851717	11:00 - 13:20 T	3417819 3420025 3432077 3437240 3440419 3449400 3454210 3455093 3459032
011064	PK241	3195964	14:00 - 16:00 TH	3462554 3576391
004036	TH110	3460456	16:00 - 17:30 MW	3416891 3448687 3461517 3461937 3462290 3462720 3462990 3468749 3484816 3552259 3576307
010966	CARP21	0775640	13:00 - 15:30 T	3416896 3576521 3576570 3651077
002161	PK20	1083806	14:00 - 15:30 F	3417108 3435771 3436311 3438113 3438232 3440419 3443421 3451168 3453445 3455631 3455915 3456722 3458972 3460488 3461826 3462639 3462817 3462896 3464327 3466364 3474620 3477824 3480375 3480668 3480732 3481203 3481805 3481943 3485169 3485288 3485290 3485912 3486782 3487087 3505157 3582040
004874	PK25	3647219	19:00 - 21:00 MW	3417166 3431750 3433251 3435380 3440508 3462298 3463587 3480382 3482588 3484272 3484816
005162	BYC127	0031582	14:00 - 16:00 T	3417166 3432595 3436119 3441838 3442188 3556617
012437	PK338	0825571	19:00 - 21:30 T	3417819 3418106 3426213 3426638 3430131 3430786 3434539 3437756 3438443 3439283 3440419 3446670 3454115 3455981 3459111 3462516
008469	PK338	3420576	13:00 - 14:00 TH	3418106 3431939 3438652 3439588 3455908 3466962 3480067 3480423 3481557 3481967 3486311 3486475 3576627
014215	TAYF	3646854	14:00 - 16:00 T	3418117 3421700 3429733 3435039 3480067
007404	TH104	0168763	13:00 - 14:00 T	3418120
003275	PK100	0695890	13:00 - 14:00 T	3418145 3430706 3438020 3442641 3457935 3462872 3476930 3483925 3486777 3576438
005215	TAYF	3555097	14:00 - 16:00 TH	3418145 3457932 3478102 3485628 3486740
007016	PK180	0316015	10:00 - 11:30 MW	3418499 3438550 3443453 3460359 3524066 3576515 3581249
013781	PK278	3557107	13:00 - 16:00 F	3418499 3425219 3426735 3431939 3432622 3438441 3438472 3438473 3438652 3454494 3455341 3457777 3463022 3464100 3483155 3483950 3484752 3484887 3485305 3533093 3533264 3561704 3578707
012292	PK243	3098022	13:00 - 14:00 T	3418606 3446353 3456089 3463524 3463560 3468504 3485361 3560167 3576425 3581903
003270	DAL300	0695890	13:00 - 16:00 T	3418908 3433788 3438441 3440175 3443092 3444537 3447478 3453262 3455908 3456290 3460820 3480264 3480423 3481102 3481557 3484324 3576230 3577590 3580407 3581249
005741	BYC127	3392421	14:00 - 16:00 TH	3420037 3452874 3479382 3484314
002420	PK229	0695890	11:00 - 13:20 T	3420380 3433962 3456820 3482445 3486141
014122	PK100	3555100	14:00 - 15:30 F	3420380 3421153 3452561 3464848 3481944 3561660 3576492 3692269
005120	PK229	3400071	13:00 - 14:00 T	3420434 3464855 3561318 3578861 3579099
001871	CARP21	3422398	16:30 - 17:45 TH	3420437 3436311 3462647 3464193
001750	PK243	0416447	13:00 - 14:30 MW	3420837 3429834 3443207 3451664 3455151 3458934 3459972 3462240 3467781 3549052 3575969 3581609 3668772
014214	PK100	3646854	13:00 - 14:00 TH	3426717 3435366 3438020 3444811 3476930 3576343 3576426
003017	PK338	0492580	13:00 - 15:30 T	3429834 3437341 3438102 3458176 3479718 3481967 3484216 3485054 3485416 3485800 3560770 3561280 3576444 3579949 3581918
012352	BYC127	0129398	13:00 - 16:00 T	3421753 3437341 3460737 3480734 3576536
012353	PK229	0683480	13:00 - 14:00 TH	3421753 3432357
004372	CARP21	0138190	19:00 - 20:30 TH	3422146 3433501 3576359 3576500
006019	PK100	0856198	13:00 - 15:30 T	3453262 3514835 3575969 3576260 3576552 3580248 3581913 3581999
006539	PK180	0777265	10:00 - 12:00 F	3422414 3439917 3454115 3459647 3478419 3530220 3542887 3576627
011063	DAL300	3195964	14:00 - 15:30 F	3422964 3424520 3425679 3432027 3438342 3452988 3463143 3464193 3464855 3465327 3467199 3478951 3479945 3480067 3481607 3487090 3559872 3576465 3576575
004304	CARP21	1165566	19:00 - 21:30 T	3423723 3435692 3436683 3438100
010841	PK100	1084458	13:00 - 15:30 TH	3423839 3448679 3510878 3559591 3559815 3560687
011987	TAYF	1084458	13:00 - 16:00 T	3423839 3436710 3474374 3479382 3480937
013164	PK180	3470325	11:30 - 13:00 MW	3423839 3432759 3437534 3455631 3458037 3540190 3575971 3577054
003421	PK180	0024092	13:00 - 14:30 MW	3424363 3426858 3440419 3471190 3477425 3561001 3579687 3581080
007041	PK338	0162976	13:00 - 15:30 TH	3424520 3431448 3432243 3434124 3436588 3438033 3438473 3461936 3462297 3469560 3479350 3482194 3484334 3576536 3576556 3578747 3580256
001443	TAYF	0853792	16:30 - 17:45 TH	3425095 3455625 3462955 3463524 3486740 3540662 3581903
002992	PK20	3332662	11:30 - 13:00 MW	3425347 3437591 3450068 3457979 3458136 3462290 3463071 3476864 3477425 3477824 3481607 3482989 3486187 3487623 3508682 3558739 3559645 3574542 3574543 3574873 3575898 3576011 3576126 3576299 3576496 3577146 3577741 3579028 3579099 3580159 3580217 3580326 3581098 3581127 3581149 3581247 3581830 3581846 3581913 3650596 3668863 3668950
010860	PK241	3461209	16:30 - 17:45 TH	3425364 3425755 3460701
004012	DAL300	3646540	10:00 - 11:30 MW	3425437 3435380 3458441 3462293 3462647 3465244 3481520 3483042 3484272 3486501 3486623 3514095 3579579 3580912 3581077 3581469 3581609 3581920 3650277
006035	DAL300	3646603	10:00 - 12:00 F	3425437 3439670 3441306 3448314 3457988 3459897 3460359 3461936 3463439 3465103 3467781 3480710 3481643 3483651 3483929 3485228 3487429 3561280 3576424
006045	PK229	0431634	13:00 - 15:30 T	3425437 3441226 3455148 3461826 3462228
004394	TAYF	0989327	19:00 - 20:30 TH	3425679 3450069 3462262 3464279 3465181 3480150 3482588
007365	PK20	0031522	19:00 - 20:30 TH	3425755 3444536 3457184 3459584 3464855 3479054 3481102 3481391 3481894 3483306 3483567 3483640 3485628 3510665 3519078 3521461 3524341 3538202 3556169 3558838 3559225 3559537 3559657 3559843 3560487 3575309 3575735 3575971 3577109 3577682 3578177 3578488 3578804 3578861 3579099 3580798 3580991 3581031 3581609 3581827 3581851 3581870 3581920 3689348 3690482 3692269
012819	PK229	3195964	13:00 - 15:30 TH	3425679 3430298 3430953 3438342
007106	CARP21	3447549	10:00 - 11:30 MW	3426213 3430298 3455297 3458533
006504	PK278	0031399	19:00 - 20:30 TH	3426244 3450068 3457459 3457808 3458641 3461517 3472549 3478951 3483003 3483084 3485228 3506324 3533264 3542887 3555254 3558528 3576360 3576382 3576629 3577741 3578781 3579116 3581201 3581375 3581469 3581907 3650636
005300	PK100	3555101	14:30 - 16:00 MW	3426556 3437011 3437365 3440023 3459647 3462115 3462554 3576351
006518	DAL300	0777265	14:30 - 16:00 MW	3435771 3435931 3437329 3437591 3445738 3450546 3457692 3462116 3462990 3476899 3480728 3481943 3482198 3486844 3576323 3577109 3581192 3581455
004015	PK243	0031578	13:00 - 14:00 TH	3426649 3441838 3444537 3458121 3465332 3485549 3485642 3485803 3556169 3559657 3576037 3650956
008784	PK100	0031572	13:00 - 16:00 F	3426654 3438550 3462956 3475327 3478419 3483567 3486609 3543742 3577054
008821	PK25	0031572	11:00 - 13:20 T	3426654 3435161 3437341 3444536 3455297 3462956 3483567 3576553
011830	TH104	3689002	19:00 - 21:00 MW	3428608
004051	BYC127	3646540	16:30 - 17:45 TH	3428820 3453467 3460399 3463353 3576415
014209	CARP21	3555100	10:00 - 12:00 F	3428844 3435183 3441016 3448679
002564	PK180	0564741	14:00 - 15:30 F	3429199 3454059 3465103 3479718 3483651 3485727 3576792 3581171
010842	PK229	0564741	14:00 - 16:00 T	3429199 3432301 3456313 3484894 3486187
012336	CARP21	3393847	11:30 - 13:00 MW	3429199 3436260 3452445 3457195
004832	PK100	0053518	16:00 - 17:30 MW	3429733 3455151 3457777 3462514 3474409 3478713 3481221 3576753
007397	PK25	3474098	13:00 - 14:00 T	3430131 3432027 3434539 3437146 3437240 3442335 3446670 3463589 3484243
002875	BYC127	0031582	19:00 - 20:30 TH	3436206 3438287 3474409 3480791 3576509
006054	PK100	0207327	14:00 - 16:00 T	3430152 3437141 3441004 3460488 3460701 3576374
013639	PK338	1168489	14:00 - 16:00 T	3430196 3440958 3447478 3455297 3464398 3467983 3470797 3476797 3484887 3510665 3559537 3576336 3576507 3576581
007017	PK25	0031568	13:00 - 14:00 TH	3433788 3456645 3459613 3462290 3463708 3464638 3486501 3487321 3581031
008764	PK20	0428728	14:30 - 16:00 MW	3430697 3436158 3457459 3458451 3462565 3483511 3483954 3485774 3486050 3487243 3502893 3540705 3555254 3556970 3558528 3559149 3559225 3559476 3560167 3561229 3570123 3574483 3574543 3574873 3576479 3576753 3579291 3580397 3580407 3581135 3581846 3581918 3581980
005227	PK241	3647209	13:00 - 16:00 T	3430706 3437295
004806	PK25	0032827	13:00 - 15:30 T	3430978 3436683 3458988 3478713 3479961 3540705 3556169 3558963 3576465
006862	TAYF	3647020	19:00 - 21:30 T	3430978 3432259 3432344 3439147 3462896 3463011 3486250
009321	PK229	0138190	14:00 - 16:00 TH	3431651 3439480 3439818 3487732
012354	PK180	0031756	19:00 - 21:00 MW	3431080 3438206 3451496 3479712 3483557 3577682 3668849
014140	CARP21	0031336	13:00 - 14:30 MW	3431155 3460737 3464100 3487055
003522	BYC127	3554810	19:00 - 21:30 T	3432622 3443207 3454210 3460586 3462019
012822	CARP21	3646854	14:00 - 15:30 F	3431260 3438441 3458957 3462414
014226	PK25	0899465	13:00 - 15:30 TH	3441310 3462514 3480571 3540190 3558800 3561660 3579143 3581455
001562	DAL300	0705542	16:00 - 17:30 MW	3431445 3437141 3438068 3438374 3438472 3440175 3451496 3460737 3479712 3483557 3577682 3581609 3581786 3668931
004066	PK180	1167978	14:30 - 16:00 MW	3432447 3434428 3437962 3438068 3442237 3442432 3461936
014441	TAYF	3688149	10:00 - 11:30 MW	3431740 3431750 3436514 3438119 3464263 3485053 3485642
002396	TAYF	0320399	10:00 - 12:00 F	3431750 3438084 3463525 3475298 3478050 3487035 3487276
008447	PK278	0132890	11:30 - 13:00 MW	3432238 3435628 3439564 3439588 3455908 3457935 3462240 3464306 3476930 3481557 3482101 3485550 3486311 3486858 3540124 3558543 3559857 3561772 3577167 3578861 3579414 3581851 3668921 3690482
002569	PK180	1168490	11:00 - 13:20 T	3432301 3435931 3440409 3456313 3463439 3484894 3521272 3559624 3581227
011831	EHLEC	3689002	14:00 - 16:00 T	3432384 3462417
005730	EHLEC	3556752	14:00 - 16:00 TH	3432595 3575735
007910	PK241	0431946	19:00 - 20:30 TH	3432782 3438206 3439158
012227	PK243	3447549	13:00 - 15:30 T	3432798 3463353 3478951 3483954 3483996 3485803 3525604 3559624 3560860 3574542 3577795 3690482
004377	CARP21	0847593	14:30 - 16:00 MW	3433501 3482019 3574546 3668875
001857	PK180	0123161	13:00 - 14:00 T	3433686 3435248 3435771 3456228 3460235 3463071 3471447 3481690 3576319
009225	PK25	1061058	14:00 - 16:00 T	3433962 3474374 3481520 3524341 3558528 3559476 3577000 3578842 3579414 3580326 3580407
004872	CARP21	0989327	13:00 - 16:00 F	3436227 3480382 3481562 3576569
013163	TAYF	3470325	13:00 - 14:30 MW	3436710 3480264 3485361 3577795 3581247 3668835
009304	TH110	0493855	13:00 - 15:30 T	3437011 3441016 3442237 3447322 3452561 3453218 3456053 3458957 3463939 3465244 3482989 3486609 3559218
013615	PK229	3473854	13:00 - 16:00 T	3438473 3459613 3462720 3486787
007923	PK229	0031386	16:30 - 17:45 TH	3437574 3438206 3439158 3452445 3480401
014137	PK25	3461286	19:00 - 21:30 T	3447322 3452561 3462565 3465050 3478309 3485774 3486782 3559218 3560193 3576364
004023	PK100	0854975	14:00 - 16:00 TH	3437962 3438068 3460134 3462237 3485290 3576305 3576312 3576569
005725	PK338	3392421	10:00 - 11:30 MW	3438102 3464327 3467199 3474140 3474789 3476418 3478713 3482264 3482288 3483638 3484361 3485054 3576260 3580159 3668927
001552	PK241	0129398	19:00 - 21:30 T	3438206 3479712 3483557
012355	PK229	3578080	19:00 - 20:30 TH	3463729 3581786 3668849
002166	PK180	0428815	13:00 - 16:00 F	3438232 3459522 3463675 3463745 3464027 3480710 3481419 3483467
002669	PK241	0897706	10:00 - 11:30 MW	3438294 3486571 3576579
013645	TH110	0493725	13:00 - 15:30 TH	3479804 3516634 3559225 3575916 3576334 3577806 3580259
011203	EHLEC	0129398	16:30 - 17:45 TH	3438443 3438465
013185	PK241	3420576	10:00 - 12:00 F	3438652 3439588 3462115
013172	DAL300	1165592	19:00 - 21:30 T	3439328 3440508 3462849 3463199 3464666 3467427 3468281 3478964 3480069 3483640 3483954 3483996 3484619 3487087 3502893 3560687 3577022 3580341 3580584 3581596 3581870
004802	TH110	0031473	14:00 - 16:00 T	3439387 3465036 3481944 3483546 3486623 3518231 3533093 3559657 3559970 3561660 3579143 3579579 3668956
009286	EHLEC	0138190	13:00 - 16:00 T	3439409 3480935
014310	TH104	0910179	11:00 - 13:20 T	3439475
009213	EHLEC	0138190	19:00 - 21:30 T	3439912 3467983
011050	BYC127	0897399	10:00 - 11:30 MW	3439912 3447478 3486083 3568950 3574475 3580407
014203	CARP21	3555417	16:00 - 17:30 MW	3440508 3455419 3460757 3576313
002362	DAL300	1165566	13:00 - 14:00 T	3440958 3442432 3458049 3465588 3469119 3476908 3485504 3546417 3576248 3668885 3668989
009270	PK243	3554810	13:00 - 15:30 TH	3440958 3441894 3473086 3483036 3484894 3575928 3576332 3576436 3576540 3576579 3581080 3581827
006860	PK100	3461209	13:00 - 16:00 T	3441226 3441310 3458087 3465332 3467040 3481202 3483929 3487732 3576212 3580955
004362	TAYF	0989327	11:30 - 13:00 MW	3441306 3445680 3465181 3470846 3486050 3559624 3576498
011305	TAYF	0029059	14:00 - 15:30 F	3441894 3457979 3484202 3484746 3511123 3580397
013059	PK241	3470325	19:00 - 21:00 MW	3442188 3455148 3458533 3461020
007007	DAL300	0804281	13:00 - 14:00 TH	3443453 3467199 3480728 3483640 3487623 3508682 3531305 3561229 3576342 3576405 3576753 3576763 3577054 3580159 3580340 3581907
007032	TAYF	0031573	14:30 - 16:00 MW	3443453 3461517 3492392 3561084 3576879 3580139 3581098
007081	PK241	0316015	11:00 - 13:20 T	3576475
013839	PK338	3447549	10:00 - 12:00 F	3443522 3476797 3476860 3479350 3480868 3482323 3518231 3538400 3575581 3576339 3576410 3576495 3578781 3581135
006034	PK338	0213446	11:30 - 13:00 MW	3445343 3460359 3464850 3465103 3475933 3478506 3480668 3482198 3483651 3485228 3486379 3561280 3576350 3576432 3576879 3581980
013213	PK25	3648217	10:00 - 11:30 MW	3445680 3451496 3457873 3463353 3478747 3480836 3481031 3484324 3576391
011207	PK241	0031478	11:30 - 13:00 MW	3445738 3462116 3462990
001163	TAYF	0031568	13:00 - 16:00 F	3446353 3480935 3482422 3484216 3484763 3486141 3576552
013999	PK229	3452735	19:00 - 21:30 T	3448687 3451663 3462115 3462416
006532	PK241	0031399	13:00 - 14:30 MW	3446832 3559843 3576330
001757	TAYF	3460008	16:00 - 17:30 MW	3447681 3450546 3457184 3458934 3479885 3480939 3485812
007882	PK229	0470839	10:00 - 11:30 MW	3450069 3476085 3480166 3481202 3525384
008774	TH110	0576472	14:00 - 16:00 TH	3462936 3475745 3475941 3478050 3483385 3503630 3519499 3560649 3576231
013840	PK180	3447549	16:00 - 17:30 MW	3462297 3462849 3478747 3483085 3487321 3576308 3651077
011206	PK229	0129398	10:00 - 12:00 F	3451664 3458957 3467427 3481518 3485812
011319	BYC127	0827051	10:00 - 12:00 F	3453262 3459980 3461063 3478102 3487041 3576401
001170	PK25	3556528	10:00 - 12:00 F	3454182 3464638 3480382 3480423 3484898 3485504 3485537 3524963 3576334 3576435 3669011
011309	PK229	0180723	11:30 - 13:00 MW	3454494 3455151 3461556 3575908
004738	BYC127	3647094	11:30 - 13:00 MW	3455148 3461020 3481075 3483965 3576504 3576572
014127	EHLEC	3555417	19:00 - 20:30 TH	3455148 3484898
013195	PK180	0020093	13:00 - 14:00 TH	3472140 3483306 3576417 3576457 3576546 3668910
007087	EHLEC	0031573	10:00 - 11:30 MW	3456066 3485305
012765	PK100	3555097	16:30 - 17:45 TH	3457039 3461556 3479838 3482591 3483278 3487505 3576347 3576408 3576488 3580389
001751	EHLEC	0254474	10:00 - 12:00 F	3457184 3668848
013210	PK229	0031582	13:00 - 14:30 MW	3458037 3460757 3463439 3463560 3480791
013616	EHLEC	0375562	11:30 - 13:00 MW	3458250 3463593
001199	PK25	3447549	11:30 - 13:00 MW	3458441 3474395 3475198 3475745 3476085 3478747 3481562 3482422 3483557 3484216 3487321
014128	PK241	3555417	13:00 - 14:00 T	3458533 3480382 3533264
002660	TH104	0031572	13:00 - 14:00 TH	3458704
006562	EHLEC	0031573	14:00 - 15:30 F	3458744 3463524
004016	PK180	3442425	13:00 - 15:30 T	3459111 3469560 3474598 3481607 3485756 3505185 3546891 3668929
014114	PK338	0827051	19:00 - 21:00 MW	3460718 3481643 3481862 3482591 3576347 3576356 3576370 3576444 3576545 3668998
009296	PK241	3554810	13:00 - 15:30 T	3461063 3463708
013783	PK241	3555100	14:00 - 15:30 F	3461975 3480791 3529298
009240	PK229	0138190	14:00 - 15:30 F	3462237 3465245 3465442 3481518 3505185
002401	PK241	0492580	13:00 - 14:00 TH	3463879 3486182 3487093 3576409
005214	PK241	3447549	14:30 - 16:00 MW	3463919 3470797 3486632
013206	PK241	3426520	13:00 - 16:00 F	3464193 3465588 3668768
004360	PK180	0989327	13:00 - 15:30 TH	3464306 3466364 3480150 3480935 3482019 3485636 3540124 3560487 3575483
014211	PK100	0402773	19:00 - 20:30 TH	3470846 3474374 3486501 3486838 3486844 3540662 3559462 3559476 3580139 3581247
011065	TH104	3195964	13:00 - 15:30 T	
013222	EHLEC	3470325	13:00 - 14:30 MW	3479085 3484763
012099	PK241	0020093	16:00 - 17:30 MW	3485028 3561511
006523	PK100	0031573	19:00 - 21:30 T	3480810 3481875 3486787 3561516 3576352 3576359 3576576 3581907 3668820 3668860
007037	EHLEC	0031399	14:30 - 16:00 MW	3480935 3576342
005723	PK243	3648007	14:00 - 16:00 T	3481690 3485628 3487090 3503630 3520100 3521461 3555932 3560858 3577682 3578177 3581080 3581098 3581596 3581870 3581996
012821	TH104	3646854	13:00 - 15:30 TH	3481875
001182	EHLEC	0493725	19:00 - 21:00 MW	3485327 3485504 3486838
003407	PK229	3478658	14:30 - 16:00 MW	3574558 3581232 3668950 3669047
013197	BYC127	0020093	13:00 - 14:00 T	3524963 3544254 3561229 3576448 3576626 3577741 3580796
010949	TH104	0897399	14:00 - 16:00 T	3539996
001429	TH104	0020093	13:00 - 16:00 T	3559872
004810	EHLEC	0697660	13:00 - 16:00 F	3561229 3668862
011198	TH104	0254474	14:00 - 16:00 TH	3576320
014456	TH104	3691385	16:30 - 17:45 TH	3576575
013196	TH104	0020093	19:00 - 20:30 TH	3579949
