Course	Room	Teacher	Time	Students
011834	PK20	0470839	13:30 - 16:00 W	33322 3404196 3414238 3421700 3431158 3431449 3439511 3450490 3480401 3482018 3483327 3486617 3524066 3530220 3551641 3559591 3560373 3560649 3576463 3576535 3576586 3581081 3668917 3668975
001249	PK20	0031388	14:00 - 17:00 T	310347 3322886 3331180 3339315 3340287 3340324 3359596 3405619 3413283 3415849 3422289 3424520 3425356 3430944 3431158 3431535 3431740 3434428 3434468 3435161 3438472 3439820
011208	PK243	3577231	19:00 - 21:30 M	310347
002562	PK20	1168490	10:00 - 11:30 MW	1057610 3433849 3433961 3439917 3441004 3441838 3443421 3460586 3461962 3462298 3463011 3471190 3476418 3479838 3479945 3480867 3481391 3482194 3483278 3485028 3485931 3486382 3486501 3486777 3486838 3508682 3518231 3540124 3540190 3540705 3552259 3559815 3560373 3570123 3574967 3575309 3575916 3576231 3576375 3576391 3576530 3576534 3576620 3577795 3578075 3581077 3650277 3668752 3668792 3668830 3668858 3689348
003406	PK20	1167851	14:00 - 15:00 M	1057610 3441900 3461498 3475933 3475950 3476864 3478356 3479311 3480734 3485548 3503382 3510665 3514095 3516634 3537536 3538202 3558739 3558800 3559534 3559537 3559657 3560487 3560770 3574543 3575916 3575969 3576126 3576763 3577109 3577187 3577590 3577806 3578707 3578804 3579414 3580217 3580248 3580256 3580586 3580714 3581098 3581171 3581375 3581456 3581830
006024	PK20	3470402	14:30 - 16:00 TTH	1057610 3375323 3439475 3443421 3451557 3459032 3459613 3460235 3466014 3468070 3469520 3471450 3474620 3475950 3478356 3480714 3480732 3480999 3481532 3482264 3482288 3483560 3485290 3486569 3486852 3503382 3514095 3514964 3516634 3521265 3538688 3556970 3558739 3559534 3560199 3561074 3575898 3575916 3575928 3576555 3578804 3578910 3579181 3579949 3580251 3581081 3581135 3581192 3581232 3581455 3581605 3650578
008770	PK20	0428728	13:00 - 14:30 TTH	1086489 3196460 3337463 3438471 3439387 3455625 3458136 3458957 3460737 3462416 3464638 3465036 3466014 3466962 3471450 3476899 3478964 3479054 3479085 3479350 3479718 3479885 3480069 3480810 3481557 3481967 3482101 3483546 3484243 3485537 3486311 3486389 3486777 3487640 3514964 3524963 3537536 3538688 3558739 3558838 3559645 3559804 3560199 3560308 3574866 3575971 3578910 3579414 3580248 3581149 3581171 3581962 3650578 3668835 3668874
014124	PK338	3555100	15:00 - 17:00 T	1086489 3482739 3576357
002368	PK20	0697660	14:30 - 16:00 M	1088365 3416286 3433962 3460359 3463524 3468281 3468749 3476908 3477580 3479534 3480166 3483925 3484750 3484763 3485170 3486141 3486182 3486844 3487093 3487623 3505185 3510971 3512896 3540190 3546417 3555932 3560193 3568636 3576352 3576429 3576494 3576528 3576558 3576763 3576792 3577741 3579949 3580584 3580796 3580798 3650956 3668786 3668826 3668827 3668868 3668885 3668907 3668932 3668934 3668957 3668970 3668982 3669051
002470	PK278	0697660	18:30 - 21:00 T	1088365 3424594 3433539 3438084 3475298 3482445
011313	PK20	3647219	14:00 - 16:00 TH	3415870 3418441 3420037 3421753 3425401 3429566 3429834 3436227 3437589 3438232 3440687 3444811 3454497 3459584 3461556 3462298 3463851 3464848 3465036 3467040 3479945 3481221 3486623 3487040 3513947 3540662 3561704 3576011 3578036 3580139 3581469
014228	DAL300	3648007	13:00 - 14:30 TTH	3470393 3540428 3574563 3577806 3581247 3669016
001165	PK278	3646621	10:00 - 12:00 F	1160238 3359596 3405451 3411059 3416232 3431448 3431672 3451331 3454182 3455058 3463071 3483557 3557478 3561098 3574563
001176	PK278	0031388	15:00 - 17:00 T	1160238 3374194 3455419 3462417 3463560 3468504 3485028 3485361 3486632 3557478
012293	PK338	3098022	19:00 - 22:00 T	3487090 3581981
006026	PK20	3470402	13:00 - 14:30 MW	3196460 3217247 3432357 3435070 3435384 3436227 3437365 3454476 3475941 3479350 3480868 3483306 3483996 3520100 3525604 3530220 3538928 3560858 3560860 3561772 3574873 3575908 3576334 3576358 3576368 3576435 3668854 3668870 3668874 3668938 3668941
014206	PK278	1079401	11:30 - 13:00 TTH	3196460 3420884 3432238 3441894 3442335 3443731 3446645 3452874 3454210 3454476 3454494 3460569 3463879
003278	PK243	1061861	14:00 - 16:00 T	3198263 3437252
011844	DAL300	0031471	10:00 - 11:00 MWF	3213028 3359596 3418907 3426213 3432223 3457917 3484763 3487310 3576306 3576387
007888	PK338	0470839	14:00 - 16:00 T	3217247 3452445 3480401 3576463 3576471
007040	PK20	0162976	19:00 - 21:00 MW	3219927 3432243 3433945 3439917 3440024 3471745 3478691 3482194 3482263 3482264 3483085 3487261 3576335 3576515
013146	DAL300	3332662	12:00 - 14:30 W	3219927 3430706 3432796 3432798 3433961 3435722 3437089 3460134
001157	PK338	0697660	11:00 - 12:00 MWF	3226303 3439437 3486838 3578963 3692917
002397	PK20	0493725	19:00 - 22:00 M	3226303 3433829 3452529 3464398 3465588 3469119 3475298 3476908 3477580 3478050 3479355 3480166 3482445 3483925 3484750 3485054 3485816 3486182 3487093 3487276 3487640 3559804 3576336 3576494 3650956
004010	PK20	3442425	11:30 - 13:00 TTH	3226303 3374194 3412549 3426858 3432357 3456660 3457777 3460718 3465591 3473086 3479534 3480217 3480728 3480868 3481102 3482194 3485812 3503865 3506324 3508682 3521265 3529298 3531305 3549272 3559857 3559872 3561402 3575769 3575898 3575908 3576126 3576763 3577167 3577590 3578963 3579028 3579592 3579687 3579723 3580217 3580261 3581227 3581786 3581827 3581967 3581981 3668920
014384	PK338	0492451	14:00 - 17:00 T	3226303 3416424 3431260 3576631
004888	PK278	0031473	14:00 - 17:00 T	3227297 3417166 3425219 3426666 3426735 3429566 3433251 3436227 3436514 3437589 3439701 3440508
011187	PK278	3194193	11:00 - 13:20 T	3227297 3431750 3435397 3436514 3437589 3437591 3438119 3456016 3457777 3459508 3464263 3475445
014207	PK338	3554810	15:00 - 17:00 M	3227297 3429706
013193	PK20	0898918	15:00 - 17:00 M	3250131 3375544 3414273 3417108 3419470 3433760 3434130 3436119 3438374 3455631 3456228 3456677 3458295 3463675
013627	PK20	3459335	10:00 - 13:00 T	3250131 3428608 3431672 3432223 3434130 3435384 3437534 3443421 3446832 3453445 3457988 3458295 3458972 3459505 3460867 3462514 3464379 3692269
013921	PK278	3483424	14:00 - 16:00 TH	3250131 3331180 3405604 3415849 3426735 3428608 3432384 3437534 3452561 3453445 3456228 3458972 3463526 3481702
001843	PK20	0056992	19:00 - 22:00 T	3250227 3378849 3416536 3417172 3425095 3430401 3431672 3435384 3437574 3445081 3448679 3451168 3451663 3455915 3458451 3460488 3461197 3462416 3463526 3464327 3474463 3475573 3476797 3478691 3480217 3487261 3569865 3574137 3576411 3580714 3581038 3582040 3692269
003472	DAL300	0058557	14:00 - 16:00 TH	3250227 3429524 3429732 3452988 3454494 3464666 3465591 3480867 3487621
013167	PK278	0058557	14:00 - 16:00 M	3429732 3438471 3460820 3470797 3483546 3487316 3518231 3544945 3555254 3581846 3581920
002163	DAL300	1037239	12:00 - 14:00 W	3250683 3453352 3459522 3462270 3463675 3463745 3464027
002182	PK278	0428815	15:00 - 17:00 M	3250683 3381050 3430152 3431294 3431449 3435039 3435313 3439328 3453352 3459505
011827	DAL300	1037239	11:00 - 12:00 MWF	3250683 3381050 3453352 3462270
014116	PK338	3555417	10:00 - 11:00 MWF	3254734 3436206 3463524 3468504 3476082 3540662
001837	PK20	3452118	16:30 - 17:45 TH	3264539 3430196 3430401 3441310 3451168 3457873 3459523 3460569 3461063 3462817 3463589 3463776 3470393 3470846 3474140 3475198 3479311 3479976 3480571 3480999 3481203 3481532 3481805 3481813 3481943 3482101 3483511 3485170 3485912 3486379 3486782 3487087 3503382 3514964 3521265 3529298 3538202 3543742 3544945 3549272 3559149 3559870 3560167 3560199 3560373 3561074 3569865 3574137 3574543 3574558 3574639 3575483 3575916 3575928 3576260 3576411 3578747 3578861 3579143 3580269 3580714 3580912 3581038 3581077 3581081 3581085 3581171 3581207 3581220 3581232 3581375 3581456 3581605 3581967 3581999 3650578 3650596 3668933
002153	PK20	0168378	19:00 - 21:30 T	3264539 3429532 3433686 3451724 3457231 3457988 3459972 3461197 3463776 3465036 3467093 3468070 3469520 3471447 3471450 3475573 3475933 3477425 3480714 3481690 3481702 3481813 3482144 3483298 3483587 3483638 3483929 3485548 3485550 3486852 3487055 3487266 3513947 3514095 3521265 3521461 3529298 3543742 3546891 3556594 3556970 3557244 3559149 3559302 3559857 3559963 3574558 3575483 3576013 3577187 3578811 3579592 3579723 3580248 3581085 3581605 3581920 3581967 3581996 3650578 3669006 3669016
006847	PK20	3427120	10:00 - 11:00 MWF	3264539 3417108 3420437 3421500 3427674 3428608 3437534 3438232 3446832 3455625 3455915 3456677 3456722 3457873 3457988 3458295 3462297 3462639 3462647 3463526 3463589 3480375 3480732 3481419 3482739 3483467 3485548 3485550 3486617 3487041 3487266 3582040
002464	PK20	0910179	13:00 - 14:00 T	3322585 3375323 3375629 3405427 3415407 3416286 3416374 3420837 3421770 3429602 3429834 3431226 3432796 3438020 3438100 3438102 3439280 3456290 3456820 3458452 3463729 3463879 3481520 3481798 3486182 3559804
012832	DAL300	3689002	9:00 - 10:00 MWF	3322585 3405427 3415769 3416286 3458452 3482445 3487035 3576390 3576558
010935	PK278	0031756	13:00 - 16:00 TTH	3322886 3431445 3432243 3451496 3458176 3462240 3465591 3558838 3575483 3580912 3581786 3668765 3668895
013649	PK243	0676083	14:00 - 16:00 TH	3322886 3431155
008470	PK338	0695890	13:00 - 16:00 T	3331179 3449400 3460737 3462115
014213	PK278	3646854	13:00 - 16:00 W	3331179 3340287 3433788 3455981 3467452 3475941 3546417 3578036 3581469
014218	PK338	0031471	13:00 - 15:30 TH	3439387 3483155
001840	PK20	0168763	11:00 - 12:00 MWF	3331180 3418120 3421500 3432384 3437146 3439670 3455291 3457039 3462292 3462293 3462817 3471447 3474620 3476797 3478691 3480668 3480732 3481690 3482739 3483298 3485169 3486379 3486617 3486782 3486852 3487055 3487316 3510971 3521461 3560308 3576504 3580261
003432	PK20	3688153	16:00 - 17:30 MW	3331180 3406406 3434539 3438033 3438465 3454476 3460371 3467384 3476418 3480734 3486050 3487621 3502893 3520100 3580389 3581228
003004	PK20	3473854	12:00 - 14:00 W	3337463 3404279 3411158 3413774 3431629 3459897 3459980 3464100 3475950 3480571 3480836 3482263 3487429 3576329 3576490 3577022 3577485 3581918 3581980 3668875 3668968
003453	PK278	3688153	13:00 - 14:00 MWF	3337463 3432238 3433539 3451663 3455719 3456820 3462116 3483155 3484619
001242	PK338	0910179	13:00 - 15:00 M	3339315 3463776 3469119 3485054
001247	PK243	1165566	11:00 - 12:00 MWF	3420940
007377	PK20	0031522	11:00 - 13:20 T	3339814 3425347 3443731 3454210 3462292 3483298 3486389 3503587 3552259 3556617 3559537 3576332 3576417 3576448 3576457 3576513 3576627 3578443 3581085 3581250 3581786 3581830 3581913
007403	PK20	0031611	12:00 - 14:30 W	3339814 3425347 3435070 3435313 3437240 3441900 3447681 3455915 3456722 3457459 3461962 3462292 3463589 3463602 3464379 3467093 3474216 3474395 3479976 3576386 3576394 3576433 3576439 3576491 3576517
008429	PK20	3405054	13:00 - 16:00 F	3377851 3429524 3431260 3431303 3431448 3435628 3436588 3438652 3439588 3455341 3455808 3459111 3459647 3461517 3462414 3462458 3465245 3476864 3480423 3481967 3483467 3503630 3581999 3669019
014135	PK20	0493855	13:30 - 14:30 W	3339814 3340287 3366307 3369702 3420940 3425114 3429706 3431828 3436514 3438119 3441016 3442991 3456053 3459508 3459823 3465050 3465244 3467384 3475327 3478309 3481221 3484816 3485537 3487505 3574967 3576417 3576557 3581135
012303	PK278	0576472	9:00 - 10:00 M-F	3340003 3406406 3435161 3438550 3447478 3454182 3474216 3480375 3483567 3484990 3540428
014212	PK20	0402773	10:00 - 11:30 TTH	3340003 3375120 3418606 3430953 3432027 3435734 3435771 3437978 3438471 3439387 3439636 3441004 3446353 3453352 3462292 3462606 3464306 3467093 3472140 3477580 3482198 3483155 3549052 3560487 3580796 3668760
006509	PK20	3554648	13:00 - 16:00 TH	3340324 3413356 3430697 3431060 3438287 3439409 3445738 3453352 3454115 3462990 3480810 3483084 3486133 3486844 3520100 3576306 3576362 3576387 3576485 3576527 3581228 3650636 3668812
013147	DAL300	3332662	13:00 - 14:00 W	3359026 3430298 3431078 3456066 3474598 3487034
014230	DAL300	0031478	13:00 - 16:00 F	3359596 3425364 3431651 3457692 3463011 3482198 3576396 3576548
004017	PK278	0031578	14:30 - 16:00 TTH	3366307 3416891 3426556 3438068 3442237 3442432 3448687 3461937 3462290 3480939 3576248 3576576 3578075 3580095
005247	PK278	0029475	13:00 - 14:30 TTH	3366307 3421770 3425219 3426658 3429810 3431828 3435734 3437978 3444811 3456053 3457873 3465050 3478309 3559218 3576344
014134	DAL300	3461286	14:00 - 16:00 F	3366307 3426658 3431449 3443522 3455719 3463939 3486609
003520	PK278	3393009	13:00 - 16:00 T	3374040 3422414 3425114 3444537 3457393 3457932 3458121 3464848
004276	PK20	1165566	13:00 - 16:00 TTH	3426735 3456089 3461882 3461937 3463022 3467040 3474140 3477014 3477576 3481798 3483950 3485756 3486858 3505185 3533264 3557244 3559218 3559970 3568636 3574967 3575769 3576013 3576126 3576455 3576629 3579028 3579181 3580389 3581903 3581995 3668826 3668924 3668963 3669039 3692917
001474	PK338	3098022	9:00 - 10:00 MWF	3374194 3425095 3429532 3432398 3436206 3436216
005846	DAL300	3647094	19:00 - 21:30 M	3374194 3423839 3463327 3539996 3544945 3547282 3576011 3580259
013171	PK278	3092941	14:00 - 15:00 MWF	3374470 3425356 3434210 3443092 3444537 3451551 3456053 3457808 3458121 3484202
013636	PK278	0605187	19:00 - 22:00 M	3374479 3405427 3423723 3428820 3461937 3463143 3481562 3561280
001770	DAL300	3474420	10:00 - 11:30 TTH	3374569 3426718 3439402 3440687 3457808 3463327 3471745 3479838 3576499
003441	PK20	0897706	13:00 - 16:00 T	3374569 3411059 3415407 3418264 3427633 3436588 3438033 3455808 3457231 3459584 3462606 3463602 3465442 3478102 3484990 3486083 3487040 3487732 3576230 3578488 3579723 3668851
001896	PK243	0168763	14:30 - 16:00 TTH	3375120 3404693 3435070
006851	PK20	3646602	14:30 - 16:00 MW	3375323 3436216 3448314 3460338 3467040 3477824 3480710 3481202 3482288 3558543 3564528 3579181 3579291 3581192
011865	PK278	3092832	13:00 - 14:00 TH	3375323 3435692 3436216 3450490 3451557 3451724 3457231 3458176 3459972 3463022 3482144
001899	DAL300	3459335	10:00 - 11:30 MW	3375389 3375544 3378849 3419470 3430383 3433760 3434130 3435248 3436119 3436930
006031	PK20	0213446	9:00 - 10:00 MWF	3375389 3423723 3429602 3438254 3445081 3445343 3448314 3452529 3456653 3458087 3460338 3460867 3463439 3463587 3464850 3465103 3465332 3467781 3469615 3470846 3475933 3480668 3480710 3481419 3483651 3485727 3486569 3486617 3486852 3558543 3559149 3560770 3564528 3574558 3576013 3576212 3576248 3576420 3576466 3576524 3576879 3577022 3577109 3578811 3578921 3579291 3580095 3580397 3580955 3581077 3581127 3581207 3581605 3581952 3581980 3668977
003454	PK20	0024092	19:00 - 21:30 M	3375410 3439147 3443522 3447306 3451724 3454476 3456653 3457393 3460586 3462293 3464666 3474789 3477004 3478964 3479804 3481354 3481702 3484202 3484845 3485642 3486083 3486382
003460	PK20	3393009	12:00 - 13:00 MWF	3375410 3425401 3426213 3426244 3430131 3431651 3437589 3439147 3442991 3455519 3457231 3457692 3467427 3481894 3483042 3483278 3484887 3519499 3524963 3533093 3544254 3551641 3560687 3577054 3578177 3580340
005157	PK278	3555100	12:00 - 14:30 W	3375544 3416374 3424318 3447306 3458121 3468281 3482989 3544254 3561001 3576303 3576324 3576626 3579687
001897	PK338	1165566	10:00 - 13:00 T	3375629 3420380 3421044 3429602
013635	PK278	3555097	11:00 - 12:00 MWF	3375685 3433945 3438374 3464272 3467671 3481391 3481643 3485327 3519078 3569865 3576545 3578075 3581031
014100	PK20	0431946	14:00 - 16:00 W	3375685 3404279 3431078 3431158 3435627 3435931 3437574 3438206 3456016 3459508 3463199 3464263 3477580 3481202 3482018 3484243 3484845 3559872 3576212 3576392 3580217 3581249 3668987
006555	DAL300	3554648	14:00 - 16:00 W	3377851 3429810 3430697 3431060 3443731 3476899 3580341
006588	PK338	0777265	14:00 - 16:00 TH	3377851 3431060 3437329 3438287 3439818
014383	DAL300	0824088	8:30 - 10:00 TTH	3377851 3437511 3462262 3464985
011209	PK338	3577231	10:00 - 11:30 TTH	3379786 3423676 3429199 3436260 3438254
014133	PK278	3195964	10:00 - 11:30 TTH	3434079 3452988 3455297 3460820 3462116 3465327 3478691 3479355 3481562 3483085 3487261 3565637 3576368
001749	PK278	3460008	13:00 - 15:30 TH	3381050 3416891 3431078 3436683 3481532 3482101 3576037 3576474 3579181 3580251 3580269 3668873
001152	PK20	0031471	14:00 - 16:00 M	3396377 3422964 3426666 3438100 3440454 3450490 3451331 3462019 3462237 3462565 3466011 3470393 3471190 3475745 3478747 3480375 3480836 3480868 3481518 3482019 3483036 3483511 3484361 3484746 3503587 3503630 3505157 3510665 3512896 3521272 3537536 3538400 3540124 3558528 3558800 3559225 3559476 3559591 3559645 3559843 3559857 3559963 3560858 3561001 3561402 3561660 3574483 3574639 3574866 3575735 3576011 3576231 3576329 3576349 3576352 3576440 3576457 3576480 3576492 3576495 3576507 3576625 3577187 3578842 3579116 3579143 3579291 3580259 3580326 3580584 3580586 3580991 3581220 3581227 3581952 3581996 3650596 3668751 3668812 3668867 3668892 3668915 3668937 3668995
011962	PK20	0492451	16:00 - 17:30 TTH	3396377 3422289 3438342 3440023 3441310 3455908 3456313 3460820 3462849 3486311 3519078 3542887 3559534 3559900 3576323 3576333 3576438 3576533 3577682
012350	PK278	3194197	13:00 - 15:00 M	3396377 3430401 3431445 3431740 3462554 3462849 3462936 3467427 3481532
012763	PK20	0207327	18:30 - 21:00 T	3404179 3405422 3425437 3430978 3432344 3433849 3436311 3437778 3455148 3460359 3461826 3469615 3485288 3485416 3513947 3581375
012735	PK278	1168592	10:00 - 13:00 T	3418117 3426719 3429733 3430706 3439475 3456722 3458339 3462414 3469615 3481203 3486858
007926	DAL300	0468281	13:30 - 16:30 T	3404279 3421700 3426169 3432782 3435627 3437574 3439158
006043	PK20	0409737	18:00 - 20:30 M	3404534 3418106 3418908 3420437 3421753 3426649 3429199 3431629 3433829 3433961 3437141 3437365 3437379 3437511 3440175 3441306 3451553 3454226 3455341 3458250 3459897 3460399 3460701 3460867 3462228 3462639 3463593 3479718 3479961 3483638 3484990 3486250 3486998
006060	DAL300	0409737	8:00 - 9:00 M-F	3404534 3412644 3413923 3418908 3439437 3440175 3460399
007878	PK278	0031386	14:00 - 15:00 M	3404693 3434468 3439511 3482018 3524066 3530220 3560649 3574542 3574639 3576212 3577146 3581081 3581249 3668752 3668917
001168	PK278	3646621	13:00 - 16:00 F	3405451 3439283 3439437 3446832 3461498 3462417 3475198 3477576 3479054 3485912 3576367 3576496 3669050
011190	PK338	3577231	10:00 - 11:30 MW	3405451 3421044 3580261
001852	PK338	0409956	8:30 - 10:00 TTH	3405604 3438113 3464279 3464379
003465	DAL300	0599596	14:30 - 16:00 M	3406406 3420884 3421604 3435628 3438465 3439564 3455519 3458853 3460569
001892	PK338	0123161	13:00 - 14:00 W	3411059 3421044 3439820
011308	PK278	0180723	14:00 - 15:30 F	3411158 3423839 3458441 3459823 3462955 3463939 3475745 3481944 3561318 3568950 3580383
002386	PK20	0910179	14:00 - 15:00 MWF	3412549 3416891 3433539 3433961 3437962 3439280 3440409 3452529 3456660 3460235 3464398 3480836 3483003 3483560 3485800 3485931 3486141 3486182 3558838 3574873 3576370 3576390 3576792 3576879 3577485 3580389
014141	PK243	0853792	10:00 - 11:00 MWF	3412725 3446353 3466011
004275	PK20	3646542	9:00 - 10:00 M-F	3412825 3441226 3460718 3462414 3463560 3480067 3480791 3483003 3483241 3484202 3484334 3544262 3555254 3558963 3576365 3576555 3578781 3578963 3581127 3581846 3581962
007051	PK278	0031336	11:30 - 13:00 MW	3413283 3430953 3436588 3440023 3460073 3462458 3462872 3463143 3463919 3480734 3483385 3576577 3577167
011237	PK243	3198619	10:00 - 11:30 TTH	3413283 3485305
014442	PK278	3647209	8:30 - 10:00 TTH	3435722 3440454 3462647 3478747 3486379 3486596 3578747
003491	PK20	0897706	13:00 - 15:30 TH	3413356 3418441 3422414 3429832 3431155 3446645 3450546 3455808 3462293 3470393 3481354 3519726 3521272 3524341 3539996 3549052 3559612 3574047 3574475 3578910 3580397 3581851
001768	DAL300	3474420	10:00 - 12:00 F	3413771 3433275 3434210 3439206 3444491 3447322 3474789 3539996 3568950 3576389
010977	PK278	0695890	12:00 - 14:00 W	3413771 3416424 3418145 3418907 3424363 3431226 3431260 3437141 3437511 3438441 3455093 3483560
005727	PK338	3648007	12:00 - 14:00 W	3442991 3486740 3542887
014205	PK278	0254474	13:00 - 14:00 W	3413774 3420837 3431257 3450069 3464027 3479945 3581250 3581851
003446	DAL300	0254474	16:30 - 17:45 TH	3413923 3420037 3438113 3438443 3475327 3483036 3485774 3547282 3568636 3580340
013614	PK20	0375562	19:00 - 20:30 TH	3437379 3454226 3456653 3459613 3459897 3462720 3471745 3475950 3478964 3481221 3483950 3486133 3486569 3487429 3576356 3576574
011304	DAL300	3092941	16:00 - 17:30 TTH	3413980 3427633 3446645 3462237 3484243 3576753
001763	PK278	0029059	14:30 - 16:00 MW	3414205 3416598 3418264 3431257 3439636 3475327 3476860 3481102 3483036 3485636 3540714 3574475 3575769 3576310
001771	PK278	1165592	14:00 - 16:00 F	3414205 3426718 3432384 3438999 3439437 3455519 3458049 3459584 3465591 3540428 3544254 3561511 3578488
002713	PK338	0468281	8:00 - 9:00 M-F	3414238 3422146 3432447 3436158
002175	PK243	0168378	14:30 - 16:00 MW	3414273
011317	DAL300	3194197	13:00 - 16:00 TH	3415407 3424594 3433945 3444536 3453218 3455291 3463587 3668924
013168	DAL300	0031359	11:30 - 13:00 TTH	3415766 3424318 3425401 3429732 3435183 3435397 3442991 3453467 3460586
014136	PK20	3461286	8:30 - 10:00 TTH	3415766 3424318 3432357 3435734 3436206 3439511 3452988 3457873 3463143 3478309 3479054 3482288 3556169 3559462 3560193 3560649 3575898 3576260 3579099 3582040 3669015
002395	PK278	1051497	18:00 - 20:30 M	3415769 3431226 3439280 3454497 3462882 3463525 3463729 3464398 3479085 3487035 3576325 3576364 3576390 3576429 3576558
003006	PK278	0492580	13:30 - 14:30 W	3415769 3432798 3453262 3454226 3458452 3462720 3485416 3576248 3576350 3576432 3580798 3581980 3668806 3668893
003029	PK278	3473854	13:30 - 16:30 T	3415769 3426719 3431078 3433945 3437379 3438102 3439701 3458250 3481031 3482263 3485727 3487429
009231	PK278	0697660	12:00 - 13:00 MWF	3415870 3429834 3436683 3458339 3458988 3480166 3486844 3576370 3576500 3669051
004306	PK338	3092832	14:30 - 16:00 M	3416232 3416598 3429532 3435692 3436216 3438033
011829	PK338	3689002	10:00 - 12:00 F	3429532 3438254 3459523 3459972 3460235
012294	DAL300	3098022	19:00 - 20:30 TH	3416232 3417172 3451557 3455419 3481031 3574967 3576555
005263	PK278	0493855	8:00 - 9:00 M-F	3416424 3418117 3420380 3426638 3429524 3430196 3432759 3435692 3441016 3447681 3457935 3576577
004281	PK278	3092832	13:00 - 14:00 T	3416598 3451557 3456089 3458176 3459523 3463022 3466014 3576444
004356	PK20	0847593	13:00 - 14:00 MWF	3416640 3433501 3464666 3475298 3476860 3482588 3485028 3486632 3549052 3556617 3559462 3560193 3561704 3561772 3574047
007380	PK20	0987494	14:00 - 16:00 T	3416640 3420434 3421500 3425347 3437146 3441894 3455981 3460569 3462516 3464379 3464985 3465245 3467384 3479311 3479976 3480264 3484324 3484619 3485549 3485636 3486133 3486321 3487243 3547282 3549272 3574563 3576037 3581250 3668950
007396	PK278	0851717	13:00 - 15:30 T	3416640 3417819 3420025 3420434 3432077 3437240 3449400 3455093 3455981 3459032 3463602 3487243
011064	PK243	3195964	9:00 - 10:00 MWF	3462554 3576391
004036	PK278	3460456	16:00 - 17:30 TTH	3416891 3448687 3461517 3461937 3462290 3462720 3462990 3468749 3477004 3484816 3552259 3576307
010966	PK338	0775640	13:30 - 16:30 T	3416896 3576521 3576570 3651077
002161	PK20	1083806	13:00 - 15:30 T	3417108 3435771 3436311 3438113 3438232 3440419 3443421 3451168 3453445 3455631 3455915 3456722 3458972 3460488 3461826 3462639 3462896 3464327 3466364 3477824 3480375 3481203 3481805 3481943 3485288 3485290 3485912 3487087 3505157 3582040
004874	PK278	3647219	19:00 - 20:30 TH	3417166 3431750 3433251 3435380 3440508 3462298 3463587 3480382 3482588 3484272 3484816 3576569
005162	PK338	0031582	11:30 - 13:00 TTH	3417166 3432595 3436119 3441838 3442188 3556617
012437	PK278	0825571	10:00 - 11:00 MWF	3417819 3418106 3426638 3430131 3430786 3434539 3437756 3438443 3439283 3440419 3446670 3454115 3455981 3459111 3462516
008469	PK20	3420576	13:00 - 14:00 TH	3418106 3431939 3466962 3467199 3474463 3480067 3486475 3576627
014215	DAL300	3646854	19:30 - 21:00 T	3418117 3435039 3456677 3483467
007404	PK243	0168763	14:00 - 16:00 W	3418120
003275	DAL300	0695890	9:00 - 10:00 M-F	3418145 3430706 3442641 3457935 3462872 3476930 3483925 3576438
005215	DAL300	3555097	13:00 - 14:00 M	3418145 3457932 3478102 3485628 3486740 3559302 3581995
007016	DAL300	0316015	14:00 - 17:00 F	3418499 3438550 3524066 3544262 3576515 3581249
013781	PK20	3557107	14:00 - 16:00 F	3418499 3425219 3426735 3431939 3432622 3438441 3438472 3438473 3438652 3454494 3455341 3457777 3459522 3463022 3464100 3483155 3483950 3484752 3484887 3485305 3533093 3533264 3561704 3578707
012292	PK278	3098022	10:00 - 11:00 M-F	3418606 3446353 3456089 3463560 3466011 3468504 3485361 3576425 3580991 3581220 3581903 3669050
003270	PK20	0695890	13:00 - 15:00 M	3418908 3433788 3438441 3440175 3443092 3444537 3447478 3453262 3455908 3456290 3460820 3461962 3480264 3480423 3481102 3481557 3484324 3486777 3576230 3577590 3580407 3581249
005741	PK338	3392421	9:00 - 10:00 M-F	3420037 3432595 3452874 3479382 3484314
002420	PK338	0695890	14:30 - 16:00 MW	3433962 3456820 3486141
014122	DAL300	3555100	14:30 - 16:00 MW	3421153 3438342 3464848 3481944 3561660 3576492
005120	PK338	3400071	13:30 - 14:30 W	3420434 3464855 3561318 3578861 3579099
001871	PK338	3422398	16:00 - 17:30 TTH	3420437 3436311 3462647 3464193
001750	PK278	0416447	13:00 - 16:00 M	3420837 3429834 3443207 3451664 3455151 3458934 3459972 3462240 3467781 3549052 3557478 3575969 3581609 3668772
014214	DAL300	3646854	14:00 - 15:00 M	3426717 3435366 3438020 3458049 3476930 3481875 3576343 3576426
003017	PK20	0492580	14:00 - 15:30 F	3421044 3429834 3437341 3438102 3458176 3479718 3481967 3484216 3485054 3485416 3485800 3560770 3561280 3576444 3576480 3579949 3581918
012352	PK338	0129398	14:00 - 15:00 M	3437341 3558838 3576536
012353	PK338	0683480	12:00 - 13:00 MWF	3432357 3576579
004372	PK338	0138190	19:00 - 20:30 TH	3422146 3433501 3576359 3576500
006019	DAL300	0856198	11:30 - 13:00 MW	3422289 3453262 3514835 3575969 3576260 3576552 3580248 3580259 3581999
006539	DAL300	0777265	15:00 - 17:00 T	3422414 3439917 3454115 3459647 3478419 3530220 3542887 3576627
011063	PK20	3195964	19:30 - 21:00 T	3422964 3424520 3425679 3432027 3438342 3452988 3463143 3464193 3464855 3465327 3467199 3478951 3479945 3480067 3481607 3487090 3559872 3576575
004304	PK338	1165566	19:30 - 21:00 T	3423723 3435692
010841	DAL300	1084458	18:00 - 20:30 M	3423839 3429832 3510878 3559815 3578488 3581149
011987	DAL300	1084458	19:00 - 21:00 MW	3423839 3436710 3474374 3479382 3480937 3551641 3580340
013164	DAL300	3470325	14:00 - 17:00 T	3423839 3432759 3437534 3455631 3458037 3575971 3577054
003421	DAL300	0024092	15:00 - 17:00 M	3424363 3426858 3440419 3477425 3579687 3581080
007041	PK278	0162976	16:30 - 17:45 TH	3424520 3431448 3432243 3434124 3436588 3438033 3438473 3461936 3462297 3469560 3482194 3484334 3576536 3576556 3580256
001443	DAL300	0853792	18:30 - 21:30 M	3425095 3455625 3462955 3463524 3486740 3540662 3581903
002992	PK20	3332662	11:30 - 13:00 MW	3425347 3437591 3450068 3457979 3458136 3462290 3463071 3476085 3476864 3477425 3477824 3481607 3482989 3486187 3487623 3508682 3558739 3559645 3574542 3574543 3575898 3576011 3576126 3576299 3576496 3577146 3577741 3579028 3579099 3580159 3580217 3580326 3581098 3581127 3581149 3581247 3581830 3581846 3581913 3650596 3668863 3668950
010860	PK243	3461209	10:00 - 11:30 MW	3425364 3425755 3460701
004012	PK20	3646540	13:30 - 16:30 T	3425437 3435380 3438294 3458441 3462293 3462647 3465244 3481520 3483042 3484272 3486501 3486623 3514095 3579579 3580912 3581077 3581469 3581609 3581920 3650277
006035	PK20	3646603	8:00 - 9:00 M-F	3425437 3439670 3441306 3448314 3457988 3459897 3460359 3461936 3463439 3465103 3467781 3480710 3481643 3483651 3483929 3485228 3576424
006045	PK338	0431634	13:00 - 14:00 T	3425437 3455148 3461826 3462228
004394	DAL300	0989327	12:00 - 16:00 MF	3425679 3450069 3462262 3464279 3465181 3480150 3482588
007365	PK20	0031522	10:00 - 12:00 F	3425679 3425755 3444536 3457184 3459584 3464855 3479054 3481391 3481894 3483306 3483567 3483640 3485628 3510665 3519078 3521461 3524341 3538202 3556169 3558838 3559225 3559537 3559657 3559843 3560487 3575309 3575735 3575971 3577109 3577682 3578177 3578488 3578804 3578861 3579099 3580798 3580991 3581031 3581609 3581827 3581851 3581870 3581907 3581918 3581920 3689348 3690482 3692269
012819	PK338	3195964	13:00 - 16:00 M	3425679 3430298 3430953 3438342
007106	PK338	3447549	13:00 - 14:00 M	3426213 3430298 3455297 3458533
006504	PK20	0031399	13:00 - 16:00 M	3426244 3450068 3457459 3457808 3458641 3459980 3461517 3472549 3478951 3483003 3483084 3485228 3506324 3533264 3542887 3555254 3558528 3576360 3576382 3576629 3577741 3578781 3579116 3581201 3581469 3581907 3650636
005300	DAL300	3555101	13:30 - 14:30 W	3426556 3437011 3437365 3440023 3442237 3459647 3462115 3462554 3576351
006518	PK20	0777265	13:00 - 14:00 M	3426556 3435771 3435931 3437329 3445738 3450546 3457692 3462116 3462990 3476899 3480728 3481943 3482198 3486844 3576323 3577109 3581192 3581455
004015	PK278	0031578	13:30 - 16:00 W	3426649 3438999 3441838 3444537 3458121 3465332 3485170 3485549 3485803 3556169 3559657
008784	DAL300	0031572	12:00 - 13:00 MWF	3426654 3438550 3462956 3475327 3478419 3483567 3486609 3543742
008821	PK278	0031572	19:30 - 21:00 T	3426654 3430196 3433251 3435161 3437341 3444536 3452529 3455291 3455297 3462956 3483567 3576553
011830	PK243	3689002	13:00 - 16:00 TH	3428608
004051	PK338	3646540	11:30 - 13:00 MW	3428820 3448687 3453467 3460399 3463353 3576415
014209	PK338	3555100	19:00 - 21:00 MW	3428844 3435183 3441016 3448679
002564	DAL300	0564741	13:00 - 16:00 T	3429199 3454059 3465103 3479718 3483651 3485727 3576792 3581171
010842	PK338	0564741	18:30 - 21:00 T	3486187
012336	PK338	3393847	18:30 - 21:30 M	3429199 3436260 3452445 3457195
004832	DAL300	0053518	13:00 - 14:00 T	3429733 3455151 3457777 3462514 3468749 3474409 3481221 3576753
007397	PK278	3474098	13:00 - 14:00 M	3430131 3432027 3434539 3437146 3437240 3440454 3442335 3446670 3459032 3463589 3484243
002875	PK338	0031582	18:00 - 20:30 M	3436206 3438287 3474409 3480791 3576509
006054	DAL300	0207327	13:00 - 15:30 T	3430152 3437141 3441004 3460701 3462228 3484990 3485416 3576374
013639	PK278	1168489	19:00 - 21:30 T	3430196 3440958 3455297 3464398 3467983 3470797 3476797 3484887 3510665 3525604 3559534 3559537 3576336 3576507 3576581 3578804
007017	PK278	0031568	19:00 - 21:00 MW	3430401 3433788 3456645 3459613 3463708 3464638 3483084 3485803 3486501 3487321 3581031
008764	PK20	0428728	10:00 - 11:00 M-F	3430697 3436158 3457459 3458451 3462565 3467781 3476864 3483511 3483954 3485774 3487243 3540705 3555254 3556970 3558528 3559149 3559225 3559476 3560167 3561229 3570123 3574483 3574543 3574873 3576479 3576753 3580397 3580407 3581135 3581846 3581999
005227	PK243	3647209	14:30 - 16:00 M	3430706 3437295 3486632
004806	PK278	0032827	18:30 - 21:30 M	3430978 3458988 3478713 3479961 3560858 3576465 3579116
006862	DAL300	3647020	16:00 - 17:30 MW	3432259 3432344 3439147 3462896 3463011 3486250
009321	PK338	0138190	11:00 - 13:20 T	3431060 3431651 3439480 3439818
012354	DAL300	0031756	13:00 - 16:00 M	3431080 3431445 3438206 3451496 3483557 3577682 3668849
014140	PK338	0031336	12:00 - 16:00 MF	3431155 3460737 3464100 3487055
003522	PK338	3554810	13:00 - 15:30 T	3431257 3432622 3443207 3454210 3460586 3462019
012822	PK338	3646854	16:00 - 17:30 MW	3458957
014226	PK278	0899465	12:00 - 16:00 MF	3431294 3441310 3462514 3480571 3487321 3510878 3516634 3540190 3558800 3561660 3579143 3581455
001562	PK20	0705542	18:30 - 21:30 M	3431445 3437141 3438068 3438374 3440175 3451496 3460737 3479712 3483557 3577682 3581609 3581786 3668931
004066	DAL300	1167978	13:00 - 15:30 TH	3431672 3432447 3434428 3437962 3442237 3442432 3461936
014441	DAL300	3688149	13:00 - 14:00 MWF	3431740 3431750 3436514 3438119 3485053 3485642
002396	DAL300	0320399	13:00 - 14:00 TH	3431750 3438084 3463525 3475298 3478050 3487035 3487276
008447	PK20	0132890	13:00 - 16:00 W	3432238 3439564 3455908 3462240 3481557 3486311 3486858 3561772 3577167 3578861 3579414 3581149 3668921 3690482
002569	DAL300	1168490	18:30 - 21:00 T	3432301 3435931 3440409 3456313 3463439 3484894 3559624
011831	PK243	3689002	8:30 - 10:00 TTH	3432384 3462417
005730	PK243	3556752	13:30 - 14:30 W	3432595 3575735
007910	PK243	0431946	10:00 - 12:00 F	3432782 3438206 3439158
012227	PK278	3447549	13:00 - 14:30 MW	3432798 3463353 3463708 3483954 3485803 3574542 3577795 3581596 3690482
004377	PK338	0847593	13:00 - 14:00 TH	3433501 3482019 3574546 3668875
001857	DAL300	0123161	11:00 - 13:20 T	3433686 3435248 3435771 3456228 3460235 3463071 3471447 3481690 3576319
009225	PK278	1061058	16:00 - 17:30 MW	3474374 3577000 3578177 3578842 3579414 3580326
004872	PK338	0989327	13:00 - 14:00 MWF	3436227 3480382 3576569
013163	DAL300	3470325	14:00 - 15:30 F	3436710 3480264 3485361 3577795 3578963 3581247 3668835
009304	PK278	0493855	19:00 - 21:30 M	3437011 3441016 3442237 3447322 3452561 3453218 3456053 3458957 3463939 3465244 3482989 3486609 3559218
013615	PK338	3473854	13:00 - 16:00 W	3437341 3438473 3459613 3462720 3486787
007923	PK338	0031386	14:00 - 15:00 MWF	3437574 3438206 3439158 3452445 3480401
014137	DAL300	3461286	19:00 - 21:30 T	3437756 3447322 3452561 3462565 3465050 3485774 3486782 3559218 3576364
004023	DAL300	0854975	10:00 - 11:00 M-F	3437962 3438068 3439206 3460134 3462237 3483929 3485290 3576305 3576312 3576569
005725	PK278	3392421	9:00 - 10:00 MWF	3438102 3467199 3474140 3474789 3476418 3478713 3482264 3482288 3483638 3484361 3485054 3544262 3576260 3580159 3668927
001552	PK243	0129398	11:30 - 13:00 TTH	3438206 3479712 3483557
012355	PK338	3578080	19:00 - 22:00 M	3438206 3463729 3464279 3668849
002166	DAL300	0428815	13:00 - 15:00 M	3459522 3463675 3463745 3464027 3480710 3481419 3483467
002669	PK243	0897706	9:00 - 10:00 M-F	3438294 3486571 3576579
013645	PK278	0493725	14:00 - 16:00 W	3438374 3466962 3478050 3479804 3483385 3577806 3581962
011203	PK243	0129398	12:00 - 13:00 MWF	3438443 3438465
013185	PK243	3420576	14:00 - 15:00 M	3438652 3439588
013172	PK20	1165592	13:00 - 14:00 W	3440508 3462849 3463199 3464666 3468281 3478964 3480069 3483954 3483996 3484619 3487087 3502893 3577022 3580341 3581596 3581870
004802	PK278	0031473	13:00 - 16:00 TH	3439387 3465036 3481944 3483546 3486623 3518231 3533093 3559657 3559970 3561660 3579143 3579579 3668956
009286	PK243	0138190	13:00 - 14:00 T	3439409 3480935
014310	PK243	0910179	14:00 - 17:00 F	3439475
009213	PK243	0138190	18:30 - 21:00 T	3439912 3467983
011050	PK338	0897399	10:00 - 11:00 M-F	3439912 3447478 3568950
014203	PK338	3555417	14:00 - 15:30 F	3440508 3455419 3460757 3576313
002362	PK20	1165566	14:00 - 17:00 F	3440958 3442432 3458049 3465588 3469119 3476908 3546417 3576248 3668885 3668989
009270	PK278	3554810	19:00 - 22:00 T	3441894 3454059 3473086 3484894 3576332 3576436 3576540 3576579 3581827
006860	DAL300	3461209	13:30 - 16:00 W	3441310 3458087 3487732 3576212 3580955
004362	PK338	0989327	16:30 - 17:45 TH	3441306 3445680 3465181 3486050 3559624 3576498
011305	PK338	0029059	19:00 - 21:30 T	3441894 3457979 3466364 3484746 3511123
013059	PK243	3470325	16:30 - 17:45 TH	3442188 3458533
007007	PK20	0804281	15:00 - 17:00 T	3443453 3467199 3480728 3483640 3487623 3508682 3531305 3561229 3564528 3576303 3576342 3576405 3576753 3576763 3577054 3580159 3580340 3581907
007032	PK338	0031573	13:00 - 14:30 TTH	3443453 3461517 3492392 3561084 3580139 3581098
007081	PK243	0316015	19:00 - 21:30 T	3443453 3456645 3576475 3576485
013839	PK278	3447549	10:00 - 11:30 MW	3443522 3458339 3476860 3479350 3480868 3482323 3538400 3575581 3576339 3576410 3576495 3581135 3581830
006034	PK278	0213446	14:30 - 16:00 M	3445343 3464850 3465103 3475933 3478506 3480668 3482198 3483651 3485228 3486379 3561280 3576350 3576432 3576879 3581980
013213	DAL300	3648217	14:00 - 16:00 M	3445680 3457873 3463353 3480067 3481031 3576391
011207	PK243	0031478	11:30 - 13:00 MW	
001163	PK338	0031568	14:00 - 16:00 M	3446353 3480935 3482422 3484216 3484763 3486141 3576552
013999	PK338	3452735	12:00 - 14:30 W	3446670 3448687 3451663 3462115 3462416
006532	PK243	0031399	18:00 - 20:30 M	3446832 3576330
001757	PK338	3460008	13:00 - 16:00 TTH	3447681 3450546 3457184 3458934 3479885 3480939 3485812
007882	PK338	0470839	13:00 - 16:00 F	3450069 3476085 3480166 3481202 3525384
008774	PK278	0576472	14:00 - 17:00 F	3462936 3475941 3478050 3483385 3519499 3556594 3560649
013840	DAL300	3447549	10:00 - 13:00 T	3451496 3462297 3462849 3478747 3483085 3487321 3576308 3651077
011206	PK338	0129398	14:00 - 16:00 F	3451664 3458957 3467427 3481518 3485812
011319	PK338	0827051	13:30 - 16:00 W	3453262 3461063 3478102 3487041 3576401
001170	DAL300	3556528	13:00 - 16:00 TTH	3454182 3464638 3480382 3480423 3484898 3485504 3485537 3524963 3576334 3576435 3669011
011309	PK338	0180723	19:00 - 21:30 M	3454494 3455151 3461556 3464850 3575908
004738	PK338	3647094	13:00 - 14:30 MW	3455148 3461020 3481075 3483965 3576504 3576572
014127	PK243	3555417	13:00 - 16:00 M	3484898
013195	DAL300	0020093	13:00 - 16:00 W	3472140 3483306 3576546 3668910
007087	PK243	0031573	11:00 - 13:20 T	3456066 3485305
012765	DAL300	3555097	13:00 - 14:30 MW	3457039 3461556 3479838 3482591 3483278 3487505 3576347 3576408 3576488 3580389
001751	PK243	0254474	13:00 - 16:00 W	3457184 3668848
013210	PK338	0031582	14:00 - 16:00 W	3458037 3460757 3463439 3463560 3480791
013616	PK243	0375562	14:00 - 15:00 MWF	3458250 3463593
001199	DAL300	3447549	14:30 - 16:00 TTH	3458441 3474395 3475198 3476085 3481562 3483557 3487321
014128	PK243	3555417	14:00 - 16:00 M	3458533
002660	PK243	0031572	15:00 - 17:00 T	3458704
006562	PK243	0031573	19:00 - 22:00 M	3458744 3463524
004016	DAL300	3442425	14:00 - 15:00 MWF	3459111 3469560 3474598 3476908 3485756 3505185 3546891 3668929
014114	PK20	0827051	12:00 - 16:00 MF	3460718 3469520 3474463 3481643 3481862 3482591 3485327 3485504 3486475 3505185 3538202 3574558 3576347 3576356 3576370 3576444 3576545 3668998
009296	PK243	3554810	13:00 - 14:30 TTH	3461063 3463708 3580586
013783	PK243	3555100	13:00 - 15:30 T	3461975 3480791 3529298
009240	PK338	0138190	13:00 - 16:00 TH	3462237 3465442 3481518 3505185
002401	PK243	0492580	13:00 - 16:00 TTH	3463879 3486182 3487093 3576409
005214	PK243	3447549	10:00 - 11:00 M-F	3463919 3470797 3486632
013206	PK243	3426520	13:30 - 16:00 W	3668768
004360	DAL300	0989327	19:00 - 22:00 M	3464306 3466364 3480150 3480935 3482019 3540124 3575483
014211	DAL300	0402773	19:00 - 22:00 T	3470846 3474374 3486501 3486844 3540662 3559462 3580139 3581247
011065	PK243	3195964	14:00 - 17:00 T	
013222	PK243	3470325	12:00 - 14:30 W	3479085 3484763
012099	PK243	0020093	13:00 - 14:30 MW	3479712 3485028 3561511
006523	DAL300	0031573	14:00 - 16:00 T	3480810 3481875 3486787 3561516 3576359 3581907 3668820 3668860
007037	PK243	0031399	13:00 - 16:00 F	3480935 3576342
005723	PK278	3648007	14:00 - 16:00 T	3481690 3485628 3487090 3520100 3521461 3555932 3577682 3578177 3581080 3581098 3581596 3581870
012821	PK243	3646854	15:00 - 17:00 M	3481875
001182	PK243	0493725	19:00 - 22:00 T	3485327 3486838
003407	PK338	3478658	14:00 - 17:00 F	3487429 3574558 3581232 3668950 3669047
013197	PK338	0020093	14:30 - 16:00 TTH	3576448 3576626 3577741 3580796
010949	PK243	0897399	13:00 - 16:00 T	3539996
001429	PK243	0020093	13:00 - 15:00 M	3559872
004810	PK243	0697660	14:00 - 16:00 F	3561229 3668862
011198	PK243	0254474	13:00 - 15:30 TH	3576320
014456	PK243	3691385	10:00 - 13:00 T	3576575
013196	PK243	0020093	12:00 - 14:00 W	3579949
