Course	Room	Teacher	Time	Students
006043	PK338	0554585	9:45 - 11:15 TTH	1057610 3425437 3438254 3482198 3485416 3560770 3576879 3580397 3581077 3581127 3465103 3467781 3485228 3483651 3561280 3445343 3484887 3460359
006060	PK20	0031526	17:00 - 18:30 MW	1057610 3425437 3429761 3438254 3455148 3458250 3460867 3462356 3463593 3483638 3451553 3429199 3461826 3441900 3462639 3463587 3445343 3460701 3460359
007128	PK20	0028980	14:00 - 16:00 F	3239415 3436588 3446653 3453472 3454439 3455297 3456066 3456645 3458469 3462290 3462872 3463143 3581031 3453856 3463708 3438342 3425679 3479945 3459613 3485305 3462956 3439917
013997	PK338	3575049	10:00 - 11:00 MWF	3239415 3437962 3453472 3467199 3482263 3457979 3463708 3581249 3452988 3483954 3427633 3580341 3458061 3576368 3576371
014628	PK20	3575049	19:00 - 21:00 MW	3239415 3454439 3467199 3475950 3462116 3463708 3474598 3581038 3487266 3484334 3482194 3576352 3582017 3668788 3668862 3797880
001837	PK243	3452118	14:00 - 16:00 TH	3255755 3330330
002161	PK20	0301910	11:30 - 13:00 MW	3255755 3330330 3433686 3460338 3470846 3471450 3481813 3483638 3487055 3516634 3521265 3529298 3559302 3561074 3575483 3579723 3580248 3580251 3580269 3581605 3581996 3457873 3464379 3481690 3559149 3581967 3650578 3513947 3581085 3581456 3477425 3487266 3581375 3485550 3574558 3481702 3457988 3483587 3559857 3577187 3694797 3471447 3576411 3668758
006847	PK20	3102267	13:00 - 14:30 MW	3255755 3330330 3433686 3448679 3448687 3455631 3455719 3462270 3462817 3465036 3476797 3481203 3481813 3487055 3514095 3561074 3561084 3579723 3580248 3580251 3580269 3581609 3581996 3479311 3481690 3486782 3505157 3559149 3581967 3692269 3486379 3513947 3581038 3462292 3303699 3463071 3464327 3574558 3481532 3481702 3579143 3461063 3474620 3577187 3485169 3581920 3485912 3481862 3576411 3576517 3576570 3668904 3668966
004293	CARP21	0802802	19:00 - 20:30 TH	3375323 3457231 3469520 3480714 3576013 3463022 3451724
004306	CARP21	3092832	19:00 - 22:00 M	3375323 3438254 3450490 3457231 3455690 3459523 3458176 3459972 3463022
011865	PK243	3646542	13:00 - 16:00 TH	
001243	PK243	3646621	19:00 - 22:00 T	3405451 1160238
002450	CARP21	3448653	13:00 - 14:00 TH	3405451 3476908 3484763 3457873 3481875 3463525 3458452 3483950
009386	PK338	0031388	13:00 - 15:00 TH	3405451 3454182 3456820 3576126 3580991 3540124 3485361 3568636 3479085 1160238 3463560 3462115 3689348 3487310
001765	CARP21	3473979	13:00 - 15:00 MF	3412725 3447681 3479838 3481354 3465591 3457808 3440687 3576499 3576565
010965	PK338	0897706	13:00 - 16:00 TTH	3412881 3443522 3454210 3457393 3467427 3477014 3486571 3414205 3483278 3438999 3450546 3576579 3668958
001249	PK20	0254151	13:30 - 16:30 T	3418606 3432223 3439912 3443283 3451663 3459645 3459980 3462417 3462849 3463776 3461933 3455058 3462964 3451496 3462297 3475198 3463126
002872	DAL300	1084458	9:00 - 12:00 W	3423839 3461020 3480937 3655393 3467932 3797607 3797722
001235	PK20	0031471	13:30 - 16:00 TH	3425347 3435187 3455291 3475745 3475950 3480935 3575735 3465591 3484898 3478747 3462647 3466011 3462416 3574866 3574563 3478343 3479350 3461937 3485912 3576306 3576525 3576556 3576577
008764	PK20	3554385	11:00 - 13:00 W	3426943 3540714 3631215 3689329 3690020 3691834 3692514 3692915 3693276 3694813 3694828 3695345 3576002 3651816 3692269 3691983 3695543 3596713 3690800 3620017 3651365 3663306 3694289 3695542 3416640 3559464 3580211 3666207 3691514 3581851 3689919 3442237 3542887 3226303
001857	CARP21	0123161	13:00 - 14:00 MWF	3428608 3462514 3470846 3459523 3485548 3486379 3463993
011219	PK338	0564741	14:30 - 16:00 TH	3429761 3484894 3559624 3576792 3581227 3560373 3451331 3463439 3452445 3576574 3668947
003270	PK20	0695890	13:00 - 14:00 TH	3430131 3446670 3480217 3486141 3487316 3520100 3559534 3574483 3577682 3580586 3694791 3476899 3487623 3505157 3437341 3438102 3458932 3597215 3438652 3576333 3668894 3668902
010845	PK338	3092941	13:00 - 15:30 TH	3430131 3439147 3442335 3443731 3474789 3483546 3443092 3486571 3465442 3481102 3486083 3440687 3477004
006565	PK338	0031399	12:00 - 14:00 TH	3430697 3463524 3486844 3457692 3425239 3445738 3480810 3483996 3482588 3576379 3576400 3576524 3576540 3576542 3669048 3669051
008770	PK20	0428728	12:00 - 14:00 M	3430697 3462565 3483511 3493748 3544254 3555254 3559476 3559903 3561229 3570123 3574483 3575259 3580397 3631101 3632881 3692766 3693813 3694754 3457459 3467781 3559319 3581135 3601391 3667381 3561660 3690204 3575969 3578747 3581846 3630915 3652273 3618222 3462639 3606293 3606350 3483954 3485774 3580407 3581980 3451496 3649880
011294	PK338	0135660	10:00 - 13:00 T	3455291 3475745 3485028 3580256 3484898 3462647 3576403 3576553
014786	PK338	3788276	17:30 - 20:00 T	3432223 3456677 3458972 3462270 3487041 3455915 3485548 3445081 3428042 3474620 3485169
003459	PK338	1079401	15:45 - 17:15 TTH	3433275 3442335 3502893 3581171 3650874 3692285 3486083 3580407 3430527 3477004 3485169 3669030
003548	PK338	0024092	14:00 - 16:00 TH	3433275 3462817 3464666 3477014 3484845 3581596 3457935 3442991 3539996 3460586 3479804
013616	DAL300	0375562	13:00 - 15:30 W	3433686 3486998 3463389 3460134
007370	PK20	0826964	12:45 - 14:15 TTH	3433881 3510665 3533264 3559843 3608097 3651573 3694798 3441273 3560511 3651816 3427674 3463589 3467452 3453262 3454115 3559657 3652569 3576230 3691514 3484243 3558838 3581228 3692536 3482382 3668749 3668789 3668790 3668798 3668830
014218	PK243	0031471	13:00 - 15:00 MF	3433881 3459111 3668852
002397	PK20	0493725	15:45 - 17:15 TTH	3433962 3461556 3479534 3486844 3540190 3546417 3559970 3576792 3579949 3580389 3505185 3580095 3476864 3561098 3576370 3576521 3668970 3668972
002414	PK20	3452082	13:00 - 15:30 TH	3433962 3455341 3463453 3465245 3475298 3540190 3559302 3668623 3470797 3533093 3486838 3568636 3469119 3480166 3485054 3540705 3465588 3416891 3576494 3576558 3576629 3668826 3668839 3668895 3668918 3668923 3226303
001861	PK243	0056992	12:00 - 14:00 TH	3438113 3428042 3487087
004840	CARP21	3452082	10:00 - 11:30 MW	3438113 3453472 3454494 3462246 3462514 3481944 3581469 3479961 3482101 3576451
014787	DAL300	3554810	13:30 - 16:30 T	3438119 3482989 3551641 3462019
007926	DAL300	0470839	19:00 - 22:00 M	3438206 3462246 3441406 3426169
004282	PK338	1165566	12:00 - 14:00 M	3438254 3466014 3469520 3474140 3477576 3480714 3576013 3485361 1160238 3544262 3467040 3467932 3576365 3576425 3576555
006035	PK20	0409737	13:00 - 14:00 T	3457231 3458250 3463593 3475933 3483638 3485416 3486998 3559534 3577109 3578804 3578811 3581952 3564528 3441900 3581375 3479718 3479961 3650596 3469615 3455046 3476927 3476082 3478412
004015	PK338	3460456	14:30 - 16:00 TTH	3438294 3579028 3581469 3582182 3457777 3652569 3689500 3598090 3652373 3692536 3668920
007923	DAL300	0031386	13:00 - 15:30 TH	3438455 3574542 3576463 3576471 3668752
004885	DAL300	0672202	12:00 - 13:00 MWF	3438842 3456103 3579099 3578488 3457327 3454100 3478713
003543	PK338	3393009	18:30 - 21:15 M	3439147 3478102 3459584 3444537 3455220 3457808 3460073 3427633 3454476 3457932 3477004 3581080 3576466
006868	PK338	0402773	13:00 - 14:00 MWF	3439147 3441226 3458087 3483929 3576212 3463011 3487732 3454059 3458136 3576423 3576437 3576459
006588	DAL300	3554648	13:00 - 14:30 MW	3439409 3463524 3457692 3462116 3463745 3425239 3445738
004360	PK338	0847593	19:00 - 21:00 T	3439636 3464666 3484746 3549052 3581282 3476860 3556617 3561772 3574047 3464279 3560193 3416640 3451331 3486632
010977	PK338	0695890	12:00 - 16:00 MF	3439912 3442641 3449400 3455341 3462516 3462872 3459032 3464379 3457935 3455043 3461057 3460820 3462115 3456290
011187	PK338	3194193	19:00 - 20:30 TH	3440958 3456103 3462298 3484845 3478309 3578488 3462019 3463882 3446645 3484243 3576579
005263	PK338	0493855	14:30 - 16:00 MW	3441016 3441413 3463859 3578707 3579579 3452561 3559218 3459508 3462416 3463939 3442237 3576417 3576485 3576494
006031	PK20	0213446	9:45 - 11:15 TTH	3441016 3443421 3462565 3478356 3482144 3482288 3487035 3493704 3496439 3503382 3516634 3555932 3559534 3574873 3575898 3575916 3578804 3579949 3581282 3619255 3619323 3639772 3649568 3651243 3667503 3668420 3689845 3692771 3692796 3692807 3693276 3693789 3694432 3459032 3470797 3505157 3650578 3460343 3513947 3569865 3591844 3691416 3694428 3695368 3445680 3628726 3695543 3477425 3485848 3497993 3581375 3694417 3578252 3581192 3492361 3645471 3481643 3457988 3694006 3694431 3503587 3581962 3629518 3689500 3694797 3556970 3580584 3667273 3693612 3695554 3476927 3668782 3797740
006045	CARP21	0431634	14:00 - 16:00 TH	3441166 3462356 3485288 3455043 3485228 3479718 3448314 3463587 3581980
010851	PK20	3764518	13:00 - 16:00 F	3441166 3441306 3455148 3460399 3483929 3485416 3486998 3577022 3465103 3485548 3581952 3438102 3479718 3483651 3694426 3455046 3462228 3576323 3576416 3668878 3668940
002562	PK20	3792642	14:30 - 16:00 MW	3441226 3443522 3484845 3503382 3503865 3651487 3668623 3581201 3692098 3694236 3576020 3694903 3459972 3486571 3551641 3606293 3650596 3692187 3470393 3693084 3455294 3667311 3690719 3693902 3576436 3576571 3603544 3668783 3668917 3668920 3669016 3797798 3797825 3797835
014570	PK20	3483424	9:00 - 12:00 W	3441306 3480375 3480868 3493748 3496673 3558796 3560256 3561511 3579181 3580326 3581609 3591591 3621523 3629467 3651487 3652276 3661465 3668420 3689375 3689845 3692796 3692915 3693253 3693789 3693813 3694432 3694754 3695285 3558739 3576002 3668196 3481664 3498974 3591844 3651605 3671851 3691983 3692628 3694428 3695368 3481202 3579592 3591211 3695543 3497993 3596713 3695542 3579864 3483640 3695373 3559464 3580211 3690361 3560487 3597365 3616918 3666570 3693230 3581920 3620520 3667676 3482323 3576475 3576523 3576565 3599497 3668921 3668966
014571	PK20	3577231	12:00 - 13:00 MWF	3496673 3560256 3561511 3579181 3580326 3621523 3629467 3652276 3661465 3668420 3689375 3692796 3692915 3693224 3693253 3693789 3694432 3695285 3558739 3651017 3668196 3481664 3498974 3591844 3671851 3691983 3694428 3695368 3579592 3695543 3497993 3596713 3695542 3579864 3483640 3559464 3580211 3690361 3560487 3597365 3616918 3666570 3693230 3620520 3667676 3482323 3576475 3576523 3599497 3668921
012832	DAL300	1168592	9:00 - 10:00 MWF	3442432 3452529 3463729 3458339 3463525
008810	CARP21	0576472	14:00 - 16:00 M	3442641 3455297 3480375 3447478 3462956 3483385 3576345 3576552 3668924
014550	PK20	0695890	11:00 - 13:20 T	3442641 3478356 3486141 3519078 3577167 3476930 3484324 3486311 3447478 3458932 3462115 3580584 3462228 3514920 3558963 3576395 3576553 3669000
001242	PK243	0493725	14:00 - 16:00 F	3443283 3485756
005741	DAL300	3556752	13:00 - 16:00 F	3576260 3428042 3456210
002876	PK20	1084458	13:00 - 14:00 MWF	3443453 3474374 3480592 3480791 3481944 3521272 3557478 3559172 3574967 3577741 3581907 3656490 3667385 3578963 3580340 3560167 3576457
007368	PK20	3474098	13:00 - 16:00 TH	3443522 3478102 3487640 3493704 3502893 3516634 3521272 3580397 3602816 3638301 3689893 3690043 3692766 3692915 3693276 3694318 3694432 3694791 3574047 3652473 3481664 3695368 3484752 3489089 3690800 3693840 3576753 3650228 3579143 3470393 3559464 3629518 3666207 3464272 3689919 3581080 3476927 3693565 3485170 3485642 3797739
013190	PK20	1137952	10:00 - 13:00 T	3444811 3458972 3485628 3651077 3667319 3690778 3690652 3693473 3460359 3426169 3457039 3668780 3668843 3669012 3669027 3669036 3797736
014121	PK338	0029475	19:00 - 22:00 T	3444811 3578707 3591591 3457873 3497993 3466011 3666570 3576417 3576529
014781	PK338	3555097	19:30 - 21:00 T	3444811 3458250 3469520 3474463 3485327 3486141 3486182 3503865 3462242 3485504 3464272 3576347
013176	PK338	0995587	13:00 - 15:00 MF	3423839 3443453 3447306 3600785 3459584 3560511 3417108 3592325 3483278 3484202 3694101 3471447 3669033 3797640
013632	PK20	3443571	13:30 - 14:30 W	3447306 3448687 3462270 3463188 3481203 3649568 3524341 3427674 3578488 3460488 3464327 3483278 3581274 3454625 3375410 3467384 3692440 3455808 3576324 3668805 3668892
007380	PK20	0987494	19:00 - 22:00 M	3481813 3538202 3544945 3574349 3579099 3592208 3661465 3667319 3694754 3417819 3440419 3559319 3445081 3581456 3481798 3481894 3559657 3480867 3483587 3485169 3558838 3479350 3576299
001899	CARP21	0056992	13:30 - 16:30 T	3448679 3455631 3456677 3463188 3487041 3417108 3463526 3456228
004065	DAL300	3646540	9:45 - 11:15 TTH	3448687 3453467 3485549 3485803 3441406 3561098 3576503
005197	DAL300	1020104	14:00 - 16:00 TH	3441016 3449400 3463859 3579687 3559218
011829	DAL300	1168592	13:00 - 14:00 M	3450490 3456645 3455690 3463022
001749	PK338	3460008	14:00 - 16:00 T	3453445 3514835 3692514 3578392 3694289 3693084 3596492 3689920 3602435 3472140
001770	CARP21	3474420	10:00 - 12:00 M	3453467 3483036 3540714 3575769 3457979 3578177 3475327 3431257 3485636 3576520
004389	DAL300	0989327	20:00 - 21:30 TTH	3453663 3559624 3445680 3655749
004394	CARP21	0989327	19:00 - 22:00 T	3453663 3455562 3459980 3559462 3575483 3621523 3581870 3443092 3484314
013781	PK20	3557107	17:30 - 20:00 T	3454210 3455297 3462298 3462516 3462517 3462872 3482144 3577590 3461882 3461057 3461933 3458949 3578781 3460359 3485800 3581981 3576578 3668926 3797752
014866	PK20	0031522	13:00 - 15:00 TH	3454210 3459111 3460371 3461469 3462514 3463936 3482198 3484763 3487316 3493764 3521461 3689893 3417819 3651816 3486379 3692628 3508682 3689991 3461962 3635012 3692756 3648550 3559189 3576371 3668753 3668775 3668806 3668841 3668891 3668916 3668949 3668978 3669028 3693581 3797616 3797630 3797700 3797772 3797812 3797859
007106	DAL300	3447549	19:00 - 22:00 T	3454439 3464638 3581031 3485803 3576335
003491	PK338	0020038	9:00 - 10:00 MWF	3454494 3457393 3482989 3483036 3581171 3462606 3438999 3484887 3693612 3460586 3669023
004889	PK338	0031373	13:00 - 16:00 W	3438842 3454494 3456016 3456103 3461556 3462298 3485970 3457777 3455151 3463851 3457327 3441177 3454100 3463587 3438232 3431750
002469	CARP21	3452082	12:00 - 13:00 MWF	3455227 3460770 3475298 3476908 3487035 3487276 3478050 3485054 3650956 3576465
012325	PK338	3420576	12:45 - 14:15 TTH	3455341 3462356 3481221 3577682 3411186 3464306 3486311 3485931 3460737 3443207 3576329 3576354
001474	DAL300	0020093	14:00 - 16:00 T	3455419 3455625 3462417 3463524 3468504
001455	DAL300	0020093	13:30 - 16:00 TH	3455625 3485028 3448314 3460757 3462955
004869	CARP21	0053518	14:00 - 16:00 W	3456016 3481944 3533264 3552259 3455151 3484361 3580139 3414205 3454100 3451664 3431750
004356	PK338	0847593	10:00 - 11:30 MW	3456053 3496673 3556169 3638301 3661465 3667608 3689893 3694318 3694236 3599536 3492361 3561026 3579116 3463560 3580346 3638956 3616872
010725	PK338	3092941	13:30 - 16:00 TH	3456053 3474374 3578861 3581596 3691694 3695292 3481102 3560234 3462228 3476418 3484619 3455808 3476082
003019	CARP21	0375562	13:00 - 16:00 T	3456066 3510971 3580798 3689845 3486501 3581455 3629951 3645471 3694006 3694431 3427633
009362	PK20	0125630	16:00 - 17:30 MW	3437962 3451663 3456103 3459645 3559537 3575259 3652396 3460369 3482264 3486379 3486787 3481875 3462262 3463883 3481967 3576347 3576625 3668796 3669008 3797863
008769	PK20	0899465	13:00 - 15:30 W	3456645 3462514 3516634 3557244 3575898 3578714 3581031 3619255 3619323 3652396 3668195 3668366 3689402 3690043 3693224 3460343 3691140 3691416 3691925 3464027 3578781 3693856 3581274 3595163 3578191 3652339 3667273 3689931 3692519 3602435
014634	PK243	1165566	13:00 - 14:00 W	3456645
003001	PK20	3691394	19:00 - 20:30 TH	3456653 3486834 3574542 3577485 3579028 3474598 3578811 3581455 3650596 3510878 3581980 3481967 3480571 3668867 3668875 3668968
006026	PK20	0431634	10:00 - 11:00 MWF	3435187 3443421 3456677 3458295 3460235 3462290 3487041 3487055 3502893 3533264 3540662 3546417 3558796 3559870 3559900 3560256 3574483 3576011 3576231 3576260 3580251 3581149 3606148 3608097 3632103 3650874 3661465 3667385 3689329 3691361 3692766 3694318 3459523 3487623 3578963 3445081 3459972 3463526 3652273 3596713 3650228 3480732 3692609 3531305 3574563 3638956 3691241 3691962 3693473 3668130 3695022 3543742 3439917 3695529 3431655 3472549 3484374 3576315 3576494 3577117 3668768 3668792 3668801 3668810 3668828 3668862 3668886 3668902 3668958 3668971 3797632 3797661 3797679 3797733 3797803
013921	CARP21	3483424	12:00 - 14:00 M	3456820 3484334 3457988 3438652
006502	PK20	3554648	13:00 - 16:00 W	3457393 3458250 3460399 3482144 3483084 3485288 3486133 3486182 3510971 3558528 3577109 3580955 3581907 3581913 3581999 3692849 3457979 3481391 3650636 3460569 3482019 3480999 3481798 3492361 3463439 3484202 3694006 3579361 3693612 3695022 3695554 3476864 3482396 3576299 3576327 3576441 3576479 3668941 3668960 3669011 3797833
006872	DAL300	0031347	14:00 - 16:00 F	3460701
011963	CARP21	0409956	14:00 - 16:00 T	3458295 3467093 3521461 3575483 3479311 3480999 3480732
012227	DAL300	3447549	11:00 - 12:00 MWF	3458533 3556169 3486501 3581038 3581846 3580159 3668911
014669	PK243	3647094	10:00 - 11:30 MW	3458533 3442188
005228	CARP21	3448653	13:00 - 16:00 F	3458957 3479054 3591591 3577054 3483977 3454476 3694101
008442	PK338	3646854	9:00 - 12:00 W	3458957 3465036 3514095 3576037 3581497 3694791 3561660 3303699 3470393 3514964 3556594 3580259 3576436 3668900 3668909
012289	CARP21	0409956	9:00 - 12:00 W	3453445 3458972 3480217 3481203 3486852 3446832 3692269 3460488 3463071 3464327
014865	PK20	0031522	11:00 - 12:00 MWF	3425347 3442335 3459111 3460371 3461469 3462514 3462882 3463936 3482198 3484763 3487316 3493764 3521461 3559815 3651487 3689375 3689893 3692849 3693253 3417819 3476899 3651816 3486379 3540124 3559218 3692628 3694428 3465591 3508682 3497993 3689991 3462639 3694289 3462416 3461962 3635012 3486623 3560234 3692756 3451557 3461936 3479350 3483085 3667676 3648550 3457039 3458061 3559189 3576371 3668753 3668775 3668806 3668841 3668891 3668906 3668916 3668949 3668978 3669001 3693581 3797616 3797630 3797700 3797704 3797772 3797786 3797812 3797859
002178	DAL300	0180723	14:00 - 15:30 F	3459522 3462270 3464027 3250683
013213	CARP21	3648217	11:30 - 13:00 MW	3459645 3561516 3575309 3455120 3668935 3668996 3669001
011312	CARP21	0125630	14:15 - 15:45 TTH	3451663 3459647 3462849 3503630 3457979 3574047 3486311 3592325 3576517
012326	CARP21	3420576	13:30 - 16:00 TH	3459647 3474463 3559476 3559537 3486475 3458949 3485774 3481967 3464100
012338	DAL300	1165566	13:00 - 16:00 MW	3460235 3462882 3463879 3486182 3452529
006860	PK338	0031347	13:30 - 14:30 W	3460338 3479838 3482288 3576879 3692771 3558543 3579094 3579291 3564528 3581192 3471447
014788	CARP21	0470839	13:00 - 16:00 MW	3460371 3462606 3458037
014789	PK338	0470839	19:00 - 21:00 MW	3559462 3580671 3690516 3455120 3667404
004066	CARP21	0854975	13:00 - 14:00 W	3437962 3460770 3480939 3438999 3416891 3461936 3576586
011190	DAL300	3577231	15:45 - 17:15 TTH	3460867 3482739 3591591 3461937
013059	DAL300	3212821	13:00 - 16:00 TTH	3461020 3441838 3436710 3484898 3485361
006047	PK338	3646603	13:00 - 14:00 T	3441306 3461469 3485288 3486852 3451553 3579291 3461826 3460488 3448314 3461936
004806	PK338	0032827	13:00 - 15:30 T	3462246 3463453 3465050 3581469 3638301 3690789 3465103 3580139 3483651 3598090 3655749 3667749 3576578 3668818
011313	PK20	0672202	14:15 - 15:45 TTH	3460338 3462246 3463453 3476908 3485970 3487035 3555254 3581907 3619718 3689402 3692294 3481202 3508682 3690800 3576753 3579116 3577795 3638956 3642332 3482101 3579361 3448868 3655749 3458452 3667749 3558963 3576451
004852	CARP21	3194193	13:00 - 16:00 TTH	3462293 3577741 3581907 3619718 3651750 3690789 3693368 3440687
013774	PK338	0058557	13:00 - 15:30 W	3462293 3462414 3459823 3524341 3650277 3463589 3462292 3465591 3667821 3460820 3455037 3558838 3576408 3576560 3668928 3668931
002700	PK243	0053518	14:00 - 16:00 T	3438294 3462298
003006	PK338	0492580	11:15 - 12:45 TTH	3462356 3482263 3690778 3695434 3492423 3651499 3690346 3578392 3694415 3486617 3692761 3577703 3668794 3668883 3669037 3797599
009225	PK338	1061058	13:00 - 14:00 W	3462414 3560199 3561074 3665045 3578921 3581375 3480732 3595163 3451557 3477004 3616872 3669019 3797709
014784	DAL300	3814283	10:00 - 12:00 M	3439912 3462414 3503382 3560373 3581786 3668765
014631	PK338	3555417	11:00 - 12:00 MWF	3460338 3462417 3491953 3540662 3574967 3582182 3606418 3650736 3650997 3666175 3667503 3668386 3669280 3693557 3466011 3650256 3426858 3608602
014632	PK338	0020093	8:15 - 9:45 TTH	3460338 3491953 3540662 3574967 3582182 3606418 3650736 3650997 3666175 3668386 3669280 3692294 3466011 3650256 3426858
002572	PK20	0477036	13:00 - 16:00 MW	3429761 3462512 3484894 3575916 3581227 3692849 3695024 3465103 3560373 3651017 3651499 3483651 3694384 3463439 3457195 3452445 3456313 3459888 3486187 3576478 3668787 3668964 3797772
009342	PK338	0031522	14:15 - 15:45 TTH	3439636 3462516 3485549 3486133 3487316 3546891 3443731 3457459 3552259 3463589 3460569 3464985 3581250 3463882 3487621
010944	DAL300	0777265	8:15 - 9:45 TTH	3462517 3462720 3486844 3581455 3650636 3576480
011844	PK20	0031471	20:00 - 21:30 TTH	3462516 3462517 3462872 3475745 3475950 3574483 3579579 3540124 3559218 3446353 3466011 3451331 3486632 3815898 3463226 3576341 3576375 3576403 3668853 3668985 3797665
006034	PK20	0213446	13:00 - 16:00 TTH	3462565 3478356 3482288 3555932 3574873 3575898 3575916 3577022 3577109 3579949 3639772 3581135 3650578 3564528 3691416 3628726 3477425 3578252 3464327 3694426 3695373 3469615 3556970 3580584 3668782 3669025
013647	DAL300	0492580	18:30 - 21:15 M	3462720 3438102 3463389 3464100
002390	DAL300	0316015	19:00 - 21:00 T	3462882 3578747 3486787 3797683
012339	CARP21	3420576	8:00 - 9:00 MWF	3463143 3467199 3474207 3559645 3482264 3485931 3576521 3668825
006518	PK20	0031399	8:00 - 9:00 MWF	3538202 3576011 3579414 3581098 3592208 3668195 3690346 3463675 3618222 3579116 3597215 3480810 3580159 3581228 3458452 3485642 3501476 3542887 3667404 3576299
007375	PK20	0031631	13:00 - 15:30 T	3463602 3467093 3481813 3525604 3575309 3577806 3578861 3690482 3443731 3552259 3484324 3628726 3460569 3481102 3480939 3485636 3576342 3576461 3668761 3668984 3669004 3669018
011298	PK338	0058557	14:00 - 16:00 F	3463879 3464855 3480868 3581389 3539996 3484619 3576383 3576406 3797608
007378	PK20	0851717	13:00 - 15:00 MF	3430131 3463936 3480217 3485549 3486133 3487316 3524963 3525604 3575309 3577806 3580326 3651750 3665045 3668420 3690482 3483567 3581870 3634695 3651816 3668196 3581085 3692628 3579592 3460569 3694417 3695292 3606350 3693241 3559225 3574866 3690733 3503587 3560234 3574137 3576230 3578191 3451557 3484243 3560487 3695022 3580912 3501476 3667676 3693092 3576333 3576578 3668798
009335	PK243	0031522	14:00 - 16:00 M	3464638 3465327 3576465
001771	CARP21	1000086	12:00 - 14:00 TH	3433275 3439636 3464666 3474374 3478964 3629970 3694828 3695292 3460586 3479804
005122	DAL300	3400071	13:00 - 16:00 TH	3464855 3485028 3578861 3561318 3668801 3668893
004865	CARP21	0031373	13:00 - 15:30 M	3465036 3485970 3457777 3463851 3463587 3478713 3576465 3580383
005258	PK338	3461286	12:00 - 14:00 F	3465050 3485628 3579579 3453218 3486782 3577054 3478309 3467671 3465588 3486623 3476082 3576563
009304	CARP21	1020104	19:00 - 21:00 T	3465050 3556169 3486782 3478309 3486623 3454625 3576303 3576324
002464	CARP21	0493725	9:45 - 11:15 TTH	3465245 3487276 3568636 3480166 3465588 3484750 3482445 3576417 3668826 3668972 3797676
013185	PK243	0132890	11:15 - 12:45 TTH	3465245 3476930 3486475
004036	CARP21	3646540	15:45 - 17:15 TTH	3465332 3558800 3474598 3485803 3576435 3668816
004803	PK338	0031373	13:00 - 14:30 MW	3465332 3479382 3581663 3638594 3668386 3692098 3651605 3692294 3463389 3572330 3691575 3645720 3689931 3576303 3576462 3669015
006874	CARP21	1167884	13:00 - 16:00 W	3483929 3576212 3576879 3579291 3481202 3441310 3454059
002153	PK20	3415849	13:00 - 16:00 T	3458087 3466014 3474140 3496439 3496673 3538202 3544945 3559870 3561511 3576260 3580217 3581081 3591774 3631215 3638301 3689375 3689893 3479311 3558739 3549272 3569865 3581038 3591844 3560167 3591211 3303699 3651365 3481894 3481532 3632720 3579143 3690806 3470393 3574137 3581962 3437574 3514964 3616918 3580912 3606536 3692440
003454	PK20	3443571	18:30 - 21:15 M	3466014 3467427 3483036 3484746 3487040 3502893 3540714 3559900 3575769 3560511 3578177 3581846 3551641 3465442 3480999 3539996 3471190 3485774 3580407 3473086 3484887 3467384 3476418 3484619 3561318 3576313
005853	CARP21	3647094	11:00 - 13:20 T	3468281 3474207 3480791 3483306 3460757 3668795 3668848 3668946
001168	PK338	3646621	12:00 - 14:00 W	3468504 3471450 3476797 3483511 3546891 3557478 3559963 3579181 3574639 3692269 3456722 3437574 3482101 3487310
011831	PK243	1168592	12:00 - 14:00 F	3468504
011299	PK338	0058557	14:00 - 16:00 M	3470846 3483511 3547282 3557742 3694980 3476930 3481664 3437534 3462297 3581920 3456228 3575928 3576629 323619
006851	PK20	0402773	14:00 - 16:00 M	3469520 3471450 3521265 3529298 3577741 3581081 3581605 3693921 3579094 3581135 3694903 3458176 3469615 3690719 3451724
004281	PK338	3092832	13:30 - 16:30 T	3474140 3477576 3561229 3579181 3580217 3581220 3581962 3467040 3576365 3576425 3576555 3633806 3668767
007032	PK338	0031573	13:00 - 16:00 F	3474207 3493931 3575898 3667608 3691361 3578921 3618222 3668760 3668768 3668825 3668946 3797706
011319	CARP21	0827051	12:00 - 16:00 MF	3474463 3485504 3481862 3482591 3576347 3668998
012765	PK20	3555097	11:00 - 13:00 F	3474463 3481805 3485327 3503865 3519078 3578075 3481391 3538928 3581995 3479712 3481643 3694810 3483171 3576350 3576355 3576512 3576514 3576545 3668806
009231	CARP21	0697660	13:00 - 14:30 MW	3580389 3533093 3692609 3462606 3559804 3505185 3581080 3485170 3226303
006504	PK20	3554648	14:00 - 15:30 F	3475933 3559843 3576013 3579414 3668195 3694798 3476899 3666801 3460820 3572330 3632720 3693286 3483996 3693219 3668820 3668854 3668874 3669000
012331	DAL300	0132890	11:00 - 13:00 F	3475950 3487640 3464306 3419002
003448	PK338	0031359	13:00 - 16:00 M	3474374 3476797 3549052 3559900 3619718 3629970 3578177 3653119 3484887 3476418 3695201 3451724 3669010 3669012
002163	CARP21	3415849	10:00 - 11:00 MWF	3477824 3480710 3481419 3582040 3480668 3485290 3466364 3483467 3576301 3576572
002164	CARP21	0180723	14:30 - 16:00 MW	3477824 3480375 3480714 3574543 3582040 3440419 3480668 3485290 3466364 3487087
011827	CARP21	0428815	11:00 - 12:00 MWF	3477824 3480710 3481419 3574543 3582040 3440419 3480668 3485290 3466364 3483467 3487087
004276	PK20	1165566	14:00 - 16:00 W	3478419 3480868 3491953 3561001 3561229 3576231 3581469 3639772 3668366 3693280 3693921 3444491 3561772 3580256 3580340 3581249 3524066 3561660 3581455 3691140 3578747 3595071 3651439 3479085 3560193 3530220 3635012 3650956 3694810 3440687 3485774 3577795 3694415 3575071 3578443 3631042 3689931 3397840 3483996 3485800 3668870 3668952
013645	CARP21	3194197	14:30 - 16:00 TTH	3478419 3540190 3693280 3651365 3691981
001206	PK20	0254151	13:00 - 14:00 W	3479054 3483084 3485327 3503630 3559843 3441273 3439206 3446353 3486838 3481798 3455981 3479350 3419002 3458037 3558963 3576341 3576556
005179	PK20	3461286	13:00 - 14:00 M	3456653 3461556 3479054 3482288 3560199 3576126 3580671 3600785 3694434 3437011 3560649 3667677 3467671 3538688 3560193 3693856 3452988 3486623 3608602 3442237 3668941
012818	PK338	3448653	11:00 - 13:00 F	3475298 3479534 3546417 3463729 3470797 3485756 3568636 3469119 3485054 3575071 3576558 3797836
001152	PK20	0135660	8:15 - 9:45 TTH	3480592 3488858 3557478 3558796 3560256 3560860 3576126 3578240 3578714 3580269 3581077 3581830 3591436 3599090 3619323 3652276 3689402 3693224 3693789 3694813 3485756 3487090 3561772 3651293 3513947 3518231 3629951 3651033 3630915 3652273 3667821 3691694 3692786 3462964 3663306 3486632 3597302 3642204 3690361 3692756 3693473 3514964 3608602 3516442 3668870 3668967 3669013 3797586 3797619 3797696 3797699 3797804 3797819 3797836
005846	CARP21	3647094	13:00 - 14:00 T	3557742 3606418 3655393 3694039 3446645
002182	CARP21	0428815	11:00 - 13:00 F	3480710 3481419 3582040 3463745 3463675 3441900 3483467 3576403
004012	PK20	0215359	13:00 - 16:00 M	3480728 3483036 3493931 3578036 3579687 3581827 3606148 3693433 3578963 3690346 3690516 3549272 3581389 3628726 3460718 3692187 3632720 3540428 3690652 3531305 3473086 3690719 3581981 3576763 3580383 3669003
011838	DAL300	0031619	13:30 - 14:30 W	3577590 3578781 3456722 3560858
002992	PK20	3473854	10:00 - 11:30 MW	3430697 3462512 3465050 3480935 3491953 3574349 3580955 3631101 3631215 3651243 3689402 3692514 3693921 3694813 3695027 3452964 3481391 3579094 3601391 3538928 3595071 3695543 3480999 3457327 3459508 3474409 3691575 3693286 3452988 3480166 3483640 3595641 3484887 3580714 3649880 3667749 3693902 3694738 3693219 3667606 3668859 3668959 3797702 3797732 3797801 3797804 3797822
014670	PK243	3647094	13:30 - 16:30 T	3480937
007057	PK338	3195964	11:30 - 13:00 MW	3481031 3576248 3581098 3581455 3484752 3577795 3483085 3768686 3695529 3464193 3576391 3582017 3668906 3668938
002444	PK243	0989327	13:00 - 16:00 MW	3481221 3454497
014107	DAL300	3554810	17:00 - 18:30 MW	3481221 3484361 3462019 3595641
003464	PK338	0599596	14:00 - 16:00 W	3481354 3559903 3560256 3578240 3665045 3558739 3455037 3581250 3694039 3446645 3560487 3689920 3438652 3581315 3482558 3576486 3668840 3669018
011630	PK338	0431946	16:00 - 17:30 MW	3484845 3559462 3560649 3474409 3577146 3576463
005159	PK338	1084458	13:00 - 16:00 MW	3481419 3529298 3544254 3581605 3689329 3695539 3508682 3620017 3652177 3481075 3577703 3576354 3576523 3668850
001871	PK243	3788276	9:00 - 10:00 MWF	3481805 3462639 3486596
006500	PK338	0031399	13:00 - 14:00 M	3482198 3493931 3510971 3537536 3579414 3692285 3629951 3572330 3648550 3581315 3797639
013659	DAL300	0254151	13:00 - 15:30 T	3482198 3462116 3452874
011964	PK243	0031611	13:00 - 16:00 F	3482739
013840	PK243	3447549	11:30 - 13:00 MW	3483084 3487090
014785	PK20	3814283	14:30 - 16:00 TTH	3462356 3483511 3560860 3575916 3690482 3483557 3580256 3538688 3481702 3461962 3469615 3456210 3461937 3560308 3486389 3486596 3669018
014114	PK20	0827051	19:00 - 21:00 T	3478356 3483965 3559963 3559970 3576792 3578842 3479311 3560373 3538928 3569865 3581995 3480867 3581207 3512896 3559612 3668778 3668822 3668919 3668926 3668947 3669006 3669032 3669038
011191	DAL300	3213249	12:00 - 14:00 W	3484763 3577167 3478747 3456290 3419002
010844	DAL300	0824088	13:00 - 16:00 W	3555932 3438102 3576431 3576473
014551	PK338	0492451	20:00 - 21:30 TTH	3485288 3520100 3558800 3576037 3577590 3580586 3694791 3577984 3580407 3576431 3576477 3576557
011535	DAL300	3213249	19:00 - 21:00 MW	3485327 3690719 3560858 3576306
005725	PK338	3785071	17:00 - 18:30 MW	3485628 3520100 3521461 3577682 3581098 3581596 3581996 3487090 3487623 3578177 3669051 3797653
014630	DAL300	3400071	13:00 - 14:00 TH	3485628 3455043 3538400 3576343 3668801
001748	CARP21	0254474	8:15 - 9:45 TTH	3485812 3458934 3450069 3457184 3694039 3578443 3768686 3668772 3797757
002376	PK243	3691394	13:30 - 16:00 TH	3433962 3486182
006024	PK20	3470402	12:00 - 14:00 TH	3538202 3544945 3561229 3574519 3577806 3578240 3580217 3580248 3581830 3581918 3602816 3631215 3632881 3651487 3656490 3693813 3694434 3695024 3695285 3695345 3492423 3651499 3694236 3629951 3575971 3694039 3694289 3695542 3579864 3632720 3667674 3691575 3690806 3580211 3595641 3690361 3694415 3631042 3693230 3512896 3649880 3694738 3691748 3693219 3576271 3668985
013613	PK20	0492580	12:00 - 14:00 F	3486834 3560770 3561084 3576248 3577485 3579028 3580397 3650636 3561280 3481967 3556970 3480571 3486617 3576480 3668873 3668875 3668905 3668968
003029	CARP21	3764395	13:30 - 14:30 W	3486998 3486787 3471745 3459613 3483950 3576329 3576375 3576432 3576534
003004	PK20	3473854	19:00 - 22:00 T	3487640 3574873 3580798 3581913 3691416 3453262 3455049 3476864 3459635 3576352 3576362 3576376 3576384 3576405 3576473 3576527 3668782 3668854 3668860 3668874 3668878 3668881 3668901 3668934 3668961 3669006 3669038 3797607 3797722
002368	PK20	0697660	10:00 - 12:00 M	3488858 3510665 3559970 3575259 3576231 3580389 3591436 3668623 3692766 3692796 3694481 3470797 3695539 3533093 3651605 3485848 3693840 3694384 3620017 3606293 3692187 3540705 3559804 3691514 3575071 3580095 3616872 3689919 3695282 3397840 3561098 3576370 3576442 3668849 3668895 3669008 3797610 3797624 3797645 3797659 3797692 3797752 3797776 3797819 3797849 3797856
013919	CARP21	0897399	17:00 - 18:30 MW	3488858 3547282 3581609 3631101 3501476 3667404 3693092 3797696
005723	PK338	3785071	10:00 - 12:00 M	3493764 3559815 3577741 3650874 3693501 3695643 3579094 3634695 3481664 3651033 3671851 3692380 3650256 3690806 3692756 3691981 3693230
008469	PK20	3420576	12:00 - 16:00 MF	3503630 3510665 3514095 3559476 3559534 3559537 3576037 3577167 3577682 3578861 3581497 3581999 3464306 3476930 3489089 3467452 3485550 3481875 3574558 3578910 3483467
009263	DAL300	0467822	13:00 - 15:00 TH	3519078 3581149 3694741 3452964 3577984 3608602 3667749
011962	CARP21	0492451	13:00 - 15:30 W	3520100 3558800 3577590 3580586 3476899 3544262 3580407 3576477
005141	PK338	0493856	11:00 - 13:00 W	3521265 3561516 3579579 3632103 3650736 3667608 3668195 3457873 3467671 3692756 3667311 3484374 3576570 3797632 3797773 3797803
001237	PK338	0031471	14:00 - 15:30 F	3521272 3559537 3483567 3595071 3651412 3580341 3478343 3581265 3464100 3576306 3576351 3576499 3576556
001163	DAL300	3575049	10:00 - 13:00 T	3537536 3446832 3538400 3580714
008774	PK20	0576472	13:00 - 15:30 M	3580326 3581149 3581918 3652473 3498772 3481894 3575971 3483640 3559225 3629518 3691962 3693565 3485417 3668931 3797717
007017	PK338	3575049	11:00 - 13:20 T	3433881 3546891 3559624 3694481 3581995 3691925 3465327 3561402 3668936
014134	CARP21	3461286	14:00 - 15:30 F	3463776 3453218 3479885 3592325 3815898 3506165
001157	PK243	0697660	14:30 - 16:00 MW	3557244 3653119 3591211
006523	CARP21	0031573	13:00 - 15:30 T	3558528 3579116 3652177 3542887 3668768 3669051 3797830
014548	CARP21	0168378	14:30 - 16:00 TH	3558796 3560256 3692915 3693253 3694754 3695345 3576002 3695201
014549	DAL300	0168378	11:15 - 12:45 TTH	3426943 3558796 3460343 3694797 3456228
009270	PK338	0897706	13:00 - 16:00 T	3555254 3558528 3581903 3651573 3695027 3524341 3690516 3444537 3487732 3483977 3691694 3561026 3668130 3485912 3669015 3797810 3797856
014671	PK243	3647094	12:45 - 14:15 TTH	3447478
004362	CARP21	0989327	18:30 - 21:15 M	3464666 3559462 3575483 3621523 3695643 3540124 3442188 3815898 3482588
009232	CARP21	3208421	19:00 - 21:00 MW	3579291 3479085 3483385 3576417
014552	CARP21	1079401	12:00 - 14:00 W	3559900 3459032 3693241 3483241 3576343 3576431 3576477 3668821 3669084
006019	PK338	0207327	13:00 - 14:00 TH	3559903 3668623 3691834 3693253 3694754 3668538 3651439 3692786 3690733 3597365 3652339 3692018
007007	PK20	0028980	14:00 - 16:00 T	3559903 3631101 3632881 3666520 3667608 3690020 3691361 3667381 3651605 3445738 3482019 3651365 3693856 3581207 3598090 3667273 3692536 3796230 3576342
011037	DAL300	0777265	14:30 - 16:00 MW	3560860 3486501 3484334 3482194 3458049 3576370
001763	PK338	3474420	13:00 - 15:30 M	3568950 3578842 3579414 3581903 3649568 3694798 3581389 3485848 3692519 3576543 3668801 3668917
013210	CARP21	3212821	10:00 - 13:00 T	3423839 3544945 3568950 3576011 3650997 3666175 3667503 3639603
007039	PK243	0916272	9:00 - 12:00 W	3570123 3482194 3606536 3576555
013636	CARP21	0605187	13:00 - 16:00 TH	3570123 3453856 3411186 3438102 3692609 3459613 3510878 3458452 3483950 3668824
014579	PK243	0168378	12:00 - 13:00 MWF	3574475 3667273
007888	CARP21	0431946	11:00 - 13:00 W	3574542 3667319 3581249 3524066 3481202 3480166 3577146 3525384 3668752 3668917
001448	DAL300	3764585	12:00 - 14:00 TH	3574967 3579687 3482264 3580139 3560858 3576313
004872	DAL300	0989327	19:00 - 20:30 TH	3561511 3575908 3452561 3458441
013839	PK20	3447549	19:30 - 21:00 T	3576037 3602816 3650736 3651573 3692285 3693280 3668538 3489089 3690652 3666207 3556594 3580341 3581315 3576358 3576376 3576377 3576625 3668806 3668989 3797590
011300	PK243	0020093	13:00 - 14:30 MW	3578036 3576753 3691962 3576328
008790	DAL300	3194197	10:00 - 11:30 MW	3578804 3458136 3575971 3581250 3475327 3462956 3797828
004010	PK20	3460456	14:00 - 16:00 TH	3578842 3581663 3581903 3600785 3608097 3690778 3694073 3694434 3694798 3694980 3695027 3695434 3668196 3667677 3694428 3651412 3597215 3471190 3642332 3694780 3560687 3579361 3694433 3695554 3695282 3606536 3695529 3797740
011987	DAL300	3764403	12:00 - 16:00 MF	3468281 3650736 3650997 3483306
007028	PK20	0316015	14:30 - 16:00 TH	3453445 3537536 3579723 3694828 3485504 3487623 3581249 3601391 3485290 3460718 3645471 3483954 3635012 3463993 3581207 3516442 3768686 3576763 3668911
005191	PK338	1137952	8:00 - 9:00 MWF	3487640 3580269 3581663 3581967 3463011 3694101 3606536 3581981 3576763 3576527 3668816 3668850 3668892
010933	PK243	0031632	14:00 - 16:00 W	3580991 3446353 3463560 3576313
013775	CARP21	0058557	19:30 - 21:00 T	3484894 3581077 3581171 3592208 3463439 3487621 3575928
007882	DAL300	0470839	13:00 - 14:00 MWF	3581081 3574639 3560649 3797631
003005	CARP21	3691394	13:00 - 15:30 TH	3433686 3560770 3581127 3581913 3691834 3437341 3669037
003406	PK20	3784569	9:00 - 10:00 MWF	3493704 3496439 3581127 3602816 3690020 3690778 3693280 3694813 3695434 3651017 3668538 3690346 3599536 3692380 3651439 3578392 3693840 3561026 3692786 3694039 3606350 3693286 3694426 3503587 3645720 3666207 3693084 3694780 3596492 3667311 3692761 3693219 3482592
001562	PK20	3572646	12:00 - 14:00 W	3438206 3441016 3577485 3577682 3581609 3694798 3483557 3581786 3441310 3479712 3460737 3481532 3481702 3694101 3451496 3440454 3576474 3576586 3668765 3668895
003546	DAL300	3554810	14:15 - 15:45 TTH	3454210 3592680 3464263
004016	CARP21	3442425	16:00 - 17:30 MW	3592680 3629467 3693368 3561402 3559857 3597365 3520880 3668974 3668989
012837	DAL300	0467822	12:00 - 14:00 M	3480935 3579949 3619255 3695345 3480069
007878	CARP21	0031386	13:00 - 15:00 TH	3651243 3652473 3692372 3797679 3797764 3797770 3797790
014546	PK243	0180723	13:00 - 16:00 T	3667503 3690043 3651017 3460343
009296	DAL300	0897706	11:30 - 13:00 MW	3669280 3694073 3482264 3595163 3581315
012353	PK243	0683480	13:00 - 16:00 W	3690043 3463729
003407	CARP21	3478658	17:30 - 20:00 T	3691834 3692098 3695510 3694431 3691241 3694780 3694433 3695554
004810	PK243	0697660	10:00 - 11:00 MWF	3692807 3694741 3576753 3597302
004020	DAL300	3646540	13:00 - 15:30 M	3460399 3559657 3442237 3668929
012665	PK243	3473854	11:00 - 13:00 W	3462242 3459613 3460134
003481	DAL300	3554810	13:00 - 14:00 T	3477014 3478964 3458441 3484361 3487621
013172	PK338	0024092	12:00 - 13:00 MWF	3462414 3694980 3634695 3578252 3575971 3693856 3652373 3602435 3560308
001559	PK243	0129398	12:00 - 16:00 MF	3483557 3479712
014537	PK243	3648007	13:00 - 14:00 T	3483567 3580159
002151	PK338	0168378	19:00 - 22:00 M	3426943 3574519 3693813 3695643 3492423 3650277 3666801 3694236 3690204 3544262 3648970 3691981 3649880 3576555
011534	DAL300	3213249	11:00 - 13:00 W	3438113 3577054 3508682 3464985
012320	CARP21	0965307	20:00 - 21:30 TTH	3461556 3689845 3581201 3569865 3452874 3691514 3695282 3576529
001878	DAL300	0564741	14:30 - 16:00 TTH	3467093 3482739 3650277 3483587
014441	DAL300	3786642	17:30 - 20:00 T	3540714 3459508 3481643 3558838
005282	PK243	0493856	13:00 - 15:30 W	3561516 3559218 3454625
006534	CARP21	0916272	9:00 - 10:00 MWF	3456053 3463879 3577984 3485361 3460073 3689919 3483996
001552	DAL300	0129398	16:00 - 17:30 MW	3581786 3460737 3668765 3668895
007006	PK338	3195964	13:00 - 16:00 TH	3466014 3482739 3560199 3575908 3599536 3428042 3561026 3580346 3694415 3479355 3480571 3797673 3797702
001750	DAL300	0622960	13:00 - 16:00 T	3441016 3692380 3479945 3482019 3471190 3642204
013920	PK243	0897399	19:00 - 22:00 M	
014523	PK243	3648007	13:00 - 16:00 TTH	3443283 3442991
004304	PK243	1165566	12:00 - 14:00 W	3458176 3459972
014215	DAL300	3646854	14:00 - 16:00 W	3428608 3465245 3575769 3486475
004275	PK20	3646542	11:15 - 12:45 TTH	3455562 3559815 3575259 3582182 3591436 3666520 3464306 3581220 3693557 3595163 3650256 3694433 3695282 3458061 3627845 3668767 3669036 3797728 3797839 3797880
014791	PK243	0999321	13:00 - 15:30 T	3462416
001430	PK243	0020093	14:15 - 15:45 TTH	3483306 3693565 3796230
012352	DAL300	0129398	14:30 - 16:00 TH	3503382 3483557 3457184 3797855
002381	PK243	3786635	13:30 - 14:30 W	3639603
014870	DAL300	3764585	10:00 - 11:00 MWF	3455419 3480791 3491953 3559963 3639603 3579143 3467932
006538	DAL300	0916272	13:00 - 16:00 M	3462116 3454115 3437574 3581228 3668768 3669007
006557	PK243	0031573	13:00 - 14:00 TH	3506324 3668919
014228	PK243	3648007	9:45 - 11:15 TTH	3690789 3572330 3693286 3492392
005734	PK243	3556752	20:00 - 21:30 TTH	3592325
011209	PK243	3577231	16:00 - 17:30 MW	3454059 3451331
002448	PK243	0031373	8:00 - 9:00 MWF	3463883
002409	PK243	0697660	8:15 - 9:45 TTH	3487276 3478050 3512896 3668827
004817	DAL300	3786635	14:00 - 16:00 M	3438842 3575969 3538400 3431750 3480069 3668770
005727	DAL300	3648007	13:00 - 15:00 MF	3555932 3484314 3580159 3669004 3669016
002396	DAL300	0020988	12:45 - 14:15 TTH	3469119 3540705 3576429 3576558 3668831 3669008
004023	DAL300	0854975	11:00 - 13:20 T	3462290 3438999
003500	CARP21	3194193	12:45 - 14:15 TTH	3486834 3592680 3581870 3485550 3454476 3471190 3475327 3480810 3460586 3479804
014869	CARP21	3646854	14:00 - 16:00 F	3460235 3503630 3578910 3480571 3668870
011536	PK243	3213249	13:00 - 15:30 M	3464272
012355	CARP21	0031333	12:00 - 14:00 F	3438206 3463729 3694101 3559731 3668849 3668895 3797855
014871	PK243	3764585	19:00 - 21:00 T	3557478 3668948
014219	PK243	0031619	13:00 - 14:00 MWF	3433962
007051	CARP21	0031336	11:15 - 12:45 TTH	3467199 3487040 3689329 3458949 3460718 3480810 3516442 3397840
014582	DAL300	3198619	13:00 - 14:00 W	3459584 3506324 3576400 3576519
001897	PK243	1165566	14:00 - 15:30 F	3463993
011295	CARP21	3209393	13:00 - 16:00 M	3557244 3579181 3560167 3581220 3464279 3463993 3580261
014140	DAL300	0031336	19:30 - 21:00 T	3480728 3577054 3667676
006580	PK243	0777265	13:00 - 15:00 TH	3445738 3576359 3576379
011198	PK243	0254474	18:30 - 21:15 M	3485812 3479945
005217	CARP21	0493856	13:00 - 14:00 M	3458957 3570123 3561280 3693612 3602435 3797721
002403	PK243	1137952	11:00 - 12:00 MWF	3463729 3486838 3693840 3462851
014456	PK243	3691385	10:00 - 12:00 M	3481031 3455120 3486083
012332	PK243	0132890	12:00 - 14:00 M	3486844 3460369 3462851
011855	PK243	0020093	10:00 - 13:00 T	3438232 3482588
002382	PK243	0492580	13:00 - 16:00 M	3493748 3695510 3668831
010966	DAL300	0775640	12:00 - 14:00 F	3580912 3668753 3668789 3668862 3797793
001247	PK243	1165566	15:45 - 17:15 TTH	3463126
014581	PK243	3198619	13:00 - 15:30 TH	3485305 3576542 3576580
001751	PK243	0254474	13:00 - 14:00 M	3547282
014651	DAL300	0802802	8:00 - 9:00 MWF	3458087 3797728 3797815 3797831
013713	PK243	0031631	11:00 - 13:20 T	3576302
005290	PK243	3786635	11:00 - 13:00 F	3576303 3576324
002404	PK243	0375562	14:30 - 16:00 TTH	
