Course	Room	Teacher	Time	Students
007878	TAYE	0031386	19:00 - 21:30 T	171491 3421700 3426169 3432782 3458641
012330	PK338	3420576	11:00 - 12:00 MW	700408 3102995 3158316 3218454 3273028 3323851 3362442 3378849 3390102 3395937 3405144 3415407 3416750 3419470 3426666 3429733 3431260 3432447 3433929 3438068 3439387 3439475
008764	PK338	0899465	13:00 - 14:30 MW	750570 3091931 3217421 3263080 3322886 3330300 3331071 3337463 3339315 3343387 3343615 3351809 3352269 3359026 3374479 3374569 3375544 3396377 3401311 3415144 3417002 3418145 3430401 3430944 3431445 3431448 3431740 3432040 3432238 3432344 3433760 3435161 3435771 3437778 3438441 3438473 3439283 3458122
003270	PK229	3453358	9:00 - 10:00 MWF	900525 3094516 3133434 3196457 3250683 3266668 3316620 3413771 3418145 3418907 3431260 3431303 3437756
008501	PK338	0125630	11:30 - 13:00 MWF	900525 1086489 3075829 3170761 3180674 3199454 3212408 3216292 3223822 3224484 3225012 3225017 3225612 3323851
001837	PK338	3452118	10:00 - 11:30 TTH	959337 1077482 1165573 3205483 3217421 3223467 3224924 3249725 3250131 3303699 3324192 3324271 3324844 3331686 3340292 3352269 3363924 3364991 3365824 3366138 3375389 3375544 3379786 3380697 3382662 3388921 3389676 3395581 3396312 3396377 3396460 3397265 3397709 3404148 3404828 3405153 3411059 3411159 3411258 3411531 3412670 3413014 3414843 3415849 3416203 3416598 3420437 3421044 3425219 3425437 3429810 3429834 3431445 3432027 3432384 3432595 3433760 3434124 3435070 3435771 3436119 3439558
002153	PK338	0168378	19:00 - 21:30 TH	959337 3161291 3212266 3224924 3274299 3319602 3322886 3330906 3331180 3340879 3341079 3359596 3360165 3365824 3375120 3397565 3404693 3405145 3405422 3405744 3411646 3412670 3412825 3413451 3413521 3413728 3415619 3415849 3416232 3416536 3417172 3418120 3420437 3421700 3425578 3429810 3430196 3430383 3430401 3430786 3431294 3431629 3431672 3432238 3432344 3432384 3432595 3433760 3433961 3434130 3435039 3435313 3435384 3435692 3436930 3437365 3437379 3438033 3438374 3438669 3439437 3439670 3440175
006847	PK338	3427120	10:00 - 11:30 MW	3090430 3095526 3103486 3123570 3132705 3185451 3192954 3218584 3240228 3240400 3250227 3253100 3289325 3311586 3315095 3316273 3316768 3316863 3318430 3339051 3381050 3382205 3396292 3411154 3413582 3438669
003278	PK338	0675005	13:00 - 16:00 MW	1065796 3086698 3089636 3202451 3218971
003279	PK338	0675005	13:00 - 14:00 MWF	1065796 3086698 3089636 3202451 3218971
002161	PK338	0301910	10:00 - 11:00 M-F	1077482 1165573 3166052 3212408 3254633 3269425 3270468 3323859 3324271 3331686 3337246 3337851 3339567 3359188 3363924 3378849 3381050 3382205 3382662 3389676 3396292 3396312 3397709 3404828 3405153 3411154 3411159 3411258 3411531 3412864 3413014 3413582 3414273 3414843 3415044 3415615 3415852 3416203 3416398 3417370 3425437 3431449 3433663 3435248 3439328 3439558 3440036
001842	PK338	0031557	16:00 - 17:30 TTH	1080789 3099669 3100359 3108046 3128366 3134508 3153098 3160150 3202006 3211857 3212089 3212222 3212902 3217527 3223467 3224187 3227217 3244115 3253100 3258485 3269332 3274299 3278685 3295955 3319023 3322523 3323539 3324844 3330241 3338208 3339156 3339196 3339989 3381480 3415489 3417000
003019	TH110	0375562	8:00 - 9:00 TWTHF	1080789 3105170 3125668 3212089 3217578 3225363 3226257 3228721 3342984 3413193 3413923 3415627 3432243 3437295
004290	TAYE	3447501	18:30 - 21:15 T	1080789 3260251
012821	PK229	3448653	11:30 - 13:00 MW	1080789 3198788 3202006 3217605 3225612 3309945 3323345
002992	PK338	1083868	18:00 - 20:00 T	1082708 3198788 3213028 3227211 3275705 3319863 3330264 3342762 3350298 3375685 3377851 3381824 3404279 3412520 3413728 3415125 3415801 3418907 3419570 3420434 3421753 3424520 3426020 3426719 3428820 3429894 3431155 3431672 3432796 3433961 3436311 3437141 3437365 3438442 3438472 3440024
010845	PK229	3092941	13:30 - 16:00 M	1102723 3108728 3217605 3227767 3231817 3249725 3329409 3337335 3416073
001166	TH110	0135660	11:30 - 13:00 MW	1131918 3091931 3100359 3123570 3180861 3217410 3217451 3217652 3223347 3311586 3323354 3323535 3330767 3338762 3341874 3358960 3393147 3396422 3415217
012996	TH110	0408816	10:00 - 11:30 MW	1131918 3113981 3132900 3196371 3201250 3216872 3217451 3223179 3323859 3329727 3358339 3393147 3413255 3417002 3430944 3440606
011818	PK229	3453004	14:30 - 16:30 M	1146215 3105895 3168968 3212266 3212902 3225121 3326954 3337246 3340838 3396313 3412523 3412874 3417073 3417088 3438442
012304	PK229	0031572	19:00 - 21:30 M	1146215 3198776 3200866 3211826 3212197 3212716 3219871 3224993 3339989 3382410 3416998 3423723
001847	TH110	3422398	13:00 - 15:30 T	1163326 3093818 3113981 3224924 3250131 3254633 3289325 3316768 3319023 3331277 3340879 3397565
001893	PK229	0898918	13:00 - 16:00 F	1163326 3097120 3132705 3270468
006509	TH110	3451414	13:30 - 16:00 M	1163326 3099420 3160884 3168511 3234753 3313406 3331277 3337542 3340533 3340585 3426717
011075	TAYE	0529283	16:00 - 18:00 W	3191520 3218659 3429532
012665	TAYE	3332662	16:00 - 17:30 MW	1163897 3211369 3212471 3221716
012896	TH110	3195964	14:30 - 16:00 TTH	1163897 3111488 3219927 3224492 3375685 3396208 3412866 3413441 3418216 3431133 3434079 3437589 3439480
005173	PK338	3451425	13:00 - 16:00 TTH	1170001 3088757 3103190 3112960 3119160 3119618 3119907 3125605 3205483 3227361 3227669 3254734 3269332 3311775 3339814 3339827 3352054 3353145 3355412 3358768 3375410 3397586 3404386 3412100 3412381 3415801 3416640 3417073 3417314 3425356 3426735 3428844 3429706 3431449 3435248 3440036
005195	PK338	0493855	13:00 - 14:00 T	1170001 3076022 3093424 3125756 3134180 3163273 3201574 3205483 3217598 3225012 3230579 3236006 3329814 3340672 3340959 3342762 3354500 3354609 3358960 3362442 3395937 3411005 3415870 3417314 3425219 3429810 3430152 3431449 3431828 3433849 3434210 3435384 3435771 3438471 3440024
005263	PK338	0493855	11:00 - 12:30 MW	1170001 3076022 3116065 3199454 3217598 3224991 3225371 3261773 3323851 3329814 3340672
005310	PK338	0029475	13:00 - 16:00 W	1170001 3076022 3089636 3102969 3134217 3134350 3134622 3161051 3163273 3179084 3205483 3218971 3221418 3223591 3225371 3230579
001843	TH110	0056992	13:00 - 14:30 MW	1170021 3198863 3222282 3315095 3339216 3388921 3390220 3395581 3395937 3412835 3413451
010965	TH110	0897706	13:00 - 16:00 F	1170021 3092704 3182934 3224418 3225193 3227767 3234723 3250514 3269275 3270555 3339216 3342833 3417000
012326	TH110	3420576	16:00 - 18:00 W	3119618 3180674 3198380 3198918 3201900 3233965 3250803 3312519 3343387 3352660 3396206 3414201 3414298 3415489
005723	PK338	0984701	13:00 - 15:30 W	1172355 3274299 3411059 3412549 3412874 3416232 3417166 3417172 3418441 3418907 3420037 3420837 3420940 3423970 3425401 3426638 3429834 3430786 3432027 3432259 3432595 3433849 3435039 3435722
003275	TH110	0695890	14:30 - 16:00 MW	3069495 3094516 3103343 3227364 3250683 3251781 3314546 3314570 3324289 3337390 3340096 3342762 3351895 3362442 3393147 3404732 3404976 3405144
008469	PK338	3420576	16:00 - 17:30 MW	3075829 3119618 3273028 3283602 3329729 3343387 3347767 3390220 3395937 3397807 3417002
012107	PK338	0031619	19:30 - 21:30 MW	3069495 3119618 3180674 3202261 3216292 3224484 3225012 3264284 3329729 3352040 3389674 3390102 3396837 3405144 3418117 3435922
012437	PK338	0825571	19:00 - 21:30 T	3069495 3094516 3100182 3217450 3217652 3240203 3328955 3337334 3339051 3339074 3357367 3405393 3417933
001770	PK229	0681020	12:00 - 14:00 TH	3070536 3108728 3133451 3184862 3234723 3262457 3270555 3337414 3337542 3353145 3436212
004083	PK229	1167978	18:30 - 21:15 T	3070536 3086565 3098747 3111488 3112355 3112797 3116805 3162924 3173458 3183035 3197712 3198356 3200739 3217421 3217514 3219221 3222477 3224476 3329449
011294	TH110	0135660	13:00 - 15:30 W	3075829 3094719 3112448 3130435 3130894 3134180 3217451 3311586 3318988 3323354 3329727
002564	TH110	0564741	14:00 - 16:30 W	3070697 3212073 3319602 3379786 3416398 3429894 3435931 3436260 3440075 3440409
002569	TH110	3393847	19:00 - 21:30 W	3070697 3122279 3212073 3227211 3329765 3397334 3411646 3413146 3435931
007926	TH110	0468281	13:00 - 16:00 MW	3110781
001206	TH110	0254151	12:00 - 14:00 TH	3075759 3091931 3118476 3134180 3144208 3196457 3224993 3232841 3249454 3329449 3340838 3396313 3396892 3412520 3413255 3415217 3417359 3430383 3434079 3435183 3440116 3440606 3459730
001896	PK229	0056992	19:00 - 21:30 T	3075759 3093818 3153098 3185451 3316273
012032	TAYE	3310251	19:00 - 21:30 M	3075829 3198263 3225302 3269275 3329814
010725	PK338	3092941	14:00 - 16:30 W	3076022 3091931 3162779 3196460 3199454 3231817 3239404 3331071 3341079 3365419 3374569 3396036 3411018 3416073 3432238 3435627
005728	PK229	0031543	13:00 - 14:00 T	3086565 3098747 3153272 3250803 3339074 3413774
006518	TH110	0777265	10:00 - 11:30 M	3087450 3129544 3203637 3227014 3250227 3264954 3312519 3372100 3384120 3395942 3396226 3397012 3411158 3417088 3417359 3431750 3432077 3435922 3437701 3438473 3438550
007378	PK338	0851717	12:00 - 13:00 MWF	3087465 3221877 3223998 3224773 3239900 3244115 3249454 3250244 3254239 3257109 3338175 3339156 3339830 3340797 3343615 3344151 3365419 3388921 3389022 3389574 3397042 3397265 3398117 3409210 3411005 3411018 3412261 3414068 3418106 3426213 3426638 3429733 3437756 3439283
007404	TAYE	0056992	13:00 - 16:00 MW	3087465 3134508 3218584
012732	PK229	0826964	18:00 - 20:00 T	3087465 3218962 3303699 3324812 3339051 3339052
004889	PK338	3194193	14:00 - 16:00 TH	3088757 3102995 3129360 3177222 3178456 3197712 3199006 3199632 3217514 3219743 3225022 3231318
008770	PK338	3194197	10:00 - 11:00 MWF	3099325 3160201 3183035 3198380 3221877 3240400 3245617 3264284 3316863 3329729 3331180 3337781 3338208 3339196 3342833 3350298 3352660 3367107 3375120 3377851 3390102 3390220 3396460 3397709 3398117 3404473 3404534 3405153 3405393 3405422 3406196 3406406 3411531 3411629 3412381 3412520 3412825 3412997 3413521 3413582 3413598 3414201 3414843 3415044 3415827 3416598 3417055 3417370 3417717 3417933 3418106 3418117 3418120 3418499 3420437 3421044 3421153 3423829 3424363 3429524 3430196 3430383 3431080 3431133 3432077 3432622 3433929
011318	TH110	3092667	18:30 - 21:15 T	3088757 3109485 3122354 3199632 3276264 3287584 3304946 3316863 3340316 3401311 3402556 3404243 3404642 3418058
001474	PK338	0020093	13:30 - 16:00 TH	3089948 3102278 3112355 3128366 3130894 3132900 3161291 3162638 3201250 3225182
011831	PK229	0103578	19:30 - 21:30 MW	3089948 3223179 3255465 3287584 3344941 3366745
012823	PK338	0031632	13:30 - 16:00 M	3089948 3102278 3132900 3162638 3201250 3225182 3250074 3250084 3250395 3304946 3417553
012851	TH110	3451425	10:00 - 11:30 TTH	3089948 3162638 3225182 3250074 3340110
004012	PK338	0215359	14:30 - 16:00 TTH	3091653 3223591 3250074 3259524 3264954 3324360 3340533 3341358 3352904 3357453 3365419 3379786 3381824 3397807 3404642 3405695 3411159 3414238 3415769 3415870 3416286 3416896 3417338 3417553 3421753 3423723 3426244 3426717 3426718 3426735 3431828 3432398 3434130 3437295 3437379 3437827 3439402 3439564 3439670
004835	TH110	0032827	14:00 - 16:00 F	3091653 3161291 3218913 3245992 3324192 3338175 3338205 3340232 3344264 3357367 3364124 3404243 3404364 3416286 3416750 3417097 3417166 3420884 3435380
006026	TH110	0987775	10:00 - 11:00 M-F	3091653 3106762 3116392 3160149 3180861 3216810 3250074 3289325 3311583 3312777 3340797 3411059 3412381 3412644 3413923 3417791 3420940 3424594 3425401 3426213 3433788 3438084 3439511
002713	TAYE	0468281	13:00 - 14:30 WF	3092704 3198356 3212716 3222659 3224227
001840	PK338	0168763	11:00 - 12:00 MWF	3093424 3105958 3142819 3149956 3201574 3218584 3225017 3249454 3250131 3253100 3262457 3283602 3289325 3311583 3322637 3324231 3324844 3330318 3334029 3337542 3337781 3337851 3340879 3343167 3352269 3357453 3360165 3365824 3375120 3389676 3396206 3397042 3397265 3397807 3404148 3404693 3404828 3405145 3405151 3405744 3406073 3406406 3409210 3411258 3421044 3431445 3438669
005180	TH110	3426676	19:00 - 21:30 TH	3093424 3102995 3212716 3278685 3314413 3331117 3340959 3342814 3352054 3354609 3358378 3395299 3397598 3397992 3412381 3412866 3416424 3426169 3426658 3434124 3437589 3439475
007377	PK338	0031522	8:30 - 10:00 TTH	3093818 3185597 3217450 3221877 3224950 3227217 3239900 3240228 3246608 3249123 3255755 3257109 3322523 3323512 3324484 3337851 3339156 3339830 3341358 3342833 3344151 3389574 3405393 3409210 3411254 3415619 3417003 3417933 3426638 3429733 3433788 3433929 3434539 3436514 3437756 3440116
006561	PK180	0031478	10:00 - 11:00 MWF	3094573 3111592 3122354 3263732 3352904 3396226
006588	PK229	0031478	14:30 - 16:00 MW	3094573 3128777 3129544 3168511 3337542
011334	PK229	0031573	13:00 - 14:30 WF	3094573 3255757 3264954 3312519
004709	TAYE	0058557	13:00 - 14:00 T	3094719 3099669 3101841 3212907 3218659 3220365 3337414 3397012
004823	PK229	3451416	13:00 - 14:30 MW	3095526 3221756 3223454 3316863
001769	PK229	3099830	14:00 - 16:00 M	3095725 3119160 3127208 3134461 3196460 3219221 3338504 3340716 3372272 3404386 3420037 3429732 3439402
003011	PK229	1083868	19:00 - 21:00 T	3095725 3105170 3224949 3254408 3314580 3338205 3340232 3363977 3374479 3381824 3417338 3430706 3437778
012726	PK180	0416447	10:00 - 11:30 M	3095725 3101841 3113444 3225118 3304629
012832	PK180	0103578	19:00 - 22:00 T	3095725 3324289
001857	PK229	0123161	13:00 - 16:00 T	3097120 3132705 3212266 3311583 3339196 3340292
001887	PK229	0898918	8:00 - 9:00 TWTHF	3097120 3157738 3185451 3196629 3222195 3316768 3322637
005228	TH110	3448653	11:00 - 12:00 MW	3097120 3134217 3134622 3160201 3161154 3170761 3218659 3223362 3260251 3340158 3355412 3420940 3435366 3438100
005741	PK180	0031543	12:00 - 13:00 MWF	3098747 3211821 3224950 3425364
005293	PK229	1020104	14:00 - 16:30 W	3099325 3112960 3119907 3125756 3128188 3134622 3216872 3226945 3251781 3340959 3341874 3350298
007028	PK229	0316015	18:00 - 19:30 M	3202006 3219051 3330355 3340003 3344151 3356374 3396292 3414124 3416354
007040	TH110	0162976	16:00 - 17:30 MW	3099420 3255727 3260429 3330264 3339061 3405604 3414201 3416658 3419570 3437089 3438589
002174	PK229	0004950	13:00 - 16:00 TTH	3099989 3110744 3157738 3191520 3196629 3213032 3218938 3234753 3314060
006852	PK338	0031347	8:00 - 9:00 M-F	3100155 3198380 3212073 3223454 3250803 3254734 3304568 3323512 3339814 3351574 3352040 3374569 3412523 3416374 3417073 3417314 3417336 3417791 3430527 3431260 3434468 3439564
006041	PK338	0213446	14:00 - 16:00 W	3100182 3102134 3106762 3116392 3133434 3134011 3156597 3160245 3162924 3192700 3198863 3201354 3224484 3224949 3337912 3338564 3339989 3358756 3366745 3381480 3389574 3418079
006043	PK338	0207327	13:00 - 16:00 TH	3100182 3102134 3102322 3105287 3110744 3113444 3116805 3124142 3134011 3134309 3198863 3199412 3200235 3200866 3211569 3212902 3212915 3219305 3223362 3224484 3246608 3259524 3269425 3314546 3334029 3338564 3339160 3339989 3358756 3366745 3369591 3415827 3416354 3418079
006031	PK338	0213446	13:00 - 14:30 TTH	3212483 3217578 3234786 3331071 3342969 3359596 3405422 3412644 3412864 3413598 3413923 3415144 3415852 3416424 3417135 3418106 3421700 3423676 3425150 3425364 3430152 3430383 3431078 3431080 3432259 3432301 3432344 3433829 3433849 3433945 3437365 3437511 3437778 3438550 3438669
011865	TAYE	3393042	19:00 - 21:30 TH	3100786 3102322 3260251 3369591
012350	PK229	3194197	16:00 - 17:30 TTH	3100786 3103343 3324231 3340096 3347767 3414124 3434468
006874	TH110	0750235	11:30 - 13:00 MWF	3101841 3316953 3329365 3340232 3411108
011037	TH110	0777265	13:00 - 16:00 TTH	3102105 3116065 3196371 3342984 3411136
009362	TH110	0125630	19:00 - 21:00 M	3102134 3180674 3201900 3223998 3261773 3310035 3312777 3337463 3347767 3350812 3365419 3397598 3413521 3414298
010944	TAYE	0777265	11:00 - 12:00 MW	3102278 3128777 3311583
004293	TH110	3447501	19:00 - 22:00 T	3102322 3226486 3330300 3331222 3340158
006060	PK338	0031454	9:00 - 10:00 MWF	3102322 3103486 3106762 3118205 3134309 3160150 3192700 3199412 3200866 3211884 3212902 3212915 3218454 3219305 3223362 3224891 3224949
004023	PK229	1167978	19:00 - 21:00 M	3102969 3291024 3311775 3312800 3314580 3340879 3350670 3413441 3416640
005258	TH110	3426676	9:00 - 10:00 M-F	3102969 3112960 3134350 3179084 3198356 3223591 3344218
004362	TAYE	0989327	13:00 - 16:00 F	3102974 3250084 3324812 3426719
004394	TAYE	0989327	14:30 - 16:00 MW	3102974 3158421 3231318 3303699 3344218
012728	TH110	0672202	14:00 - 16:00 TH	3221499 3225193 3304568 3304629 3319386 3319863 3401311 3404642 3415144
005725	TH110	0164326	14:00 - 16:00 M	3103190 3329409 3341634 3352040 3396837 3402556 3402721 3412100
006034	PK338	0207327	10:00 - 11:30 M	3103190 3212483 3331686 3359188 3364991 3404179 3411531 3412100 3414467 3418106 3423676 3425364 3425755 3431080 3432259 3437778
006868	TH110	3392567	18:00 - 19:30 M	3103343 3107001 3153272 3198918 3266668 3316953 3329365 3338009 3339354 3411108
001871	PK229	3422398	13:00 - 15:30 W	3103486 3105895 3318430 3339567
002368	PK338	1051497	18:30 - 21:15 T	3250074 3330298 3337390 3340716 3366138 3374569 3398070 3405829 3412557 3412644 3412835 3413022 3413356 3414016 3414811 3415125 3415870 3418094 3420380 3424520 3424594 3431060 3431155 3431303 3432796 3433501 3436227 3436311 3438084 3439356 3439636 3458122
002636	PK338	0827051	14:30 - 16:30 M	3104067 3112448 3129160 3224891 3356374 3395581 3405619 3416997 3418908 3429894 3431535 3433961 3435931 3437141 3438374
005853	TAYE	3212821	11:30 - 13:00 MWF	3104660 3227361 3236356 3340110
012886	TAYE	1084458	13:00 - 16:00 TTH	3104660 3198769 3413574
006049	TH110	0031526	19:30 - 21:30 MW	3105287 3334029 3340232
001165	TH110	0408816	13:30 - 16:00 TH	3105895 3217451 3223179 3224187 3311586 3323859 3338208 3354445 3355412 3358345 3397066 3398117 3417355 3432027 3435248 3439820
007923	PK229	0031539	19:30 - 21:00 T	3105958 3110781 3260429
003004	PK338	1083868	13:00 - 16:00 M	3106762 3159218 3172803 3192700 3202466 3212089 3224991 3225245 3227882 3228501 3228721 3256354 3258485 3259524 3269332 3314270 3329662 3329719 3338564 3339029 3339160 3339216 3411629 3413441 3415489 3417000 3417512 3418079
006045	TAYE	0031526	9:00 - 10:00 M-F	3106762 3116805 3236337 3314060 3314546
006872	PK180	0031347	13:00 - 16:00 M	
007396	PK338	0533723	8:00 - 9:00 TWTHF	3108046 3121829 3121847 3134508 3184966 3217450 3217652 3233965 3255755 3257543 3291024 3328955 3337334 3357367 3381424 3411254 3413014 3439328
003539	TH110	3443571	8:30 - 10:00 TTH	3109485 3248623 3311775 3375410 3438471
004393	PK180	3451416	14:00 - 16:00 W	3109485 3221546 3331117
011193	TH110	0431946	13:00 - 14:00 MWF	3110781 3118334 3217527 3225022 3225193 3340585 3405695 3425095 3426169 3434124
001768	TAYE	0027799	11:30 - 13:00 MW	3111592 3186604 3222282 3250683 3315530 3358228 3364639 3416374 3417042 3431740
004809	PK229	3194193	13:00 - 16:00 M	3111592 3121847 3198263 3223213 3436514 3438441 3438473
004803	PK229	0031373	13:00 - 15:30 TH	3112294 3218913 3396226 3404534 3411108 3429706 3432759 3435734 3437379 3439387 3439475 3439528 3439701
011299	PK338	0168763	18:00 - 19:30 M	3112294 3185597 3224950 3226945 3316273 3337781 3375410 3396460 3405145 3406042 3430401 3431740
002463	TAYE	0031373	19:30 - 21:00 T	3112448 3197293 3211369
012845	TH110	3195964	10:00 - 11:00 MWF	3112797 3116464 3134350 3159218 3161154 3211857 3218733 3222282 3278685 3310035 3314270 3389022 3415175 3415489
003033	TAYE	0492580	12:00 - 13:00 MWF	3112870 3158421 3162076 3219051
007041	PK180	0162976	13:00 - 15:30 TH	3112870 3260429 3338668
005214	TAYE	3447549	8:00 - 9:00 M-F	3112960 3227014
002470	TAYE	0697660	10:00 - 11:00 M-F	3113444 3173458 3177222 3197293 3326954 3418094 3433501
001152	PK338	3453004	11:30 - 13:00 TTH	3113981 3221725 3222195 3224187 3249454 3323191 3330767 3331180 3341874 3357453 3374040 3374194 3375389 3375544 3377851 3380697 3381424 3397066 3402266 3402721 3405248 3405619 3406406 3411646 3413255 3413598 3415849 3416536 3417003 3417075 3417355 3417933 3418264 3418499 3421153 3421604 3421770 3422289 3424363 3425219 3425356 3426718 3429602 3429732 3430944 3431158 3431448 3431535 3432040 3432243 3432759 3433539 3433663 3434428 3434468 3435070 3435161 3436119 3436158 3436260 3437827 3438020 3438068 3439283 3439701 3439899
003029	PK338	0492580	18:30 - 21:00 W	3114024 3159218 3225245 3227882 3228501 3324397 3329719
003433	PK338	0995587	13:00 - 16:00 F	3114024 3236337 3263080 3283602 3337335 3340316 3342814 3358378 3405604 3414068 3417284 3428820 3429832 3434210 3435397 3436158 3436212 3449263
012765	TH110	3433185	11:30 - 13:00 TTH	3115170 3186604 3247072 3250244 3330906 3337037 3342969 3354445 3389674 3411258 3416997 3417001
007374	PK338	0987494	19:00 - 21:00 T	3116065 3122279 3217450 3227364 3249123 3255755 3257543 3318430 3337781 3337851 3338175 3339074 3339814 3340533 3344151 3381424 3411018 3411254 3414068 3417003 3418907 3433929 3440116
001199	PK229	3447549	14:30 - 16:00 TTH	3116269 3223347 3350670 3364639 3415217 3440606
007106	TAYE	3447549	13:00 - 15:30 W	3116269 3339061 3339987 3340959 3374479
006035	TH110	0409737	8:00 - 9:00 M-F	3116464 3160150 3160245 3200235 3211884 3219051 3337912 3359188 3404179 3413193 3416354 3417135
012354	PK229	0031756	19:00 - 22:00 T	3118205 3225356 3369591
007910	PK229	0031539	14:00 - 16:00 TH	3118334 3129160 3269263
006524	PK229	3451414	14:00 - 16:00 T	3119160 3128777 3129544 3212786 3224418 3417314 3437365
012841	TAYE	3447549	12:00 - 14:00 M	3119160 3227767 3239492 3351574 3364639
005159	TAYE	0847173	16:00 - 18:00 T	3119907 3252368 3353511 3420884
005291	PK338	3451425	16:00 - 18:00 T	3125605 3163273 3227361 3311775 3367107
007391	TH110	0031631	12:00 - 13:00 MWF	3121847 3128188 3149956 3158316 3211731 3226257 3233965 3246608 3257543 3324484 3324812 3405248
002571	PK229	3398516	13:00 - 16:00 W	3122279 3223213 3329765 3423829
001546	PK338	0031756	19:00 - 21:00 M	3122354 3219743 3220795 3230579 3250514 3340838 3351809 3375629 3402583 3404341 3405422 3416232 3431080 3435628 3440175
002163	PK338	3415849	19:00 - 22:00 T	3122431 3221305 3234786 3250227 3257419 3258482 3267842 3295955 3314060 3314413 3323539 3324231 3337950 3338017 3340556
002164	PK338	0180723	19:00 - 22:00 M	3122431 3221305 3221725 3227364 3234786 3257419 3258482 3267842 3295955 3319023 3323539 3324231 3337950 3340556
011827	PK338	3415849	14:00 - 16:00 T	3122431 3201354 3221305 3221725 3234786 3257419 3258482 3267842 3295955 3314060 3314413 3323539 3324231 3337950 3340556
011319	PK229	0827051	14:00 - 16:00 F	3122835 3232841 3388921 3459730
004807	PK229	3092667	19:00 - 21:30 W	3125605 3176913 3202466 3369702 3415627 3421044 3423970 3426666 3429566 3429706
003026	PK338	0492580	13:00 - 15:30 T	3125668 3158421 3162076 3184641 3225245 3227882 3228115 3228501 3256354 3269332 3324397 3329662 3329719 3339216 3342833 3397442 3406196 3411108 3413193 3416658 3417055 3417717
001552	PK229	0129398	12:00 - 13:00 MWF	3125756 3134309 3224179 3340292 3404341 3405151 3413582
007070	PK229	0316015	19:00 - 21:30 TH	3126626 3161154 3221487 3263732 3269263 3337322 3338398 3340585 3414201
007043	PK229	3453711	8:30 - 10:00 TTH	3127208 3166052 3202052 3211821 3224179 3269263 3337322 3339987 3340003 3397992 3406073 3417791 3422414 3423970 3432243 3435627 3438550
002182	PK229	1167863	10:00 - 11:00 MWF	3127487 3212222 3220990 3221305 3314413 3340556
003464	TH110	0599596	16:00 - 17:30 TTH	3128777 3129759 3160884 3184966 3196460 3199401 3201565 3212786 3219120 3219305 3224418 3224476 3225713 3283549 3316620 3337912 3396036 3404179 3404364 3404976 3414467 3415619 3416073 3417359 3423970 3425578 3426717 3437781
007896	TAYE	0031539	13:00 - 14:30 TTH	3129160 3211731 3404279 3416598
004877	PK338	0031373	12:00 - 14:00 M	3129360 3177222 3197712 3199006 3199632
009231	TAYE	0697660	10:00 - 11:30 TTH	3133386 3211821 3417075
001157	PK229	1051497	9:00 - 10:00 M-F	3133451 3396226 3405619 3417172 3431226 3431535 3431651 3436683 3438020 3438100 3439280
003454	PK338	3393009	14:30 - 16:00 MW	3134217 3223454 3263080 3270555 3275705 3303344 3312800 3329409 3339567 3340316 3340683 3342814 3344264 3352054 3353145 3354609 3358228 3358345 3358378 3396206 3412670 3412755 3414467 3414657 3417273 3417284 3417338 3449263
012355	TAYE	0683480	11:00 - 12:30 MW	3134309 3201574
003460	PK229	3393009	19:00 - 22:00 M	3134461 3160012 3220362 3227669 3227767 3250514 3312777 3316620 3404204 3404341 3412755 3416286 3425114 3435380
010966	PK180	0775640	8:30 - 10:00 TTH	3142819 3203637 3417135
003445	TH110	0031359	13:00 - 14:00 T	3156597 3160245 3217605 3264390 3312519 3396208 3412670 3413980 3415766 3416073 3417273 3422414 3430142 3432759 3436930
005846	TH110	3212821	19:00 - 21:30 M	3160321 3163273 3198918 3254408 3413574 3430152 3431226 3436206 3436216 3438287 3438471
005197	PK229	1020104	13:00 - 14:00 MWF	3161051 3221418 3251781 3340096 3350298 3358345 3364124
011329	TH110	1165592	13:00 - 14:30 WF	3161154 3202052 3250498 3313406 3324360 3329409 3331179 3344264 3364124 3369702 3397066 3402583 3404364 3412523 3414657 3424318 3432595
001455	TAYE	0020093	10:00 - 11:30 M	3161291 3397586
012286	PK229	1165592	11:30 - 13:00 TTH	3162779 3202052 3219056 3219120 3234723 3250498 3358768
002941	TAYE	3421211	13:00 - 14:00 MWF	3162926 3211884 3228115 3330241 3337414 3382205
009263	PK229	3433185	13:00 - 15:30 T	3162926 3225121 3227361 3230579 3330906 3356374 3395299 3417001 3433961
003421	PK338	0024092	14:00 - 16:00 F	3172803 3231817 3252368 3375389 3406406 3414843 3415766 3417370 3421153 3429524 3432384 3437978
004356	PK229	0847593	13:00 - 16:00 MW	3173458 3250395 3287584 3366745 3375410 3380465 3405695 3406042 3415801 3416375 3439511 3439636
012883	TAYE	3421211	12:00 - 14:00 TH	3177222 3411154
004051	TAYE	0031486	16:00 - 17:30 TTH	3179084 3212197 3217514 3276264 3338205 3406042
008780	PK229	3451239	18:30 - 21:00 W	3180861 3213028 3315530 3343167 3396312 3416998 3417088 3438550
003014	PK338	3332662	19:00 - 21:30 M	3196371 3228501 3314270 3319602 3334029 3339029 3342984 3382662 3389022 3402910 3411136 3411629 3412825 3414016 3414273 3415489 3415615 3416658 3417000 3417299 3417338 3417717 3426649 3431078 3431651 3433829 3433945 3437089 3437827 3438473 3439528 3440075 3440409
004275	TH110	0031577	13:00 - 15:30 TH	3251757 3336765 3395942 3423676 3424318 3430953 3437252 3439820
004360	TAYE	0847593	13:00 - 15:30 TH	3196465 3252368 3344218 3369591 3412261 3414298 3422146 3425150 3428844
006850	TH110	0031347	18:00 - 20:00 T	3250395 3250498 3303344 3331179 3372100 3397334 3404386 3413283 3422289 3426658 3429566 3431750 3432077 3439364 3440508
004377	TAYE	3451416	14:00 - 16:00 M	3198263 3231318 3319863 3329365 3411159 3412557 3439364
009270	TH110	3310251	18:30 - 21:00 W	3198263 3255727 3358378 3397807 3417172 3425401 3426654 3430196 3437978 3438084 3439636
012758	TH110	0030512	12:00 - 14:00 M	3198769 3250395 3251757 3256354 3304568 3304946 3323859 3329686 3344941 3397586 3413283 3417553 3440508
008782	TAYE	0576472	19:00 - 21:00 T	3198776 3219743 3264390 3336765 3337335 3358756 3396312 3438442
002395	PK229	0263980	13:30 - 16:00 TH	3198788 3309945 3324289 3326954 3330241 3414016 3414124 3417299
005298	PK229	3452160	16:00 - 18:00 W	3252499 3283549 3323354 3329449 3339827 3340672
006849	PK338	0402773	12:00 - 14:00 TH	3198863 3250683 3260251 3341079 3359596 3405744 3415044 3415615 3416398 3417370 3430978 3431080 3432259 3432344 3439624
007007	PK338	3453289	19:30 - 21:00 T	3198918 3226945 3339061 3340324 3351895 3384120 3415407 3415801 3416375 3416896 3417001 3417355 3422964 3426213 3426244 3429834 3430298 3431078 3434428 3435313 3435722 3437591 3439387 3439670 3459730
005284	PK180	0031373	19:00 - 21:30 TH	3199412 3339827
012822	TAYE	3448653	19:00 - 21:00 M	3199454 3330318
004276	PK338	3393042	13:00 - 16:00 T	3199633 3248623 3252499 3312777 3323512 3339315 3340683 3344218 3375629 3396492 3399606 3402556 3402910 3404341 3406196 3406295 3411136 3411546 3412520 3413441 3415125 3415858 3415870 3416286 3416374 3416598 3416998 3420380 3423723 3426556 3426719 3432398 3432796 3436683 3438033 3438084 3438100 3439402
012818	PK229	3448653	14:00 - 16:00 W	3314570
001562	PK338	0129398	16:00 - 18:00 W	3198863 3200235 3223213 3225356 3257109 3314546 3337950 3340838 3351809 3401311 3404341 3404976 3405151 3431080 3431445 3432259 3438068 3440175
012353	TAYE	1168366	13:00 - 16:00 W	3201574
002695	PK180	3451416	9:00 - 10:00 MWF	3211821
012438	PK229	0770587	11:30 - 13:00 MWF	3212089 3340672 3343167 3397265 3431672 3434428
001448	PK229	0853792	10:00 - 11:30 M	3212095 3219927 3221499 3223179 3255465 3329686 3358339
011326	TAYE	1051497	19:00 - 22:00 T	3212197 3330298 3358960 3366138 3415144
004016	PK229	3442425	13:00 - 16:00 TH	3212483 3330355 3351574 3363977 3369702 3375629 3397442 3404179 3416424 3420025 3425578 3426556 3432796 3439364
006550	PK180	3451418	13:30 - 16:00 M	3212786 3222827 3422146
002562	TH110	0564741	9:00 - 10:00 MWF	3216872 3217578 3220739 3227297 3313406 3316953 3324271 3364991 3374470 3397012 3414395 3418908 3424363 3432301 3433251 3433539 3437591 3440023
001195	TH110	0031471	13:00 - 16:00 T	3217410 3225012 3263732 3275705 3396313 3396422 3397442 3405153 3412523 3416750 3417042 3431939 3432447 3435734 3437781 3438465 3438472 3438652
004872	TH110	0989327	16:00 - 18:00 T	3217514 3303344 3304568 3304629 3319863 3417097
011829	PK229	0103578	8:00 - 9:00 M-F	3218659 3219221
002464	TAYE	3208421	14:00 - 16:00 TH	3218974 3219871 3323345 3338398 3405829
003540	PK229	0024092	11:00 - 12:00 MWF	3219056 3231817 3234723 3250498 3324360 3396036 3402583 3412755
012843	PK180	3447549	11:00 - 12:00 MWF	3219743 3245617 3417512
002403	TAYE	1137952	11:30 - 13:00 TTH	3415769 3416658 3417299
012850	TH110	3455481	14:30 - 16:30 M	3219927 3227014 3250084 3364639 3380465 3382662 3415175 3418216 3418264 3424594 3432398 3434079 3439158 3439387 3440036
003560	TH110	0031359	14:00 - 16:00 W	3220362 3224227 3303344 3336765 3352054 3413283 3435183 3449263
001756	PK180	0254474	10:00 - 11:00 M-F	3220795 3225118 3269275 3324360 3434210
011333	PK180	0031573	13:00 - 16:00 T	3220795 3338668
011209	TAYE	0637692	18:00 - 20:00 T	3220990
011298	PK229	0058557	13:00 - 14:30 TTH	3221499 3255727 3269425 3352269 3379786 3382205 3425356 3426654
005191	TAYE	1137952	13:30 - 16:00 TH	3221756 3395624 3413356 3426556 3431740 3438652
005727	TAYE	0984701	9:00 - 10:00 MWF	3239404 3382410 3413774 3416398 3434124
006024	PK338	0301909	9:00 - 10:00 M-F	3222195 3270468 3322886 3330300 3331180 3331222 3340158 3355412 3359026 3360165 3374040 3378849 3396892 3404196 3404534 3404693 3412549 3412825 3413356 3413923 3414273 3416232 3416536 3417717 3418120 3418908 3420434 3420884 3421700 3421753 3425150 3426719 3429602 3430401 3430706 3430786 3431294 3431672 3432301 3433501 3433663 3433849 3434130 3435039 3435692 3436260 3436311 3436930 3437511 3437827 3438374 3439158 3439328 3439624 3439670 3439818 3440036 3440075 3440175 3440409
011311	PK229	3198619	11:00 - 12:00 MW	3222827 3260429 3352660 3411136 3418479
012813	TAYE	3451416	14:00 - 16:00 F	
004281	TH110	3092832	14:00 - 16:00 T	3330300 3331222 3338009 3340158
002872	TAYE	0847173	10:00 - 11:30 MW	3224227 3254408 3337322 3413574 3416375 3430978 3437329
004740	PK180	1084458	10:00 - 11:30 MW	
009296	TAYE	3310251	11:00 - 12:00 MWF	3224950 3254633 3323354 3405604 3414068 3418441
011328	TH110	1051497	13:00 - 14:30 TTH	3225302 3247072 3250244 3354445 3415858
002390	TAYE	0316015	14:30 - 16:00 TTH	3226257 3339315 3406073 3412835
003467	TAYE	3443571	13:00 - 16:00 TH	3226486 3433539 3435397
008774	TH110	0899465	19:00 - 22:00 M	3374194 3374470 3396313 3397066 3411158 3412864 3417284 3421604 3433251 3433945 3435070
012840	PK180	3451425	19:00 - 22:00 M	3227014
002572	PK229	3393847	12:00 - 14:00 M	3227211 3411646 3423829
011219	PK229	0168763	11:00 - 12:30 MW	3319602 3440075
012352	PK229	0129398	10:00 - 11:30 MW	3227211 3227297 3339354 3351809
011327	PK180	1051497	13:00 - 14:30 TTH	3227297 3260429 3412997
007032	TAYE	0031573	10:00 - 11:00 MWF	3227669 3249123 3374479 3396837 3418479 3435734 3439480 3439701
012033	PK180	3310251	11:30 - 13:00 TTH	3231318
001229	TAYE	1020104	13:00 - 16:00 T	3236337 3351809 3359596
011987	PK180	0004955	19:00 - 21:30 T	3236356 3374194
012890	PK180	1084458	8:00 - 9:00 TWTHF	3236356
013005	PK180	3443571	11:30 - 13:00 MW	3236356
002396	PK180	0020988	13:00 - 16:00 TH	3245992 3261631 3330298
009232	PK338	3208421	13:00 - 14:30 WF	3248623 3324289 3337334 3337390 3338762 3396492 3398070 3411546 3412835 3414016 3415769 3458122
004010	PK338	3442425	14:00 - 16:00 M	3249123 3251757 3338668 3354609 3404196 3414273 3415125 3417073 3417088 3418058 3419570 3420380 3425095 3425755 3430978 3431629 3431651 3434124 3434539 3435692 3436227 3436260 3436311 3437329 3437589 3437781 3439356 3439437 3439624
007882	TH110	0470839	13:00 - 16:00 M	3251781 3331686 3363924 3365824 3402583 3404279 3439158
001424	PK229	0020093	10:00 - 11:30 TTH	3252499 3338017 3374194 3417166 3421770 3425095 3425356 3426735 3432398 3436206 3436216 3437978 3438287
006523	TAYE	0031573	13:00 - 14:30 MW	3254408 3406295 3414657 3418058
004810	TAYE	1051497	13:30 - 16:00 M	3254633 3359026 3404364 3431133
005217	TAYE	0493856	8:30 - 10:00 TTH	3255465 3329449 3350812 3381424 3402266 3426658 3432782 3439528
006504	TH110	3451414	11:00 - 12:30 MW	3257543 3331179 3372100 3384120 3396208 3404642 3404828 3406295 3411059 3416640 3418117 3422964 3426169 3426556 3430142 3432040 3438287 3439818
012289	TH110	0409956	19:00 - 21:30 T	3258485 3270468 3291024 3322523 3381480 3413521
005264	PK180	1020104	9:00 - 10:00 M-F	3261773 3339827 3437701
013004	TAYE	3451416	14:00 - 16:00 W	3263080 3312800
011855	PK229	0020093	16:00 - 17:30 MW	3276264 3304946 3405744
012593	PK338	3425460	11:30 - 13:00 MW	3337463 3340096 3340797 3389674 3390102 3404732 3431155 3432238 3435922 3437141 3438472
012894	TAYE	0033033	14:00 - 16:30 W	3303699 3389574
004864	PK180	3451416	19:00 - 21:00 T	3304629
003448	TH110	0031359	19:00 - 21:00 T	3314570 3331071 3338504 3339061 3340292 3347973 3418145 3424318 3435183 3437252
001878	TAYE	0168763	19:00 - 21:30 W	3318430 3360165
012749	TAYE	3426520	14:30 - 16:30 M	3322886 3415217 3429532
004015	TH110	1167978	11:00 - 12:00 MWF	3331179 3353145 3411005 3414395 3417042 3417359 3418216 3426020 3431303 3432447 3435397 3436158 3436212 3436683
007365	PK338	0603646	13:00 - 15:30 TH	3337037 3340324 3341079 3341634 3342969 3352904 3397992 3404693 3405151 3406073 3411158 3413356 3414201 3416640 3416997 3417055 3417097 3417336 3418120 3418264 3418908 3420037 3421604 3422414 3422964 3426244 3429524 3429832 3430142 3430152 3430383 3431060 3431260 3431535 3431828 3432622 3433251 3435380 3435397 3435931 3437089 3437295 3437511 3437589 3437591 3437701 3438374 3438443 3438589 3439280 3439437 3439636
002653	PK229	0576472	10:00 - 11:00 M-F	3338564 3374470 3404204 3413774 3413980 3414238 3414395 3418216 3431226 3432782 3436158 3438287 3438471
002420	TAYE	0695890	13:00 - 16:00 M	3338762 3396492
003406	PK338	3320456	19:00 - 21:30 W	3421604 3431750 3431939 3432622 3434468 3438441 3438465 3439283 3439899
001559	TAYE	0031756	13:00 - 15:30 T	3339354
010859	TH110	0402773	19:30 - 21:00 T	3339354 3414278 3425364 3425755
005850	TAYE	3102393	19:00 - 22:00 M	3340449 3353511 3374040 3396036 3397334 3397586 3413283 3414657 3415852 3429602 3435366
013059	PK180	3458402	10:00 - 11:30 TTH	3343577 3358768
004661	TAYE	3455481	19:30 - 21:30 MW	3350670
008790	PK180	3194197	14:00 - 16:00 T	3350812
001749	TH110	3460008	13:00 - 16:00 W	3429524 3429566 3431303 3434210 3435627
012847	PK180	3447549	14:30 - 16:00 TTH	3380465
008799	TAYE	0031572	8:00 - 9:00 TWTHF	3397565 3417003 3426666
002393	TAYE	3332662	14:00 - 16:00 T	3398070 3411546 3414811
009225	TH110	1061058	13:00 - 16:00 TH	3404279 3413771 3426244 3426718 3429832 3432622 3433788 3437141 3438443
011335	TAYE	0031573	18:30 - 21:00 W	3412874
001242	PK180	3208421	13:00 - 14:30 MW	3414811
012762	PK180	3421211	13:30 - 16:00 TH	3417075
005120	PK180	3400071	13:00 - 15:30 W	
012594	PK229	3425460	16:00 - 18:00 T	3420940 3432077 3432447 3435366
012846	PK180	3447549	14:30 - 16:30 M	3430953
012748	TAYE	3426520	18:00 - 19:30 M	3434079
006019	PK180	0856198	13:00 - 15:30 T	
