Course	Room	Teacher	Time	Students
004355	PK20	0847593	12:00 - 13:00 MWF	3417643 3572330 3914344 3929815 3817969 3693241 3914814 3695282 3816832 3903861 3227350 4096251 3671929 3822201 3893220 3915099 3928826 4062047
015865	PK349	3476032	14:00 - 17:30 T	3417643 3693224 3693253 3695784 3817682 3931929 3774021 3818762 3830308 3631101 3606350 3693565 3797877 3910500 3910525 3910707 4086222 3574483
005847	PK20	0031582	13:00 - 15:00 TH	3464954 3816992 3581315 3758075 3824908 3635012 3905460 3904389 3931451 4000862 4002909 4003534 4037591 4090730 3559872
007010	PK20	0162976	13:00 - 16:00 F	3464954 3814239 3821687 3852520 3902759 3910179 3913210 3908117 3912597 3846234 3930083 3817427 3930967 3834370 3905885 3913862 3930026 4086457 3768620 3821273 3915043 3930025 4086499
013613	PK349	0492580	12:00 - 14:00 M	3464954 3819177 3820588 3914813 3915267 3930034 3851913 3928890 3930168 3914724 3823271 3823402 3666161 3797767 3910561 3910588 3910740 4086332
007380	PK349	0987494	15:30 - 17:30 TH	3480592 3904320 3797429 3823755 3576460 3910463 3789573 3821766 4175290
014534	PK20	0031631	16:00 - 17:00 W	3480592 3629467 3818746 3774116 3797429 3645720 3816970 3821088 3693185 3928966 3559464 3595163 3663306 3689328 3851846 3930302 3797681 3910474 3910506 3910583 3910680 4086307 4086355 4002075 3821766 4086272
001844	PK20	3926311	14:30 - 16:00 W	3481664 3759024 3768625 3858042 3788897 3913863 3913164 3930841 3813457 3910595 4086305 4086471
001894	PK349	3483424	9:00 - 12:30 TH	3481664 3580211 3651487 3953805 3668420 3596713 3581967
013918	PK278	3392421	14:00 - 16:00 W	3481664 3694415 3651033 3669016 3797653 3910617 3910646 3690789 4175491 3819542
001753	PK278	3896859	13:00 - 16:30 W	3483042 3557742 3903896 3929704 3857764 3851907
001767	PK278	3474008	13:00 - 14:00 M	3483059 3694741 3930034 3819304 3796974 3904620 3910544 3910589 3995827 4095047 3797598
008770	PK20	3194197	13:30 - 16:30 T	3823405 3226303 3579867 3690806 3458065 3799593 3914724 3817261 3589576 4086314 3901936 3914552 3969012 4014851 4091163 3917445 3903833
015246	PK20	0820103	13:00 - 14:00 W	3483059 3559319 3667453 3695027 3717137 3722992 3788743 3904411 3929812 3823405 3796148 3931959 3693813 3819613 3839352 3901004 3691983 3692761 3930469 3807883 3905868 3914371 3930891 3591844 3694780 3814296 3818807 3823151 3904620 3910848 3930220 3903986 3797719 4086474 4090844 3467384 3929894
002472	PK349	0493725	19:00 - 21:00 W	3483977 3580798 3591436 3595071 3606293 3668623 3694481 3226303 3693280 3689919 3639772 3598090 3498974 3653119 3691514 3666161 3668826 3668831 3797645 3797692 3797744 3797829 3797849 3797856 3668849
014969	PK349	0493725	14:30 - 16:00 MW	3483977 3821006 3931474 3598090 3797645 3797752 3797849 3910563
015501	PK349	1168592	13:00 - 14:30 W	3483977 3595071 3929241 3931474 3820756 3716057 3596713 3694039 3797692 3797745 3797829 4086301
002160	PK20	1083806	13:00 - 16:00 M	3489089 3491953 3521001 3608097 3610120 3638301 3693084 3694712 3695145 3716140 3717137 3789529 3821231 3843290 3852791 3901691 3914344 3914515 3929812 3929815 3930547 3930608 3693712 3764208 3818025 3930678 3995730 3694428 3799474 3817969 3818024 3722764 3808480 3833378 3852207 3929679 3789283 3915029 3930544 3458065 3773692 3796247 3929704 3902440 3903994 3914251 3929849 3774808 3801768 3818807 3819393 3820768 3861195 3929586 3929954 3930302 3910582 4086300 3994876 3691794 3790244 3789175
008427	PK20	4177943	13:00 - 16:00 TH	3489089 3638301 3843290 3915044 3819353 3929644 3823262 3902404 3695022 3814296 3817419 3817487 3814107 3910582 4096358 3652339
008500	PK20	0031619	9:00 - 12:30 T	3489089 3575259 3581497 3602816 3652396 3668366 3693253 3692786 3559903 3488858 3689329 3597215 3691140 3666207 3797676 3797720 3797784
001473	PK349	3555417	19:00 - 20:00 TH	3491953 3582182 3650256 3666175 3668386 3608602 3650736 3639603
011865	PK20	3646542	17:30 - 19:00 MW	3491953 3651365 3651439 3675467 3631042 3693557 3579645 3822912 3694810 3816993 3820885 3694039 3910595 3454433
005310	PK349	1020104	17:30 - 19:00 MW	3493764 3580671 3667381 3667677 3668538 3690516 3693092 3695542 3581247 3581981
004279	PK20	3818521	13:00 - 14:30 F	3496673 3675467 3929812 3693557 3579645 3823391 3910870 3579867 3816993 3823094 3929864 3910595 4086216 4086249
001899	PK349	0409956	14:00 - 16:00 W	3497993 3560256 3608097 3694432 3817668 3692440 3652276 3689375 3694428 3559464 3591211
015830	PK20	3646540	13:00 - 16:30 TH	3497993 3652273 3668420 3705083 3725997 3631215 3768515 3796237 3907037 3930817 3768356 3905715 3819393 3861195 3816466
001839	PK20	0898918	9:45 - 11:15 TTH	3521001 3606536 3608097 3611135 3652353 3666570 3680751 3694432 3694712 3695145 3708949 3785953 3789529 3820732 3843290 3854723 3693712 3764208 3818025 3821097 3818024 3821254 3693813 3493748 3833378 3796247 3797164 3801768 3818064 3818807 3419024
006846	PK20	4171980	11:00 - 12:00 MWF	3580211 3710991 3715444 3789806 3816483 3821166 3846717 3930608 3692440 3930678 3930864 3799474 3854016 3722764 3852207 3915029 3930544 3722926 3902440 3929849 3591211 3774808 3929586 3930865 3797587 3797708 3797718 3910575 3910588 3910647 3910666 3910742 4086280 3910501 4093806 3869959 3915043 4086285 3910640
008778	PK349	3996107	19:00 - 22:00 M	3521001 3823130 3910343 3823438 3818807 4086229 3910634 4092894
003469	PK20	3092941	16:00 - 17:30 W	3544262 3699561 3797324 3914968 3762625 3790792 3929635 3678350 3694101 3768303 3910687 4043326 4090975 3655749
003474	PK349	3318436	14:30 - 16:00 W	3544262 3789507 3581274 3581389 3652373 3797749
003572	PK20	0897399	13:00 - 15:30 F	3544262 3557742 3629970 3652473 3667404 3690020 3692519 3692766 3694980 3821729 3592325 3581389 3690733 3634695 3768555 3560234 3694813 3600785 3691983 3692761 3693612 3694798 3630915 3694101 3616872 3652373 3689402 3695292 3602435 3619323 3650874 3455037 3851907
002878	PK349	3470325	13:00 - 16:00 TTH	3557742 3650997 3656490 3667311 3606418 3669280 3797586 3797755 3797794 3652177
014125	PK349	3555417	14:00 - 17:30 M	3557742 3656490 3667311 3816554 3797737 3797755 3929739 3973360
001248	PK278	0135660	16:00 - 18:00 M	3558796 3560256 3651293 3692756 3693473 3599090 3695539 3580586
014785	PK278	3814283	15:00 - 16:30 F	3544262 3558796 3694791 3796237 3668763 4096769 3652177
015837	PK278	3577228	16:30 - 18:00 TH	3558796 3560256 3929165 3821254 3820397
015840	PK278	3577228	10:45 - 12:45 T	3558796 3630526 3692756 3931971 3576990 3797666 3797711
008824	PK278	0031572	11:00 - 12:00 MWF	3559225 3691981 3691962 3693856 3797642
008812	PK278	0576472	12:45 - 14:15 TTH	3559319 3692766 3692786 3561430 3790792 3690204 3693856 3820961 3652350 3797616 3797684 3797719 3797862 4086478 3797665 3692018 3797642
013192	PK20	0428815	14:30 - 16:00 F	3560256 3611135 3629467 3652353 3668196 3817668 3820732 3846717 3930864 3581967
006573	PK278	0031399	12:00 - 13:00 MW	3572330 3692285 3694433 3819676 3797640 3930485
006042	PK20	3818520	13:00 - 15:30 W	3574519 3602816 3629951 3632881 3649880 3651465 3651487 3651499 3667273 3691748 3691981 3692098 3692862 3694432 3695368 3716140 3816483 3817637 3821077 3821179 3824188 3915267 3929979 3574349 3576002 3651243 3693789 3820965 3581375 3774021 3821047 3821439 3710476 3796906 3492361 3789283 3821643 3928890 3492423 3651605 3667464 3691783 3693902 3578392 3768303 3956133 4086346 4170471 3797830 3820963
011310	PK20	0207327	19:00 - 21:00 W	3574519 3667273 3690799 3691981 3692098 3694236 3695368 3695543 3475959 3576002 3651243 3693789 3629518 3691575 3581375 3695285 3821643 3462565 3628726 3492423 3651605 3691783 3578252 3797727 3797740 3691416 3694006 3797830 3797872 3695373
008479	PK20	0031619	13:00 - 14:00 T	3575259 3579092 3668366 3690020 3709927 3821048 3929167 3930721 3689329 3816463 3597215 3691140 3666207 3668130 3790492 3817419 3818771 3668845 3797676 3797720
003275	PK278	1061861	9:00 - 12:30 TH	3578240 3602816 3902439 3931323 3692294 3929810 3903092 3903986 3502364 3797662 3797684 3910506 3910712 3910769 4086484 3576431 3580586
006044	PK20	0554585	12:45 - 14:00 T	3578240 3610120 3692862 3694432 3788990 3817507 3818480 3821077 3903896 3930303 3820965 3579864 3616918 3694428 3710476 3695285 3929679 3694289 3789283 3818773 3667464 3668378 3797628 3797649 3797740 3797871 3929468
006059	PK20	0031526	13:00 - 16:00 TTH	3578240 3581282 3694236 3694417 3694432 3695543 3475959 3574349 3579864 3616918 3629518 3581375 3595641 3492361 3694289 3462565 3492423 3651605 3578252 3797830 3789055
010844	PK278	0409737	19:00 - 21:00 W	3578240 3602816 3818480 3931962 3715155 3822912 3820885 3632720 3956133 3660063 3797705 3910639 3910759 3558739
007377	PK349	0031522	9:00 - 10:00 MWF	3579092 3694712 3728679 3914515 3819598 3915036 4091039 3929419 3678350 3630501 3695539 3724014 3807883 3816970 3908300 3914354 3693185 3788616 3559172 3816181 3929102 3797826 3910630 4086253 4086326 4086398 4086480 3789573 3821766 3823278 3910502 4086312
008420	PK20	0125630	19:00 - 22:00 M	3579092 3709927 3781152 3785953 3929167 3818122 3823387 3913606 3929419 3823755 3915203 3502364 3668845 3910462 3910470 3910483 3902196 3931666 3960504 3987067 3994726 4001999 4090730 4093370 4094796 4095472 3857764
001847	PK20	3483424	14:00 - 16:00 F	3580211 3651487 3666570 3680751 3715444 3817668 3823130 3902439 3906818 3915040 3771823 3821097 3930864 3799593 3863747 3902911 3596713 3816108 3818064 3910738 4096913 4174206
005845	PK20	3212821	12:00 - 14:00 TH	3580671 3930047 4078277 4092771 4093970 4095301 3820380
013164	PK338	3470325	16:00 - 17:30 T	3580671 3816992 3930705 3910550 3910745 4044087
013635	PK278	3555097	10:45 - 12:45 W	3580796 3668538 3821687 3913786 3930102 3823271 3797667 3910463 3910769 3903833 3930216
002367	PK20	0493725	11:30 - 13:00 MW	3580798 3905822 3929800 3910185 3792406 3821632 3839910 3904251 3914750 3822886 3910514 3910691 4086333 4086365 4086374 4086450 3878563 3881459 3901936 3913138 3929739 3969305 3975519 3988063 3995827 4000812 4002166 4002914 4003130 4026411 4044003 4091784 4091899 4092144 4092675 4093165 4093324 4093423 4093806 4094012 4094175 4094815 4095083 3821273 4176079 3768339
001151	PK20	0031388	8:15 - 9:45 TTH	3581265 3651465 3668365 3796007 3797324 3827187 3900952 3903909 3913396 3914968 3915332 3930547 3930608 3930721 3672031 3819367 3699567 3762625 3910937 3929222 3666995 3759337 3816832 3843810 3901722 3913159 3929586 4086270 4096251 4096769 4086513 4091163 4091773 4092767 4093126 4095004 4095424 4095965 4096631 3931064
011294	PK349	0135660	12:00 - 13:00 MWF	3581497 3699567 3823228 3692915 3694668 3910613 3910738 4096913 3662757 3797867 3931064
015115	PK278	0820103	14:15 - 15:45 TTH	3581497 3610287 3693084 3694434 3728679 3816336 3817260 3694384 3630501 3689920 3578191 3768356 3797605 3693433
002166	PK20	0428815	14:15 - 15:45 TTH	3591774 3710991 3721962 3768197 3816554 3820588 3821069 3821166 3915054 3693789 3716638 3817962 3821440 3861339 3821197 3651605 3650239 3722926 3797620 3797718 3797716
007125	PK20	0162976	10:45 - 12:45 T	3601391 3666520 3692849 3694980 3695529 3592325 3609553 3694073 3695345 3498772 3687862 3580346 3790492 3910717 3454433 3819542 3581851
007127	PK20	0162976	13:00 - 14:00 MW	3601391 3606148 3652273 3666520 3667608 3692849 3694318 3694481 3695529 3822122 3493931 3606290 3690800 3694073 3631101 3599536 3580346 3606350 3618222 3635012 3695022 3797673 3454433
014551	PK278	0492451	14:30 - 16:00 MW	3693219 3667749 3901669 3908117 3931959 3581375 3693280 3462565 3823228 3693856 3797662 3797705 3797720 3913674 3430527
015420	PK338	0028980	13:00 - 14:30 MW	3601391 3631101 3903092 3816181 3797745 3910548
011838	PK278	0031619	16:00 - 17:00 W	3602816 3678350 3816486 3822218 3818771 3930865 3668763 4086484 3913781 3652339 3817087 3820858 3914822
004065	PK278	3197197	9:45 - 11:15 TTH	3606148 3914166 3666801 3695282
002182	PK349	4090501	14:30 - 16:00 F	3496673 3606536 3648550 3656490 3690043 3792350 3693813 3694903 3493748 3690806 3689500 3460343 3591844 3667503
011826	PK20	3415849	16:00 - 17:30 T	3606536 3656490 3710991 3721962 3768197 3816554 3821069 3821166 3716638 3817962 3821440 3821197 3722926 3632720 3820380
012895	PK349	3648157	13:00 - 16:30 TH	3621523 3629467 3651750 3668196 3671851 3693084 3693219 3693224 3695784 3712913 3796007 3796723 3930705 3690733 3789464 3821088 3692915 3790863 3797786 3797862 3910712
006867	PK278	0402773	13:00 - 14:30 MW	3820965 3694738 3667464 3690719 3910701
001840	PK20	0056992	14:00 - 17:30 M	3822778 3860357 3930547 3931962 3914696 3689893 3902911 3795919 3929235 3913807 3820858 3909951 3910553
002151	PK20	3415849	10:00 - 11:30 MW	3619255 3851345 3858715 3902439 3902905 3915040 3631042 3771823 3818122 3915088 3823391 3912597 3930674 3910185 3911054 3845742 3930083 3823307 3799593 3863747 3759092 3788616 3823094 3905871 3789493 3816108 3901413 3913815 3929864 3930831 3881459 3890005 3902196 3913768 3914552 3931666 3964186 3969012 4002094 4002204 4002914 4003188 4014851 4041708 4043326 4050929 4091785 4091996 4093973 4094640 4094813 4095071 4095301 4095930 4096913 3910347 3930025
004888	PK349	0032827	10:00 - 11:30 MW	3619718 3638956 3694741 3695643 3597302 3597365 3642332 3397771 3645720 3519726 3691694 3693565 3797644 3797752 3411886 3655749
004082	PK278	3646540	19:00 - 22:00 T	3606148 3629467 3692849 3695529 3666801 3652373 3695282 3797805
015841	PK278	3577228	14:30 - 16:00 TTH	3629951 3816180 3931688 3814776 3929419 3931001 3929222 3419024 3910712 4086443 3797704 3821552
001768	PK349	3474420	13:00 - 15:00 W	3629970 3694828 3789464 3693612 3694798 3871577 3931889 3616872 3823228 3901481 3602435 3665045 4086331 4086410
003533	PK20	0897706	19:00 - 21:00 M	3629970 3692766 3592325 3819230 3931158 3690733 3768555 3693612 3581315 3694101 3768088 3773692 3616872 3650874 3768303 3578910
004725	PK349	3194197	14:30 - 16:00 M	3580211 3630526 3816708 3823755 3910937 3668130 3903861 3668845 3797605 3797753 3797784 3910478 3910568 3816174 3965315 4090730 3821766
014542	PK278	0254151	16:00 - 17:30 T	3630526 3668365 3995730 3715155 3690516 3792443 3793534 3930731
007026	PK349	3198619	9:00 - 12:30 T	3632103 3690799 3910179 3915267 3758045 3904320 3889653 3904334 3846234 3821588 3860451 3797084 3821886 3904254 3797722 3910510 4086503 4174898 3768620 3797697 3797762
011035	PK20	3998660	13:00 - 15:00 W	3632103 3695145 3708949 3759552 3817507 3848104 3915332 3691925 3847728 3914875 3774116 3818773 3906250 3795919 3813457 3826470 3930260 3708638 3815902 3823151 3904254 3905460 3811886 4086374 4091767 4091877 4091895 4093126 4095071 3917445 3929883 4180466 4175428 3820257 4086504
006508	PK349	0031478	13:00 - 16:00 TH	3632881 3715444 3930674 3816963 3458065 3821393 3599536 3915028 4170477
012291	PK278	0409956	19:00 - 21:00 T	3638301 3816336 3788897 3652276 3821254 3694668 3660063 3797691 3797714 3797739 3910493 3579592 3694754 3581967
011531	PK278	0431946	14:00 - 16:00 TH	3638956 3863747 3645720 4079295 3821589 3655749
012729	PK338	3996795	12:00 - 14:00 M	3638956 3914166 3597302 3797690
002951	PK338	3555097	15:30 - 17:30 TH	3649568 3689991 3667674 3577984 3695554 3797667 3797861 4086506
012665	PK278	3332662	13:00 - 15:00 TH	3649880 3694415 3578392
015891	PK278	4086857	12:00 - 14:00 W	3649880 3930054 3910519 3914739 4086223 4086225 4086240 4086260 4086267 4086276 4086303 4086433 4086482 4086277 4086284 3910688 3930767 4086356
012034	PK20	4092864	16:00 - 17:30 TTH	3650256 3666175 3692862 3730202 3768588 3768625 3796732 3903909 3953805 3910185 3690806 3695539 3851735 3911048 3789246 3797164 3905868 3651606 3910738
015876	PK338	4168993	9:00 - 12:30 T	3650256 4086393
004739	PK278	1084458	18:00 - 19:00 W	3650997 3606418 3797651
015877	PK278	4168993	11:30 - 13:00 MW	3650997 3827187 3820958 3695282 3821180 3930052 3910630 4095001 3790825
013636	PK338	0605187	13:00 - 14:00 T	3651293 3579645 3580346 3797624 3797723 3797785 3910507 3910722 4086295 4093324 3797656 3797823 3910661
006026	PK20	0213446	16:30 - 18:00 TH	3651439 3668365 3692164 3781152 3797564 3815949 3816203 3819628 3821069 3902759 3903909 3672031 3819367 3904101 3913606 3914696 3931158 3689375 3889653 3693280 3931001 3929575 3692852 3930469 3758075 3903092 3915038 3639603 3902404 3914371 3792443 3811941 3819393 3819676 3652350 3797692 3797760 3797716
002562	PK20	0564741	14:00 - 17:30 T	3695201 3823092 3914754 3904645 3903520 3710476 3914676 3689500 3915026 3775417 3790857 3929102 3910662 4086464 3881597 3887957 3922150 3931449 3931836 3931946 3973885 3976786 3984532 3994843 4000502 4001958 4002113 4035604 4092004 4092795 4093136 4093282 4093611 4094815 4095080 4095088 4095234 4095309 4095985 4077315 3821589 4086245 3691241
010851	PK20	3470402	15:30 - 17:30 TH	3651465 3788990 3818480 3821077 3796906 3631215 3668378 3691783 3903994 3797801 3797824 3820963 3820257
015851	PK278	0162977	14:00 - 17:30 T	3651816 3667676 3722992 3796723 3820729 3705083 3797680 3910677 4087169 3467384 3694754
015422	PK349	0028980	10:45 - 12:45 W	3652396 3668366 3693253
015512	PK349	3996563	13:00 - 16:00 M	3652396 3652473 3668365 3692514 3692756 3915040 3930162 3651412 3814776 3796906 3929644 3576990 3559172 3668130 3759337 3814296 3817419 3817487 3901722 4086245 3580586
015859	PK278	3839981	13:00 - 15:30 F	3652396 3693219 3820405 3929167 3693280 3597215 3817427
002162	PK20	0168378	19:00 - 21:00 T	3656490 3721962 3768197 3816554 3821069 3821166 3716638 3817962 3821440 3861339 3821197 3820380
003454	PK278	0599596	13:00 - 16:00 W	3667311 3759552 3764613 3819628 3691228 3856450 3823311 3819372
012886	PK278	1084458	9:00 - 10:00 MWF	3668386 3819230 3797586 3904102 4170472 3652177
005215	PK349	3555097	13:00 - 14:30 F	3666570 3667381 3475959 3820395 3693092 3695542 3910612 4094613 4095445 4095985 3910558
013620	PK278	1020104	13:00 - 16:00 F	3667381 3668538 3690799 3816924 3820588 3822122 3694813 3930890 3860451 3797649 3910556 3910647 4086445 4086449 4174897
004036	PK338	3460456	14:30 - 16:00 M	3667453 3816722 3816960 3819177 3792350 3486653 3793612 3768034 3694668 3821180
011528	PK338	0431946	14:00 - 16:00 F	3667453 3929575 3823438 3669280
005258	PK338	4170165	14:15 - 15:45 TTH	3417643 3667608 3797685
007060	PK338	0031573	10:00 - 11:30 MW	3667608 3693501 3694318 3910561
004013	PK349	3460456	19:00 - 22:00 T	3667676 3851345 3913210 3913185 3928911 3930083 3914354 3904254 3910321 3930042 3885128 3915155 4000336 4002075 4070957 4075429 3909951 4175441 3930135
004840	PK278	0697660	19:00 - 20:00 TH	3667676 3910630 3910691 4094175
006587	PK278	0031399	19:00 - 21:00 MW	3668195 3692285 3692514 3493931 3690800 3592208 3694798 3668812 3797806
014784	PK349	3814283	14:00 - 15:30 T	3915040 3397771 3695539 3869959 4086391
002415	PK349	1051497	13:00 - 15:30 T	3668623 3816722 3846920 3929800 3597365 3913863 3818805 3911124 3692380 3756293 3797590 3797692 3822886 3910645 4086214 4086301 4086333 3820010
004280	PK349	0949010	13:00 - 14:30 MW	3675467 3631042 3797266 3759092 3821269 3929864 3797728 3797831 3910605 4086249 4086340 4000229
003427	PK349	3818518	14:00 - 16:00 F	3652473 3690020 3797564 3852217 3929165 3651412 3599090 3901004 3694813 3915038 3930891 3797719 3797855 3929572 3620520 3819542 3914525
003554	PK349	0599596	14:00 - 16:00 M	3667404 3667677 3690020 3692766 3693891 3797564 3691228 3694813 3818675 3819304 3797855 3797877 3620520 3910604
013214	PK278	3470325	13:00 - 14:00 W	3832060 3797192 3844962 3904102 3559872
013616	PK278	0375562	15:30 - 17:30 TH	3691748 3694415 3695027 3817637 3820405 3821359 3695510 3690778 3797674
004283	PK349	1165566	13:00 - 15:30 F	3823130 3914968 3823391 3579867 3930841 3694810 3691140 3821269 3632720 3913862 3797629 3797848 3910497 3910762 4000229 3797611 3797648 4086505
013171	PK20	3092941	16:00 - 18:00 M	3692519 3759552 3819628 3821729 3578714 3634695 3600785 3692761 3630915 3619323 3650874 3665045 3796974 3815902 3561026 3819372
012730	PK278	3996795	12:00 - 13:00 MWF	3692756 3797324 3819628 3789175
007381	PK20	0031611	15:00 - 16:30 F	3651750 3652353 3667453 3693219 3694712 3712913 3722992 3788743 3818746 3820729 3822778 3904965 3913396 3931962 3576002 3596492 3904320 3915036 3930705 3817969 3854016 3911054 3722764 3819613 3592208 3600785 3797192 3630501 3651605 3724014 3578191 3929235 3559464 3650228 3689328 3910848 3913807 3576460 3797619 3910538 3910583 4086480 3797803 3910347
004285	PK349	0802802	19:00 - 21:00 M	3693473 3930683 3759092 3639603 3769368 3902667 3789439 3455037 3721994 3797631 3910556 4086301 4086488 4092823 3789573 3667606 3914525
007006	PK20	3996726	14:00 - 16:00 M	3693501 3821687 3913606 3819353 3668130 4096266 3928826 3931449 3953825 4000862 4003131 4003415 4023438 4043840 4050929 4070957 4091163 4093970 4095302 4095309
015853	PK338	3927894	8:15 - 9:45 TTH	3693501 3820405 3914745 3691925 3930083 3768356 3860451 3910663 4086296 4086503 3797331
015444	PK278	0162976	13:00 - 16:00 T	3694415 3695345 3498772 3694012 3695434 3797666 3581851
006038	PK278	3393847	11:15 - 12:45 TTH	3694417 3821044 3692796 3910569 3910715 4086358 4086378 4086400 4086448 4086496 3929468 4086359
007081	PK338	0316015	13:00 - 16:00 T	3611135 3694481 3815949 3488858 3687862 3618222 3797772 3797824 3797835
006023	PK20	3839982	12:45 - 14:15 TTH	3694741 3764613 3797206 3832060 3901484 3901691 3914745 3914928 3915044 3758045 3819230 3579645 3930301 3995730 3652276 3821254 3911054 3901004 3576990 3807883 3816708 3816970 3929704 3813457 3902667 3905715 3930237 3930260 3930891 3790492 3823151 3904254 3915203 3930026 3930220 3692380 3910617 3930190 4086216 4086357 4086457 3910646 3880322 3884178 3885128 3890005 3894530 3901731 3904324 3904389 3910427 3913768 3914449 3915711 3920306 3928949 3929289 3931451 3964183 3968696 3969012 3969305 3987067 3991180 3994726 4000195 4000763 4000998 4001654 4002204 4003045 4035604 4087228 4089004 4091784 4091899 4092144 4092633 4093015 4093159 4093161 4093282 4093611 4093973 4094012 4094613 4094640 4094813 4095001 4095053 4095079 4095088 4095133 4095206 4095425 4095897 3691794 3891249 3928589 3988502 4175388 4175389 4175393 3581247 3909951 4175344 4175478 4175502 4175322
015881	PK349	0247216	13:00 - 16:00 T	3619718 3694741 3695643 3816860 3642332 3645720 3693565 3821886 4086370 3609410
011305	PK349	0029059	16:00 - 17:30 W	3694791 3789507 3852791 3581274 3796148 3856450 3689893 3821088 3652373 3797634 4001881
004809	PK349	3194193	11:00 - 12:00 MWF	3695201 3930162 3788919 3486653 3692852 3906250 3616872 3759337 3834370 3910497 3910511 4086270 3910646 3823338 4000483 4003199 4023381 4037411
015113	PK349	0820103	19:00 - 21:30 T	3597302 3819598 4091039 3690733 3930042 3910567 4017901 4093973 3620520 3929894 3790244 3578910 4176465
003445	PK278	0031359	13:00 - 16:00 TH	3699561 3904411 3930303 3691228 3773692 3914724 3652373 3818675 4086410 4095965
015867	PK338	4168989	16:30 - 18:00 TH	3652473 3699561 3691962
013185	PK349	0125630	13:00 - 15:00 T	3709927 3818122 3816463 3817419 3910470 3910483
014113	PK349	0827051	13:00 - 16:00 F	3712905 3905822 3576990 3823307 3930469 3818064 3910463 4086230 4086303 4086336 4086337 3901577 3931466 4041708 3820963 4175385 4175466 4086385
015888	PK20	4170297	10:45 - 12:45 W	3692285 3715444 3789529 3818024 3819304 3596713 3690346 3797671 3797825 3797849 3910544 4086506 3790244
007391	PK20	0031631	19:00 - 21:00 MW	3712913 3717137 3722992 3796007 3816924 3816992 3817682 3818746 3820729 3821231 4091039 3931323 3651033 3724014 3768088 3816970 3821016 3693185 3559464 3595163 3620017 3689328 3690652 3692187 3694780 3797612
014567	PK20	0898918	19:00 - 20:30 TTH	3716140 3721962 3821729 3851345 3852791 3902905 3914344 3914515 3915054 3821440 3912597 3817969 3854016 3910185 3808480 3789283 3823307 3823438 3914502 3914814 3795919 3823228 3903994 3928966 3929222 3460343 3653119 3819393 3861195 3901722 3930302 3930865 3797718 3910617 4086314 4086477 3560236 3822201 3847931 3883991 3901731 3904324 3905830 3914552 3915099 3915711 3918056 3921208 3923376 3931453 3931466 3931946 3957394 3968696 3970633 3989696 3994726 3995568 3995802 4001588 4001999 4002075 4002094 4002909 4003130 4040430 4043549 4088956 4091805 4092290 4092767 4093015 4093026 4093066 4093136 4093161 4093612 4093989 4095053 4095086 4095309 4095472 4095876 4095897 4095930 3619216 3928589 4077315 3821273 3930253 4086499
003014	PK278	3332662	10:00 - 11:30 MW	3730202 3820405 3820588 3914754 3667749 3819598 3577703 3630501 3930168 3914354 3789246 3694012 3930042 3689944 3763675 3797602 3797634 3797666 3797733 3910468 3910667 4093370 3910661
007372	PK349	0603646	13:00 - 16:00 W	3797564 3817682 3818480 3901691 3797168 3931323 3931959 3774021 3846234 3790792 3931001 3822995 3821016 3931889 3915028 3903986 3956133 3797748 3797785 3910537 3910548 3910707 4086314 3574483 3580407 3910603
004359	PK349	0847593	12:00 - 14:00 TH	3764613 3821231 3846717 3929241 3851913 4086289
006029	PK20	0213446	14:00 - 16:00 TH	3710991 3768197 3817507 3821958 3850568 3903896 3914754 3914820 3929812 3929815 3817962 3904645 3930034 3901254 3930678 3819269 3821197 3930296 3845742 3852207 3929679 3915029 3458065 3799593 3930168 3695345 3816486 3691834 3722926 3821588 3833424 3902440 3905871 3578392 3790857 3905460 3914739 4086223 4086236 4086237 4086425 3887326 3901577 3922542 3928826 3931666 3973885 3994843 3994876 4002113 4003485 4010147 4037708 4091877 4091936 4092290 4092670 4092769 4093293 4093970 4093989 4095047 4095234 3917445 3974846 4093446
009386	PK278	0031388	17:30 - 19:00 MW	3768588 3822778 3914968 4086348 3559872
015849	PK349	3554810	13:00 - 16:30 W	3759024 3781152 3691983 3914251 3619323 3820768 3914906 3668956 3700270 3910711 4175312 3910718
011076	PK349	0826964	19:00 - 20:00 T	3788743 3854723 3796148 3797168 3805981 3818762 3798513 3905868 3910567 3910600 3797659
008784	PK278	0031572	12:00 - 14:00 TH	3788990 3901691 3820397 3818675 3820961 4086330
012303	PK278	0576472	13:00 - 15:30 T	3691981 3788990 3852520 3839352 3846234 3910602 3788983
001156	PK349	0493725	16:00 - 18:00 M	3789529 3929635 3929572 3930197 4000483 4075429 4090844
003001	PK349	3473854	11:15 - 12:45 TTH	3789806 3819177 3819230 3930034 3694738 3930301 3694289 3851913 3914354 3823271 3671929 3909951 3910479
003412	PK20	0058557	13:00 - 15:00 T	3692514 3796732 3816203 3816722 3901254 3912597 3819353 3929237 3635012 3913862 4003839 3652339 3816997
013718	PK349	3555417	12:45 - 14:15 TTH	3692164 3796732 3668386 3819367 3650736 3768972 3666995 3671929 4091773
006524	PK278	4092861	12:00 - 14:00 F	3797206 3931688 3830308 3929575 3816993 3914251 3929102 4086464
014550	PK349	1167933	13:00 - 15:00 TH	3797564 3635008 3692786 3651412 3462565 3689329 3823438 3692187 3818771 3790863 3797748 3797877 3910525 3574483 3652177 3693433
004274	PK349	3818521	10:00 - 11:00 MWF	3814239 3929241 3493931 3577703 3904334 3844962 3929237 3602435 3789439 3821886 3929864 3455037 3910762 4086216 4086249 3879197 4000249 4003642 4023381 4062047 3988502 4175388 3910737 4086309 4086323
004803	PK20	0031373	13:45 - 15:45 M	3816180 3829442 3911048 3823755 3708638 3910584 3910613 4086452 3929289 3931836 3984532 4001662 4026411 4076454 4091805 4093119 3888468 3910611 3989657
005247	PK278	0806046	14:30 - 16:00 W	3609553 3616206 3929704 3797836 3453663
014990	PK20	3926311	12:00 - 14:00 W	3816722 3846920 3929800 3913863 3589576 3823402 3910514 3888348 3904324 3913781 3927400 3965315 3988063 3994652 4001431 4092670 4093015 4093159 3822731
011321	PK338	0028980	13:00 - 15:00 T	3815949 3816924 3655393 3816708 3817261 3692915 3902614 3797792 3797793 3797843
015869	PK349	0031522	13:45 - 15:45 M	3816924 3724014 3559172 3692187
004014	PK20	0031578	13:00 - 14:00 M	3817507 3931158 3871577 3816174 3878563 3887326 3894530 3975519 4003415 4044087 4059195 4090845 3799529 3888468 3973360
013203	PK20	3098022	19:00 - 20:00 TH	3817637 3914515 3861339 3904645 3930544 3599536 3816756 3817427 3903994 3929776 3920668 3922150 3959570 4092823 4174206 3651348
015421	PK278	0028980	13:00 - 14:30 W	3817682 3595163 3797662 3910639 3817087
003447	PK349	0031359	8:15 - 9:45 TTH	3651750 3652396 3667677 3668366 3692164 3816483 3817981 3901484 3904411 3931158 3797192 3871577 3930237 3823151 4091767 3692536 3910578
004021	PK278	0854975	13:00 - 14:30 F	3818029 3930301 3762625 3929644 3903138 3910500 4086393 3879197 3692536 4086483
002567	PK349	3393847	16:30 - 18:00 TH	3820729 3848104 3848415 3858715 3930047 3847728 3691575 3820378 3792350 3910422 3906250 3860451 3690719 3820038 3910527 3910637 3910758 4012718 4086430 3910471 3910579 3797610
015882	PK349	0247216	13:30 - 16:30 T	3821006 3816860 3820958 3695542 3768034 3903138 3910937 3797685 3797732 4086393 4086488 4096631 3693368 3790825 3910724 4086313
003033	PK338	0492580	12:00 - 13:00 MW	3821044 3821588 3797638 3820971
006504	PK20	4092861	14:00 - 16:00 W	3848104 3910179 3821047 3821439 3904334 3796247 3905871 3914371 3903986 3970633 4000336 4000367 4001588 4001881 4043549 4091072 4093136 4093186 4093748 4094832 4095876 3822731 4175452
002456	PK278	3839983	13:00 - 15:00 W	3821048 3930137 3792406 3597215 3818805
008773	PK349	4168989	9:45 - 11:15 TTH	3821048 3904965 3930070 3823262 3687862 3768972 3826470 3928966 3905885 4012510 4040430 4091718 4092159 3928589
002394	PK278	0020988	12:00 - 14:00 M	3821162 3929800 3930137 3820756 3768025 3818805 3756293 3797829 3797856 3910691 3910636
002564	PK349	4177047	16:00 - 17:00 W	3821958 3858715 3930047 3628726 3858245 3820038 4086322 4086388 3910427 4091996 3910471
014548	PK349	3415849	10:45 - 12:45 T	3580796 3822778 3821047 3606418 4075429 4093748 3928589
001898	PK338	0056992	16:00 - 18:00 M	3823130 3797671
006865	PK338	4172051	14:00 - 16:00 TH	3824188 3846920 3823387 3822912 3818773 3929237 3789493
014119	PK20	3555100	13:00 - 15:30 TH	3580671 3832060 3913185 3798513 3930237 3797614 3797807 3910678 4086362 3905830 3928941 3928949 4000249 4001881 4007305 4023381 4024121 4090814 3995227 3821195 3910653
004009	PK20	3442425	14:30 - 16:00 M	3816203 3832060 3913396 3931971 3819269 3929635 3801768 3930865 3797708 3560236 3823338 3881459 3921208 3927400 4000249 4000367 4044003 4091936 4092670 4093255 4093607 4093748 4093806 4095004 4095079 3905861
006854	PK349	3646602	18:00 - 19:00 W	3846920 3850568 3819269 3905871 4095047
003008	PK278	3473854	19:00 - 20:00 T	3848415 3851735 3816756 3797634 3797754 3797790 3910470 4086398 4086411 4086433 3823278 3909951 3910580
012295	PK349	0564741	11:30 - 13:00 MW	3651499 3848415 3930047 3694384 3492361 3645471 3695024 3678357 3693902 3708638 3819143 3820038 3797707 3910486 3910527
009262	PK349	3555097	13:00 - 14:00 M	3824188 3850568 3914820 3715155 3929679 3930469 3858245 3650239 4086225 3880322 4095190 4086277 4086441
001749	PK20	3460008	9:00 - 12:30 TH	3852217 3901484 3820974 3695292 3913159 4086450 3823473 3921659 4003163 4005905 4023528 4086513 3995227 4175478 4175408
001769	PK278	3099830	19:00 - 20:30 TTH	3781152 3852217 3768555 3788919 3600785 3678357 3689402 3823192 3844962 3901413 3797713 3797777 3910696 4086296
007881	PK338	0470839	10:00 - 11:00 MWF	3858042 3820212 4086413 4088956 4175383
001547	PK278	1054236	13:00 - 16:00 TTH	3693891 3900952 3833378
007368	PK20	0162977	14:00 - 16:00 T	3691748 3829442 3851345 3902759 3929979 3931474 3904101 3914875 3930102 3561430 3901254 3651585 3833378 3816963 3830308 3915038 3930890 3823192 3833424 3930260 3665045 3694012 3902614 3910321 3930042 3930831 3883637 3905189 3913781 3915155 3921208 3931202 3931388 3991180 3995568 3995576 4000980 4001431 4035604 4037708 4045331 4091510 4091773 4092290 4092928 4093165 4093186 4093959 4094640 4095133 4095206 4003839 3581981 3692536 3821273 3930253 4176024 3819542
002414	PK349	0697660	12:00 - 14:00 W	3905822 3914813 3929241 3930118 3575071 3930137 3792406 3818805 3690346 3839910 3692380 3720506 3756293 3797819
002992	PK20	3473854	13:00 - 14:30 MW	3788743 3821687 3905822 3914928 3823405 3913606 3692628 3930841 3931001 3821643 3930967 3642204 3834370 3839910 3904251 3914750 3930026 4086233 3759127 3822148 3878563 3884178 3890005 3893220 3898245 3901936 3904389 3931881 3961853 3964183 3969108 3975519 3975962 3994733 4000420 4000763 4000998 4003131 4003199 4011555 4017901 4023438 4023528 4037411 4044003 4087228 4088956 4091443 4091672 4091805 4091806 4092675 4092819 4092833 4093026 4093423 4093607 4093973 4094012 4094832 4095046 4095086 4095301 4095302 4095807 4095930 4097018 4170471 4090714 4096631 3819196 4093815 3903833 3915043 4086213
006024	PK20	3818520	12:00 - 14:00 F	3906818 3913671 3930302 4086260 4086276 3822148 3918056 3931466 3961853 3970633 3975962 3989696 4000366 4017901 4037591 4044087 4059195 4091439 4091806 4092833 4093315 4093416 4093423 4093607 4093853 4095086 4095807 3799529 3908683
006518	PK20	3083296	19:00 - 20:00 T	3910179 3814776 3820397 3930168 3914371 3851846 3913807 3915028 3227350 3883637 3929739 3991180 4000195 4031284 4037708 3768620
007887	PK338	0772775	9:00 - 12:30 TH	3913786 3811886
005724	PK338	3392421	16:00 - 17:00 W	3914166 3915044 3576002 3931889 3839910 3797731 3910650 4086443 4175307 3693921 4175454
012320	PK349	3995790	13:00 - 14:00 W	3580796 3667404 3692519 3914820 3821047 3820974 3858245 3914814 3650228 4000763 4093416 4095046 4175312 4176078 4176081
015889	PK278	4170297	13:00 - 15:30 TH	3914928 3575071 3666161
001763	PK278	3474420	14:30 - 16:00 F	3930162 3904101 3695292 3817261 3913159 3797643 3797658 3930190 4096914 3822731 3620520 3910541
006036	PK349	0031526	13:00 - 15:30 TH	3610120 3648550 3692098 3827187 3930303 3930683 3694428 3821047 3930296 3816486 3769368 3768303 3484374 3887957 3816997
008763	PK20	0899465	19:00 - 21:30 T	3930683 3904320 3914696 3930705 3911054 3793612 3929810 3725997 3724014 3851735 3797164 3816993 3905868 3929235 4086471 3961853 4001588 4003045 4011555 4074784 4091672 4091895 4092144 4092928 4093416 4094613 4095083 3930025
004011	PK20	3197197	10:00 - 11:00 MWF	3695643 3821359 3931929 3930864 3930054 3822218 3852806 3797744 3883991 3914683 3920668 3921659 3928949 3965315 3992528 4000420 4000998 4002094 4023528 4043326 4094796 4094832
001878	PK338	1168490	13:00 - 16:00 TTH	3953805 3797739 3797825
010314	PK20	0031347	13:00 - 16:00 T	3497993 3915267 3929815 3930303 3758045 3861339 3910870 3579867 3598090 3694810 3914251 3790857 3801768 3627845 3901577 3910427 3930763 3931881 3975962 3994843 3995827 4000366 4001654 4010147 4089004 4091439 4091510 4091784 4092633 4092771 4093159 4093853 4093959 4095001 4095234 4095425 3799529 4093778 3930216
012733	PK349	0772775	15:00 - 16:30 F	3652473 3651243 3797631 3797710 3797833 4086236
013163	PK278	3470325	19:00 - 21:00 M	3668386 3819367 4091039 3608602 3694813 3704166 3758075
014115	PK338	3555417	11:15 - 12:45 TTH	3764613 3716638 3820965 3856450 3797266 3689402 3852806 3929776 3973168
013212	PK338	3996564	19:00 - 21:30 T	3758045 3606290 3905715 3817001 4086332 3974846
015883	PK338	0247216	13:00 - 14:00 W	3789288 3815902 3814107 3668956 3797605 3910572 3609410 3458988
009322	PK20	3083296	18:00 - 19:00 W	3464954 3785953 3818122 3820395 3914676 3929586 3910666 4093255 3891249 3667503
011834	PK20	0470839	14:30 - 16:00 TTH	3858042 3820958 3822995 3667464 3821088 3798513 3929849 3819143 3820768 3811886 3797679 4086413 3851827 4003642 3559872 3789175
005119	PK278	3400071	14:30 - 16:00 M	3904645 3818762 3464396 4086252 4086461 3930763 3931449 3959570 750570
012353	PK338	4089714	11:30 - 13:00 MW	3914696 3692628 3819645
008764	PK20	3554385	13:00 - 16:30 W	3902439 3797266 3816108 3817487 3930220 3910527 4076454 4079295 4090975 4095001 4095206 3995227
015848	PK25	3995790	9:00 - 10:00 MWF	3576020 3691834
015829	PK20	3788277	14:00 - 15:30 T	3693224 3668420 3705083 3579864 3725997 3631215 3768515 3796237 3907037 3930817 3797691 3910655 3797867 3797611 3821589
008786	PK278	3818518	14:00 - 17:30 M	3629518 3930614 4086245
010731	PK349	0207327	19:00 - 20:30 TTH	3667273 3695543 3693789 3628726 3691416 3694006 3789055
006543	PK338	0031573	19:00 - 22:00 T	3493931 3820395 3690800 4170472 3768620 3910614
011230	PK349	1168490	12:00 - 14:00 F	3691575 3492361 3695024 3678357 3819143 3910519 3910527 3689845 3910579 3559591 3797610
006879	PK278	0750235	14:00 - 16:00 F	3694738 3579094 3694903 3694431 3690719 3693921
005190	PK278	1137952	13:00 - 15:00 T	3904645 3814776 3910870 3793612 3695434 3691794 3581247
003493	PK338	0138190	13:00 - 14:00 M	3901669
011322	PK278	0028980	12:45 - 14:00 T	3901669 3930865 3910517 3910712
005722	PK20	4170914	13:00 - 16:00 W	3796247 4091072 4091439 4093119 4093161 4093186 4093853 4093959 4094965 4095133 4095224 4095302 4170477 4175355 3822914
008774	PK349	0031572	12:45 - 14:00 T	3930070 3768356 3833424 3913815 3913138 4045331 4093324 3910347
011341	PK20	3460456	12:00 - 14:00 M	3581274 3995730 3811886 3883637 3922542 3931910 3957394 3969108 3969305 3995568 4000812 4001662 4003163 4003199 4092675 4093026 4093293 4095243 4095472 4095807 4095897 4095985 4097018 3790825
008468	PK349	3839981	16:00 - 17:30 TTH	3915044 3578714 3818771 3914906 3910462 4093119
001748	PK349	0254474	13:00 - 14:00 T	3599090 3819353 3797694 3901731 3999899 4043549 4091443 3816997 3915243 4175299 3819372
015510	PK278	3996563	9:00 - 12:30 T	3693473 3820732 3929165 3599090 3820397 3635012 3797833 4086418 3662757
002173	PK338	1083806	9:45 - 11:15 TTH	3690043 3797627
006872	PK278	3646602	14:00 - 16:00 M	3792350 3579094 3694903 3694431 3578252 3797677
015854	PK278	3927894	13:45 - 15:45 M	3651293 3930102 3930054 3929954 4086230
015866	PK278	4168989	8:15 - 9:45 TTH	3560234 3797673 3797665 3797828
005738	PK278	0031543	19:00 - 22:00 M	3651033 3690789 3693230 468326
011206	PK338	0129398	19:00 - 21:00 T	3692294 3581315 3630915 3693581 3797644
014126	PK338	3555417	14:00 - 17:30 T	3902905 3904101 3805981 3930296 3668378 3910464 4090806
008470	PK338	1061861	14:30 - 16:00 MW	3904334 3816463 3910761
013201	PK278	0020093	16:00 - 17:30 W	3796732 3650736 3816832
002686	PK338	0138190	19:00 - 20:30 TTH	3591774 4096631 3816466
015014	PK338	0031756	14:00 - 17:30 M	3639772 3851907
011219	PK338	1168490	14:00 - 16:00 T	3668196 3671851 3678357 3797871 3910563 3694754 3797808 3559591
015652	PK349	0129398	14:15 - 15:45 TTH	3716140 3929812 3823391 3691694 4175531
011630	PK349	0431946	16:00 - 17:30 T	3651243 3818025 3820958 3821097 3820378 3930544 3797631 3797710 3797833
011203	PK338	0129398	19:00 - 21:00 MW	3929810
013645	PK338	3839981	19:00 - 22:00 M	3728679 3930614 3789246 3914906 4091718
015116	PK278	3839981	13:00 - 14:00 MW	3816963 3930614 3797084 3820961 3797642
015655	PK338	0129398	14:00 - 16:00 W	3397771 4086450 4093293 4095088 3693921
001764	PK278	1165592	19:00 - 21:30 T	3634695 3693092 3790928 3455037 3886275 3913437 4095445 3619216 3769494
015913	PK278	3555417	14:00 - 15:30 T	3692862 3797266 3774808 3913437 4086329
014225	PK338	0564741	14:30 - 16:00 TTH	3821393 3797772 3797816 3797747 4093815
012355	PK349	0683480	19:00 - 21:00 T	3716140 3816860 3913606 3833378 4175528
014576	PK338	4170914	12:00 - 13:00 MWF	3851913
013222	PK338	3470325	9:00 - 10:00 MWF	3929651
014980	PK20	0851717	14:30 - 16:00 MW	3610287 3559903 3496439 3689920 3704166 3712888 3817379 3819546 3821059 3834985 3910656 3914502 3820491
014981	PK20	0168378	13:00 - 14:30 W	3610287 3817981 3910343 3496439 3689920 3704166 3712888 3817379 3819546 3821059 3834985 3910656 3914502 3820491
014986	PK20	3194524	13:00 - 15:30 T	
015845	PK338	1051497	13:00 - 15:30 F	3591436 3689991 3768025 3716057 3821016 3821116 3821632 3908300 3930676 3911124
002653	PK338	0138190	13:00 - 16:00 M	3914875 3871577 4086310 3820491 4095243 3561026 3823311
002660	PK338	0031572	15:00 - 16:30 F	3691962
009283	PK338	4170914	14:30 - 16:00 F	3768034
004666	PK349	0775640	12:00 - 13:00 MW	3930678 3769368 4086255 4086295 4086340 4086355 4043543 4090845 4092159 4093126 3667606
006542	PK338	0138190	13:00 - 16:00 TH	3694318 3817427 3694012
005180	PK349	4170165	14:00 - 16:00 T	3797206 3820395 3823262 3929222 3883991 3930197 3931453 3964186 4096914 3910579
004297	PK349	3092832	13:00 - 14:00 MW	3694810 3820885 3929237 3627845 3684090 3797728 3797831 3633806
013204	PK338	3098022	12:00 - 14:00 W	3844962 3797712 3910630 4001662
011861	PK20	3555097	12:00 - 13:00 MW	3816336 3858715 3906818 3913210 3913671 3902911 3902440 3816108 3886275 3920306 4092004 4094965 3974846 3930216
008769	PK20	3554385	11:15 - 12:45 TTH	3808480 3930891 3902614 4086374 3759127 3930197 3953825 3995802 4003131 4003188 4005905 4023438 4091443 4093315 4095053 4095876 3691794 3988502
004874	PK278	0032827	10:00 - 11:00 MWF	3572330 3638956 3667749 3931971 3608602 3901481 3797834 3797734 3411886
002446	PK338	0316015	13:45 - 15:45 M	3589576 3668826
006559	PK338	0031478	14:00 - 16:00 M	3692514 3592208 3930485
002379	PK338	0802802	13:00 - 14:30 W	3668195 3852520 3930118 3653119 3823271 4086263 4086281 4086502
014139	PK278	3555100	13:00 - 16:00 M	3669280 3797586 3797794 3915099 3931451 3973168
007899	PK278	0821481	13:30 - 16:30 T	3820768
006553	PK338	0031478	13:00 - 15:00 W	3632881 3694433 3915028 3797588 3908314 3910599 3581851
014219	PK338	0031619	12:45 - 14:15 TTH	3483059 3929651
012354	PK278	0492321	14:00 - 16:00 T	3693891 3771823 3797855 3910761 3819372
011986	PK278	3470325	13:00 - 15:30 W	3758075 3814107 3880322 4003534 4170472 3619216 3820380
014566	PK25	0431946	19:00 - 20:30 TTH	3797631
004750	PK338	3470325	10:45 - 12:45 W	3797651 3797722
015847	PK338	3995790	19:00 - 20:00 T	3797667
012284	PK25	0031386	12:45 - 14:15 TTH	3797710 3797770
005873	PK25	3470325	8:15 - 9:45 TTH	3797781
007877	PK349	0031386	13:00 - 15:30 W	3913185 3820974 3793534 3797858 3884178 3905830 3994876 4003434 3857764 4093778 4043790 4175475
014574	PK338	0431946	13:00 - 16:30 W	4086310 3561026
002420	PK338	1061861	13:00 - 16:30 TH	4086474
015012	PK349	0827051	19:00 - 21:00 MW	4086484 3898245 3913437 4000502 4090806 4175455 4175489 4175528 4175548
002855	PK20	0031573	9:00 - 10:00 MWF	3227350 4096266 4096358 3560236 3759127 3816174 3822148 3822201 3823338 3823473 3847931 3851827 3878563 3879197 3879518 3880322 3881459 3881597 3883637 3883991 3884178 3885128 3886275 3887326 3887957 3888348 3890005 3893220 3894530 3898245 3901577 3901731 3901936 3902196 3904324 3904389 3904715 3905189 3905830 3910427 3913138 3913437 3913768 3913781 3914449 3914552 3914683 3915099 3915155 3915711 3918056 3920306 3920668 3921208 3921659 3922150 3922542 3923376 3927400 3928826 3928941 3928949 3929289 3929739 3930197 3930763 3931202 3931388 3931449 3931451 3931453 3931466 3931666 3931836 3931881 3931910 3931946 3953819 3953825 3957394 3959570 3960504 3961853 3964183 3964186 3965315 3968696 3969012 3969108 3969305 3970633 3973168 3973885 3975519 3975962 3976786 3984532 3987067 3988063 3989696 3991180 3992528 3994652 3994726 3994733 3994843 3994876 3995568 3995576 3995802 3995827 3999899 4000195 4000249 4000336 4000366 4000367 4000420 4000483 4000502 4000763 4000812 4000862 4000980 4000998 4001431 4001588 4001654 4001662 4001881 4001958 4001999 4002075 4002094 4002113 4002166 4002204 4002806 4002909 4002914 4003045 4003130 4003131 4003163 4003188 4003199 4003415 4003434 4003485 4003534 4003642 4005905 4007305 4010147 4011555 4012510 4014851 4017901 4023381 4023438 4023528 4024121 4026411 4031284 4035604 4037411 4037591 4037708 4040430 4041708 4043326 4043543 4043549 4043840 4044003 4044087 4045331 4050929 4059195 4062047 4062513 4070957 4073784 4074784
016440	PK349	4177158	14:00 - 16:00 TH	3695529 3843290 3913210 3655393 3788616 3817001 3822201 3847931 3923376 4090845 4095004 3581247
014441	PK338	4172060	19:00 - 21:00 W	3597365 3693902 3823192 4095425 3797803 4175478
002388	PK338	3839981	14:00 - 15:30 T	3606293 3814296 4003485 1084187
011237	PK338	3198619	13:00 - 15:30 TH	
012757	PK349	3098022	14:30 - 16:00 TTH	3650256 3666175 3819367 3758075 3639603 3768972 4086502 3820010
005295	PK338	4177158	18:00 - 19:00 W	3667381 3667608 3930731
015440	PK338	1054236	10:45 - 12:45 T	3695292
007043	PK338	3481299	12:45 - 14:00 T	3577703 3695022 3797626
015932	PK25	3460008	11:00 - 12:00 MWF	3910422 3797777 4086244
008441	PK278	0823106	16:00 - 17:30 TTH	3579092 3691514 3652569
007055	PK338	0900168	11:00 - 12:00 MWF	3914676 3821632 3913159 3821571 3910658
005232	PK338	0900168	12:00 - 14:00 TH	3930967
015887	PK338	4168993	19:00 - 21:00 M	3821162 3691514 3250395
014231	PK338	0031756	12:00 - 14:00 F	
008476	PK25	0900168	13:00 - 16:00 M	3833424 3915243
015505	PK338	3839983	13:00 - 15:00 TH	3821162 3910769
002384	PK338	3473854	13:00 - 16:00 F	3930118 3797744
002375	PK338	4177943	13:00 - 15:30 T	3651293 3816203 3653119 4086474
003423	PK278	4170914	13:00 - 16:30 TH	3773692 3693230
003036	PK338	4086857	13:00 - 15:30 W	3821359 3695510
005126	PK338	0031543	13:00 - 14:30 F	3816860 3910641
011837	PK338	4170914	16:00 - 17:30 TTH	3913786
003407	PK20	3478658	19:00 - 22:00 T	3930162 3994726 4011555 4017901 4043543 4087228 4091805 4091806 4091877 4091936 4091996 4092004 4092144 4092290 4092767 4092769 4092819 4092823 4093293 4093423 4093607 4093611 4093973 4094012 4094613 4094815 4094832 4095046 4095080 4095083 4095086 4095088 4095133 4095190 4095206 4095234 4095425 4097018
013495	PK338	0020093	19:00 - 20:00 TH	
016445	PK338	3194193	17:30 - 19:00 MW	3930767
002393	PK25	3332662	13:00 - 14:30 MW	3910670
001562	PK338	0031756	13:00 - 16:00 W	3771823
001559	PK338	0031756	13:30 - 16:30 T	
014578	DAL25	4170914	16:00 - 17:30 W	4086341
001232	PK278	3839983	13:00 - 14:00 T	3591211
013059	PK338	0031582	13:00 - 14:00 MW	3606418
015649	PK338	4177883	16:00 - 17:30 W	
015429	PK338	4170914	14:30 - 16:00 W	
