Course	Room	Teacher	Time	Students
007041	PK338	0162976	14:00 - 16:00 T	362014 1070812 1155839 3064630 3065806 3085612 3092244 3103910 3188879 3217413 3323454
007128	PK25	0028980	10:00 - 12:00 W	362014 1012362 1019072 1049392 1052099 1058853 1059804 1068660 1070812 1071318 1073179 1073428 1074737 1093453 1094952 1097508 1123611 1136139 1137568 1141987 1163270 1163883 3059978 3062862 3065426 3065806 3068612 3069318 3071694 3073483 3078066
002856	PK25	0406445	13:00 - 15:30 TH	692830 1075130 1153904 1162443 1163242 3079872 3082370 3082852 3085126 3090312 3092604 3092781 3093184 3093208 3094700 3097009 3097592 3098317 3099423 3100468 3101907 3103203 3104870 3108814 3108886 3109227 3118027 3119630 3120137 3120610 3120788 3121782 3121966 3125450 3125873 3126433 3126772 3126883 3126930 3135241 3145694 3151195 3152667 3152743 3153306 3153473 3155348 3155695 3158474 3165225 3170878 3171506 3175457 3177063 3177165 3180697 3180821 3181938 3185376 3185620
007365	PK25	0701976	10:00 - 11:00 M-F	892947 1045484 1153904 3061917 3079915 3085846 3095417 3109335 3110898 3151195 3165225 3178019 3205138 3209832 3214899 3215635 3217434 3217667 3219685 3219719 3219786 3226387 3228778 3232225 3232322 3236537 3249531 3252374 3256812 3257376 3260308 3264020 3283446 3293645 3299552 3314945 3315776 3316819 3323644 3330926 3332421 3332425
012107	PK338	0031619	16:45 - 18:05 M	1012362 1136656 3065488 3095396 3101150 3322663
001249	PK25	0031388	14:00 - 15:00 MWF	898104 1058203 1070296 1070620 1072725 1073523 1079503 1080204 1084538 1085421 1087579 1093772 1095813 1107899 1122236 1126437 1130377 1153036 1162493 3064715 3077943 3100011
005247	TH110	3310303	16:45 - 18:05 M	898104 1032290 1058154 1155748 3077505 3122857 3185376
005263	PK338	3090017	19:30 - 21:00 T	898104 1057174 1069487 1085971 1112411 1162423 1162792 1163883 3057399 3063735 3066992 3067793 3069585 3073483 3080142 3089115 3155201 3216013 3322663
006049	PK25	0207327	10:00 - 11:00 MWF	901284 950914 1001389 1047770 1073075 1086556 1143387 1153554 3064630 3065016 3065591 3066088 3069894 3079774 3079871 3085421 3088390
001195	PK338	0031471	13:00 - 16:00 W	903788 1049144 1070620 1078869 1124340 1163179 3069758 3079872 3123316 3209294 3217408 3232625
001750	TAYF	0416447	14:30 - 16:00 MW	903788 1119061 1150429 3081927 3094263 3122181 3175457 3211643 3217540 3329757
002657	TH110	0138190	13:00 - 16:00 W	908849 1161763 3205138 3214129 3221081 3303921
001842	PK25	0031557	13:00 - 14:30 MW	910971 1057570 1074737 1075264 1077528 1080382 1080980 1081304 1082986 1085466 1087351 1088236 1096573 1096638 1143180 1155110 1161679 1161804 1162384 3057362 3061134 3066589 3077935 3079866 3082073 3083995 3084075 3084853 3087231 3088047 3091218 3091870 3092333 3092830 3098224 3098983 3120137 3211396 3212293 3213217 3213402 3215666 3307517
001893	TAYF	0898918	13:00 - 16:00 M	910971 1009914 1057174 1060971 1076479 1091481 1150429 1163245
006546	TAYF	0031478	16:45 - 18:05 M	910971 3067133 3071694 3083995 3099375 3152571
001474	PK338	0853792	13:30 - 16:00 W	940115 1003163 1079349 1090632 1133031 1162390 1164777
004856	PK25	0053518	13:00 - 16:00 TTH	940115 1068953 1154430 3065289 3068911 3073014 3093100 3095306 3211335
004889	PK25	3194193	8:00 - 9:00 M-F	940115 1000374 1056297 1059105 1068953 1086904 1096573 1108799 1131900 1134151 1161791 1163424 3060775 3061759 3062413 3063437 3065289 3073014
012034	PK25	0408816	11:30 - 13:00 MW	1060971 1087579 1098264 1109686 1153036 3065560 3077931 3085002 3096911 3098317 3126602 3135241 3188793 3215601 3322149
005282	TAYF	0493856	13:00 - 16:00 T	994458 1133642 1141692 3105382 3190633
008766	PK25	0428728	10:00 - 11:30 TTH	994458 1073523 1093772 1095145 3068181 3069585 3089555 3090752 3092091 3092411 3092830 3094527 3095908 3097009 3105292 3105866 3110627 3122181 3125873 3126731 3152667 3153473 3188879 3197905 3205324 3209784 3209832 3210000 3211081 3211478 3215784 3215889 3217413 3217434 3217604 3217793 3219639 3220304 3221557 3221785 3231914 3232225 3250907 3264020 3276024 3311410 3312114 3315934 3316693 3329187 3329656 3331776 3332978
006524	PK338	3194739	14:30 - 16:00 MW	997873 1129252 3068878 3079829 3085846 3088071 3178019 3191340 3299552
006588	TAYF	0777265	13:00 - 15:30 T	1000374 1068660 1125596 1129252 3063437 3071694 3103193 3215241
011313	PK338	0672202	14:30 - 16:00 T	1000374 1084538 1153080 3062860 3064485 3064869 3081720 3082784 3093100 3095306 3095417 3103193 3114776 3152434 3152571 3191210 3210877 3221785 3223740 3252851 3296990 3308669 3311808 3312285
004012	PK25	0854975	13:00 - 15:00 TH	1000704 1045484 1163242 3086995 3092179 3121966 3166656 3177063 3210877 3213402 3214617 3239030 3249531 3254195 3254237 3260308 3261697 3262890 3280006 3282664 3284809 3297368 3302367 3303921 3305222 3315632 3315776 3316906 3323189 3329172 3329671 3330337 3330377 3330439 3330627 3331473 3331638 3332421
003029	PK25	0492580	19:30 - 21:00 T	1001389 1058218 1087351 1088236 1131814 1163125 3064899 3065016 3065426 3065591 3069894 3072895 3077935 3079866 3089384 3214138
001444	PK338	0853792	12:00 - 13:00 MWF	1003163 3078437 3082370 3082488 3095599 3104777 3123316 3125322 3127044 3155060 3219029 3322108 3329836 3330926
004016	TAYF	3335907	16:00 - 17:30 TTH	1003163 3095391 3113753 3121782 3150160 3151640 3177388 3204511 3260419 3265154 3302457 3310852 3316614
003434	PK25	0031477	13:00 - 16:00 W	1010605 1059663 1093772 1158383 3064715 3081410 3092012 3092411 3092577 3097521 3110898 3114139 3125450 3155348 3175356 3179026 3190134 3212784 3214899 3217372 3220189 3227145 3254879 3260419 3283446 3306653 3307321 3311550 3314971 3330095
001840	PK25	0168763	19:00 - 21:30 T	1012362 1070296 1090070 1090632 1096638 1125596 1149928 1153036 1155700 1161791 1162725 1163125 3064906 3067358 3068181 3077943 3078987 3080546 3081234 3081400 3082314 3087533 3089555 3091870 3095337 3097075 3097192 3106403 3121582 3152572 3178019 3190134 3194683 3210000 3216670 3217346 3217372 3217444 3236537 3308695 3315613 3323189 3323692
001774	TAYF	0027799	10:00 - 12:00 W	1017457 1070105 1135650 1150110 1154715 1157995 3076209 3087141 3089884 3214129
003454	PK25	0897706	14:30 - 16:00 MW	1017457 1045484 1070105 1095145 1156612 1162443 3079120 3080539 3081410 3081503 3082688 3087809 3088052 3096248 3101150 3104014 3121199 3125450 3126883 3145695 3149019 3165225 3175356 3177284 3194873 3194888 3212784 3254879 3306653
004010	PK25	0163316	13:30 - 16:00 W	1017457 1137568 1162989 3081179 3091892 3155033 3161390 3169644 3210020 3212293 3212787 3214138 3214147 3231837 3260264 3292462 3297051 3299552 3304324 3309190 3314971 3323454 3330372 3332409 3333094 3333459
004810	TH110	1051497	14:30 - 16:00 T	1017457 3122857 3204511 3215889 3217408 3231826 3304008
003003	PK25	3332662	14:30 - 16:00 T	1019072 1058218 3065426 3099184 3100402 3105292 3155033 3177063 3181938 3192055 3193161 3194322 3204893 3211473 3217413 3217439 3217667 3220537 3316693 3316819
011319	TH110	3393919	14:30 - 16:00 MW	1019072 3084782 3087533 3097521
005157	PK338	3401548	13:00 - 15:30 M	1029713 1073076 1095813 3063119 3071791 3081431 3084075 3084353 3197905 3204688 3209463 3211155 3211360 3216013 3217604 3219029 3256706 3258543 3260419 3306835 3330627
005290	TAYF	3401548	16:00 - 19:00 TH	1029713 1092084 3095599 3188887 3211393 3217778
004379	TAYF	0989327	14:00 - 16:00 TH	1032290 1068656 3081763 3082688 3177873 3190685 3213968 3306835
010851	PK338	3392923	13:00 - 16:00 M	1047770 1080806 1143387 3062828 3079774 3081951 3088433 3097709 3125856 3191834
006518	PK338	0777265	14:00 - 16:30 TH	1048446 1131814 3062439 3069758 3071694 3079829 3079915 3083207 3085643 3086995 3087117 3094700 3096963 3098490 3121199 3193987 3213909 3304005 3329964 3330337
006557	PK338	0031573	18:30 - 21:15 T	1088018 1161531 3085302 3093319 3160933 3215241
008810	PK180	0576472	11:30 - 13:00 TTH	1048446 1080360 1138637 3070830 3095867 3217415
011189	PK25	3195964	13:00 - 14:00 T	1048446 1093453 1094952 1123611 1136139 3070922 3085391 3085846 3087809 3088147 3093050 3094527 3094575 3097321 3100385 3100415 3217785 3220537 3261685 3322107 3322187
003034	TH110	0222805	16:00 - 17:30 TTH	1049144 3071798 3077931
003406	TH110	0897399	19:00 - 21:00 W	1049144 3065312 3304197 3331618 3332421
011844	PK338	0031471	19:00 - 21:00 W	1092958 1094452 1122236 1150784 1163179 3064485 3083207 3094738 3105382 3265154
002362	PK338	1165566	9:00 - 10:00 M-F	1049332 3165880 3204243 3213921 3268686 3315767 3319376
002460	PK180	0031568	9:00 - 10:00 MWF	1049332
009232	TAYF	3208421	13:30 - 16:00 TH	3095867
002638	PK180	0827051	13:00 - 16:00 TH	1051315 1135687 3070231 3098240
002564	TAYF	3398516	14:00 - 15:00 MWF	1051891 3114701 3205337 3211727 3215635
006043	PK25	0554585	13:00 - 15:30 T	1051891 1075264 1080806 1086556 1092958 1109564 1131814 1149469 1153554 1155813 1160136 1163719 3061686 3064899 3067610 3072895 3079774 3079866 3079871 3081951 3085421 3085643 3087527 3089384 3089555 3090752 3091221 3092532 3092830 3094802 3096963 3204306
006058	PK338	0431634	12:00 - 14:00 TH	1051891 1086556 3087527 3089763 3091221
010956	PK338	0024663	13:00 - 14:30 TTH	1051994 1079349 1095145 3078958 3080405 3081763 3082314 3085002 3087328 3091218 3094700 3106446 3153713 3155060 3190802 3217604 3322108 3323644 3332761
002675	TAYF	0468281	19:30 - 21:00 MW	1052076 1071068 1134151 1162384 3080774 3098276 3190778 3194428 3209872 3248326 3268127 3295766
007080	PK338	0031573	11:00 - 12:00 MWF	1052099 1071318 1081112 1104323 3090316 3094575 3097080
004807	PK338	3092667	12:00 - 16:00 MF	1056297 1115327 3096229 3111037 3211593 3214178 3232225 3248478 3280006 3306761 3309285 3315789
006847	PK25	1167884	14:00 - 15:30 F	1057570 1079289 1080542 1109742 1152580 1160418 3068878 3087231 3091305 3092411 3094802 3098983 3173096 3183942 3193776 3204517 3205454
007040	PK338	0162976	11:30 - 13:00 MW	1057570 1135687 1142038 3081074 3097321 3100011 3107224 3181938 3193161 3196059 3203791 3204248 3215099 3330337
003448	PK338	0031359	10:00 - 12:00 W	1058068 1073076 1080542 1141766 3063303 3080539 3084075 3092012 3092577 3103193 3152743 3152788 3153306 3215081 3216871 3217615
004083	PK338	1167978	13:00 - 16:00 TTH	1058068 1071318 1071986 1073672 1077528 1088139 1091481 1093047 1150784 1163836 3059978 3062796 3066589 3070830 3097153
007378	PK25	0825571	19:30 - 22:00 T	1071785 1122130 1150630 3078258 3080512 3097075 3100468 3104014 3114853 3126930 3142378 3232625 3232822 3233697 3248182 3249965 3311550 3316782 3316906 3329172 3330095 3331473
003001	PK25	1083868	19:00 - 22:00 M	1058203 1058218 1156319 1163836 3064630 3099184 3105292 3118090 3150843 3151640 3154498 3194322 3203791 3216898 3217371 3217413 3218679
003033	PK338	0492580	11:30 - 13:00 TTH	1058203 1087351 1131814 3057461 3066992 3071798 3073034 3098276
003004	PK25	1083868	19:00 - 21:00 M	1058218 1163125 3057461 3064630 3067352 3077935 3079866 3085612 3092179 3096808 3097153 3097592 3110627 3177063 3177165 3204153 3204893 3213217 3217371 3217543 3218679 3220537 3252851 3308878 3315676 3316711 3316819
002396	TAYF	0020988	10:30 - 12:00 F	1059105 1096778 3105866 3189715
012033	TH110	3310251	19:00 - 21:00 T	1059105
003554	TAYF	0599596	14:00 - 16:00 T	1059404 1154715 3062439 3092012 3153306 3218135
004835	PK338	0032827	19:00 - 21:30 M	1059404 1068953 1163424 3068911 3081720 3093184 3121782 3218335 3306653
008774	TAYF	0031572	14:00 - 16:00 W	1059404 3097709 3118090 3155033 3204688 3210876
011298	TAYF	0168763	11:00 - 12:00 MWF	1059404 1079224 3062439 3063516 3089580 3105382 3126883 3138631 3152743 3179026 3248179 3322949
003431	TAYF	0031477	14:00 - 15:30 F	1059663 3080843 3095417 3125450 3194888 3214617 3217540 3261697
011075	TH110	3312777	13:00 - 14:00 T	1060971 3097588 3211473
004369	PK180	0138190	12:00 - 14:00 TH	1068656 3150843
004384	TAYF	0138190	13:00 - 15:30 M	1068656 3101907 3213968 3217346
003421	PK338	0024092	16:00 - 17:30 TTH	1068660 1093772 1157995 3068167 3070887 3081503 3163183 3177284 3191876 3227145 3228428 3312114 3315789
004886	PK338	3092667	19:00 - 22:00 T	1068953 1069487 1071986 1089244 1154430 3078437 3085407 3093100 3170878 3191428
009299	PK25	3092667	14:00 - 16:30 TH	1068953 3062413 3062796 3065289 3078437 3093184 3209936
001424	PK338	0024663	9:00 - 10:00 MWF	1069299 3125322 3169644 3191191 3204511 3219029 3219783 3251957 3258543 3261754 3280006 3297368 3304357 3307321 3322084 3329671 3332532
005866	TH110	0031582	13:00 - 14:30 MW	1069299 1081569 3188887 3192054
010859	PK338	0750235	8:30 - 10:00 TTH	1069299 3087141 3095021 3099423 3145694 3190685
001769	TAYF	3099830	13:00 - 14:00 T	1070105 1087771 1091481 1092760 3064906 3086455 3088433 3101150 3122181 3211128 3254053
005850	PK338	0031582	19:00 - 22:00 M	1070296 3097082 3104014 3114251 3114701 3116564 3125856 3194888 3211155 3236537 3248182 3329744
011959	PK180	3092667	19:00 - 21:30 M	1070385 1126780 3062898 3092379
001187	TH110	0031388	12:00 - 14:00 TH	1070620 1081304 1133031 3082370 3085791 3087472 3204306
005725	PK25	3392421	16:45 - 18:05 M	1070620 3098284 3119048 3119630 3120610 3126883 3145694 3205208 3205329 3209949 3211006 3322236 3330820
012032	TAYF	3310251	19:00 - 21:30 T	1071068 1072178 1092760 1093453 1109564 3063070 3064869 3066992 3069352 3155201 3312113
004048	PK338	0031578	8:00 - 9:00 M-F	1071318 1077528 3066589 3069318 3082784 3087472 3097321 3103910 3191834 3323539
006504	PK338	0031399	13:00 - 16:00 TH	1071507 3062512 3063573 3068181 3086995 3087117 3096963 3114269 3160933 3209872 3210027 3211007 3216580 3225263 3232650 3238039 3248177 3257376 3259090 3304941 3305828 3306692 3329656 3332249
007903	PK180	0468281	10:30 - 12:00 F	1071507 3087948 3121199 3138631
012103	PK338	3393009	13:00 - 14:00 T	1071507 1073075 1073672 1081394 1090521 1097508 1115327 1134634 1163179 3080539 3099676 3126639 3145695 3281747
004803	PK338	0031373	10:00 - 11:00 M-F	1071986 1159860 3065591 3088433 3104870 3114269 3150160 3180821 3194474 3220932 3273481 3297051 3322752 3404308
003548	TAYF	0024092	9:00 - 10:00 MWF	1072178 1076785 1081394 1088535 1092760 1134634 1154715 1157995 3070887 3080539 3082688 3084075
011294	PK338	0135660	13:00 - 14:30 MW	1072178 1072725 1080204 1080595 1092958 1118914 1156282 3065568 3083717 3087472 3100011
007910	TH110	0031539	13:00 - 16:00 TTH	1072694 1161808 3095460 3252851
001163	TH110	0031568	11:30 - 13:00 TTH	1072725 3083717 3333675
012108	PK338	3393919	14:00 - 16:00 M	3073216 3099375 3190134 3214138 3215099 3215879 3225263 3227208 3239494 3315961 3322204 3330431
003541	TAYF	0599596	19:00 - 21:30 M	1073075 3073216 3079120 3099676 3191823 3194873
006035	PK25	3392923	16:00 - 19:00 TH	1080806 1109564 1149469 1151485 3064899 3081951 3085421 3089555 3090752 3094802 3095908 3096963 3097709 3108691 3188399 3316693
001157	TH110	1051497	9:00 - 10:00 M-F	1073076 1086904 3223593 3302367
009270	TH110	1084371	13:00 - 16:00 TH	1153036 3079829 3262890 3311808 3317234 3321787
007068	PK25	0316015	10:00 - 12:00 M	1073179 1093453 1123611 1149928 3059978 3067793 3091890 3092244
004282	PK180	1165566	14:30 - 16:00 TTH	1073211 1080542
006024	PK25	0213446	10:30 - 12:00 F	1125596 1134840 3067352 3092604 3093208 3095765 3112040 3114139 3145520 3188887 3191340 3204153 3211643 3214147 3220304 3222944 3231914 3239030 3239494 3252673 3261685 3261697 3268127 3292462 3306786 3307400 3309285 3309375 3311445 3312285 3315632 3315961 3316281 3316711 3319378 3321787 3322715 3322720 3330334 3330372 3331582 3331776 3332411 3332654
009231	TH110	3412189	14:00 - 16:00 M	1073211 3086455 3089769 3100415 3166656 3188402 3205491
011829	PK180	1168460	13:00 - 15:30 TH	1073211 1079289
005310	TAYF	1020104	13:00 - 15:30 W	1073316 1089244 1133642 1134731 3069040 3098496
007900	TAYF	0031539	13:00 - 16:00 TH	3100011 3121582 3228861 3256961 3315059 3330820
004276	PK25	1165566	13:00 - 14:00 MWF	1073523 1087579 3065929 3087330 3091747 3093208 3096489 3112040 3118090 3119630 3125856 3154498 3166656 3191428 3194428 3205329 3213402 3215666 3216601 3219685 3233850 3252673 3288377 3302457 3307517 3308878 3315676 3319378 3322084 3332580
004394	TH110	0989327	16:00 - 17:30 MW	1073671 1093321 1109564 3064819 3209294
004021	TAYF	3244352	13:30 - 16:00 W	1073672 3062958 3078987 3080405 3082784 3085612 3087472 3104777 3209936 3311452 3321871
001891	PK338	0031557	13:00 - 16:00 T	1074737 1080980 1081207 1087579 1135712 1161679 1162725 3065779
011190	TH110	3208554	19:00 - 21:00 M	1074737 3080943
002636	PK338	0827051	14:30 - 16:00 TTH	1075130 3085302 3115257 3192055 3212008 3217346 3221612 3225263 3227208 3233348 3304723 3322204 3332252
001857	PK25	0123161	13:00 - 16:00 T	1076479 1081058 1155110 1155748 3061134 3065929 3084117 3086119 3087330 3088047 3091218 3092091 3092333
006849	PK25	0402773	14:00 - 16:00 TH	1076479 3095765 3103166 3119909 3191340 3204495 3204644 3211360 3213727 3227175 3238414 3259090 3303949 3306968 3309375 3312285 3322141 3330431 3330627 3330986
011050	TH110	0897399	13:00 - 15:30 TH	1076785 3060791 3072284 3090375 3211478
011305	PK338	0029059	10:30 - 12:00 F	1162493 1162892 3062958 3069486 3081410 3081503 3125873 3227145 3254879
007006	PK338	3195964	13:00 - 15:30 TH	1079224 1079538 1161804 3204279 3210020 3213217 3215759 3217615 3221081 3221922 3224239 3225263 3228759 3254195 3256154 3262977 3295766 3307002 3309375 3322151 3330820 3332252 3332980 3333381
004283	TH110	0017611	10:30 - 12:00 F	1079289 3063516 3091890 3103910 3216914 3218034
005180	PK338	3393850	10:00 - 11:30 TTH	1079538 3066114 3068444 3082314 3118027 3120610 3155695 3175356 3190134 3191210 3216554 3228428 3257376 3262977 3315776 3323699 3329413 3330273 3331638 3332249 3332654 3333007
007896	TH110	0431946	13:00 - 16:00 M	1079538 1161808 3103203
001560	PK25	0031756	16:00 - 17:30 MW	3071792 3087809 3093319 3094738 3099184 3192657 3213727
001562	PK25	0129398	12:00 - 13:00 MWF	1080204 3071792 3087809 3093319 3095254 3099184 3249531
002992	PK25	3332662	8:30 - 10:00 TTH	1080360 1093047 1130377 1141692 3099745 3104716 3107224 3108691 3114853 3119909 3152434 3155346 3205337 3210000 3211081 3213412 3217313 3218908 3219639 3220304 3220923 3227208 3228428 3233348 3249841 3249965 3250907 3256154 3261754 3261847 3271107 3281747 3288377 3304723 3306482 3306761 3307517 3311410 3315767 3317234 3319378 3322141 3322663 3323699 3329172 3330986 3332202 3332249 3332252
008782	TH110	0576472	12:00 - 13:00 MWF	1080360 3212293 3304357
008780	TAYF	0431786	13:00 - 14:30 MW	3081074 3095867 3192657 3193288 3215081 3215759 3322752 3322939
004303	PK180	0123161	10:00 - 11:30 TTH	
010968	TH110	3196642	9:00 - 10:00 MWF	1080595 1118914 1131900 3070231 3084782
006561	TAYF	0031478	13:00 - 16:00 W	1080636 3078258 3083995 3093319 3099375
007017	PK338	0031568	14:00 - 15:00 MWF	1080636 3067793 3081073 3105219 3110756 3191198 3192437 3193161 3204248
001161	TAYF	0031388	14:30 - 16:00 TTH	1080980 1081058 1143121 3075104 3083207 3089542 3089580 3093050 3104777 3152623 3216609 3221143
007028	PK25	0316015	16:00 - 17:30 TTH	1081058 1097508 1161679 1162384 3061686 3084117 3088047 3091890 3112329 3118090 3154498 3213402 3214704 3218034 3256961 3302367 3329744 3330273 3332580
001887	PK338	0898918	13:00 - 15:30 T	1081207 1135712 1150429 1154430 1160418 1162725 1163245 3062860 3068878 3070495 3075104 3084494 3089580 3097588 3104489 3158474
005293	TAYF	1020104	13:00 - 14:30 TTH	1081304 3077505 3123316 3153473 3171506 3188882 3193672 3211155 3217793
007403	PK25	0031611	10:00 - 11:30 MW	1081394 1082986 1094452 3079005 3080943 3086240 3088047 3096808 3098224 3099375 3210877 3211006
006031	PK25	0213446	11:30 - 13:00 TTH	1082986 3080512 3087141 3092604 3094263 3094556 3094744 3099184 3099423 3103166 3105866 3114269 3114701 3116564 3126731 3149019 3152572 3152667 3177165 3185122 3188399 3191834 3192657 3193288 3193776 3204495 3204644 3205324 3211473 3214138 3216633 3216906 3217313 3217667 3227175 3228759 3248326 3248716 3248776 3249841 3251946 3258543 3259090 3261847 3306482 3306968 3307400 3309190 3309375 3315957 3316614 3316693 3316819 3322141 3322942 3330431 3330439 3330986 3332654
008484	PK338	3410588	13:30 - 16:00 TH	1085421 1126437 1136656 1143180 3065488 3085391 3088010 3095396 3188882
009362	TAYF	0125630	19:00 - 21:00 W	1085421 1161824 3062439 3065568 3088010 3179026 3256154 3319378 3322204 3330377
011842	PK25	0058557	12:00 - 14:00 T	1151485 3057399 3062766 3087141 3096229 3100385 3115992 3155201 3311445 3316653 3321871
004356	PK338	0847593	13:00 - 15:00 TH	1086904 3089763 3114776 3120788 3160008 3190685 3211393 3216554 3218908 3233850 3271107 3296990 3317234 3332580
011849	TAYF	0989327	14:30 - 16:00 T	1086904 1119061 1161808 3136630 3312114
004738	TH110	0004955	10:00 - 12:00 W	1086942 1155110 3153713
003278	PK180	0492451	14:00 - 16:00 T	1088139 1088892 1094776
003026	PK25	0222805	13:00 - 16:00 M	1088236 1131814 1150630 1153904 1155839 3057461 3065568 3067352 3069894 3072895 3073034 3077931 3077935 3084117 3085394 3088071 3089384 3092179 3098276 3100415
005743	TAYF	3392421	12:00 - 13:00 MWF	1088574 3070830 3081400 3161390 3217372
011027	TH110	3194739	13:30 - 16:00 TH	1088574 3121966
002163	PK25	3393271	14:00 - 16:00 T	1090070 3076209 3078071 3078822 3085643 3091305 3092408 3098983 3315084
002166	PK25	0428815	13:00 - 16:00 TH	1090070 3076209 3078071 3078822 3084853 3085643 3088141 3088969 3091305 3092408 3098983 3183942 3193776 3315084
011827	PK25	3393271	14:00 - 16:00 M	1090070 1162725 3076209 3078071 3078822 3088141 3088969 3091305 3092408 3183942 3315084
008501	TH110	0031553	14:00 - 16:00 TH	1090521 1136656 1138000 1143180 3068998 3216670
012105	TH110	3410588	13:00 - 15:30 T	1090521 3065312 3068998 3095254
004854	TH110	0030512	14:00 - 16:30 TH	1090632 3169644
004882	TH110	0031489	18:30 - 21:15 T	
006868	TH110	3402332	14:00 - 16:00 T	1092551 1153307 3072284 3074091 3095021
011840	PK180	0402773	13:00 - 15:30 W	1092551
006060	PK338	0031384	14:00 - 16:00 W	1092958 1153554 1163719 3062828 3067610
007391	TH110	0031631	16:00 - 19:00 TH	1092959 1141766 3065779 3067156 3078150 3093411 3098224 3210877
009845	PK180	0316015	10:00 - 11:00 MWF	1093321
002386	TH110	3208421	14:00 - 16:00 W	1093758 3065591 3066114 3066736 3088147 3125808
002464	TH110	3208421	12:00 - 14:00 T	1093758 3094744 3212293 3333675
002469	TAYF	0031489	12:00 - 14:00 TH	1093758 1096778 3061194 3066736 3089769 3095460 3105866
002174	TAYF	0004950	19:30 - 21:00 T	1093828 1109276 1126780 3061134 3062828 3070184
004885	PK180	0672202	14:00 - 16:00 W	1093828 3062796 3088433 3179110
007106	PK338	3310794	19:00 - 21:00 T	1094952 1163131 3081074 3085612 3093050 3094575
012104	PK338	1167884	13:00 - 14:00 MWF	1095145 3065560 3078934 3080142 3091169 3097080 3114776 3123316 3126602 3161390 3205324 3209232 3209949 3211128 3211542 3215601 3215879 3216633 3219920 3227754 3248179 3254053 3254879 3282664 3296990 3311808 3315789 3316782 3322236 3322740 3329656
001546	PK338	0031756	10:00 - 11:30 MW	1096573 1159860 3061134 3062766 3065722 3066589 3071792 3087809 3110627 3118178 3126731 3193288 3211007 3213727 3216601 3217778 3219719 3249531 3331578 3331776 3332761
001552	TAYF	0129398	19:30 - 22:00 T	1096573 3069486 3071792 3093319 3099184 3331578
001837	PK25	0409956	14:00 - 16:00 W	1096573 1112411 1161804 1162443 3084853 3085421 3086240 3089542 3091221 3091370 3091870 3092781 3098317 3106403 3114853 3115992 3126930 3142378 3152667 3183942 3185122 3185376 3189051 3193996 3194683 3204279 3205337 3209873 3210000 3210074 3211727 3214617 3215666 3217313 3219639 3221785 3232822 3250904 3260264 3261847 3262890 3265154 3276024 3304005 3304359 3307517 3309190 3315059 3315613 3315934 3321871 3322149 3322942 3323189 3323692 3323699 3331473 3331474 3331578 3331618
006045	PK25	0431634	19:00 - 22:00 T	1096920 1155813 3078822 3087527 3089763 3091221 3092532 3204306
001165	TAYF	0408816	13:00 - 15:30 TH	1098264 1124340 1155700 3094527 3094738 3106403 3221143 3306703 3322149 3323644
003274	TH110	3407606	10:00 - 11:30 TTH	1104323 1114293 1143142 3070887 3072284 3081988 3085846 3088969 3090375 3097709 3217195 3310852
010960	TAYF	3092941	10:00 - 12:00 M	1107899 1158383 1162892 3063303 3121199 3145695
011208	PK180	3208554	13:00 - 15:30 T	1109742
011865	PK180	3400077	16:00 - 19:00 TH	1109742
011962	TH110	0492451	19:00 - 21:30 M	1153307 1162792 3094263 3097075
003482	TH110	3320456	14:00 - 15:30 F	1115327 1154715 3073216 3100385 3112329 3309190
002995	PK180	0375562	14:00 - 16:00 TH	1120982 3191198 3209843 3248776 3308878
005723	PK25	0984701	19:00 - 21:00 W	1124024 3064819 3092244 3092532 3114269 3114872 3118178 3194474 3211542 3214178 3219786 3227754 3231826 3252374 3252673 3268127 3311808 3314945 3316711 3321787 3322715 3329744 3331496 3331582 3389664
008799	PK338	0031572	10:00 - 11:00 MWF	1126437 3066114 3077926 3161390 3189715 3191198 3204830 3212165 3332411
010966	TH110	0775640	13:30 - 16:00 W	1130377 3089384
011831	PK338	1168460	14:00 - 15:30 F	1133031 3085002 3089763 3153713 3193672
004275	PK338	0031577	10:00 - 12:00 M	3079872 3081431 3086995 3094744 3097521 3113753 3152572 3204688 3209294 3214129 3215889 3217785 3218908 3252312 3304197 3332411
001896	TH110	0409956	11:30 - 13:00 MW	1136145 3073017 3104489
007374	PK25	3410298	14:30 - 16:00 TTH	1155700 1162423 3057399 3070045 3079005 3080546 3080943 3087757 3096808 3097009 3150738 3177388 3211384 3217195 3218679 3296121 3331474 3333094
007923	PK180	0031539	19:00 - 22:00 M	1138792 1161808 3098380
001847	TAYF	0814748	10:00 - 11:30 MW	1143121 3084494 3145520 3185620 3315934
011830	TH110	1168460	13:00 - 14:00 MWF	1143387 3188402
008764	PK25	0899465	11:00 - 12:00 MWF	1149928 3066589 3091747 3094738 3095765 3158474 3191340 3193987 3209873 3215879 3216601 3219685 3220189 3222944 3226387 3233697 3249841 3256154 3261685 3261754 3261847 3265450 3303949 3304008 3306703 3306968 3312113 3316281 3316653 3322740 3322942 3323699 3329757 3332518 3333007 3333635
008421	PK25	0132890	19:00 - 21:30 M	1150630 3069758 3078258 3081234 3089115 3098243 3163183 3191876 3194888 3208714 3213402 3215249 3216244 3217439 3275971 3316273 3322151 3329172 3333219 3333459
001881	TH110	0056992	19:00 - 22:00 T	1151485 1155748 3064906 3065779
008821	TH110	0031572	19:00 - 22:00 M	1152580 3066124 3069352 3107224 3161390 3332411
010847	TH110	1168489	13:00 - 16:00 T	1161763 1162989 3068167 3077926 3077943 3090375 3332425
001861	PK338	0056992	16:00 - 19:00 TH	1154430 1160418
001429	TAYF	0030512	13:00 - 16:00 TTH	1155110 3092244 3093298 3120788 3213921 3280006 3309285 3322084
002562	PK25	3393847	18:30 - 21:15 T	1155813 3070922 3080405 3081179 3084353 3095391 3110756 3125873 3126772 3135241 3152623 3205208 3215769 3227145 3256706 3297368 3311452 3316711 3322141 3322187
001860	TH110	0123161	14:30 - 16:00 TTH	1156282 3086119 3091370 3092091
010949	TAYF	0897399	14:00 - 16:30 TH	1156612 3081410 3152788
001152	PK25	0406445	13:00 - 15:30 M	1157995 3068181 3080943 3081763 3091747 3097082 3098240 3098317 3111037 3112040 3114701 3114872 3125322 3126602 3126639 3138631 3155060 3209873 3211396 3211542 3212787 3215601 3217195 3217615 3219685 3223468 3223593 3228759 3231914 3232650 3248478 3250904 3264020 3265450 3273481 3275971 3293645 3295766 3297368 3304324 3304357 3305222 3306692 3307002 3311445 3315776 3315934 3315957 3316281 3316906 3319376 3322107 3322939 3322949 3323692 3329187 3329671 3329836 3331496 3331638
001749	PK338	0254474	12:00 - 14:00 T	1158383 3072895 3080774 3138631 3292462 3311550 3316782 3330095 3332409 3332410 3332980
001761	TAYF	0254474	19:00 - 21:00 M	1158383 3088147 3122181 3125127 3261697 3329757
006019	TH110	0856198	13:00 - 15:30 M	1161804 3177388 3193987 3314971 3331618
004036	PK25	0163316	19:00 - 21:00 T	1162443 3085596 3088141 3091169 3125808 3136630 3150738 3151195 3165880 3175457 3204153 3209843 3248478 3389664
002569	TAYF	3393847	11:30 - 13:00 MW	1163719 3067610 3097468 3108814 3213412
002572	TH110	3398516	10:00 - 11:00 MWF	1163719 3097468
011960	TAYF	0031543	12:00 - 14:00 T	3060775 3078987 3091169 3098490 3217372
002450	TH110	0029475	19:30 - 22:00 T	3061194 3079887 3100415 3205491
007032	TAYF	0031573	19:00 - 21:00 T	3061917 3082488 3108487 3121966 3155033 3191191 3196059 3211335 3214129 3231837 3271107 3322307
008434	TH110	0031553	13:00 - 15:00 TH	3062512 3073483 3103193 3119048 3177873 3209843 3248478
002161	PK25	1083806	13:00 - 15:30 W	3063119 3087948 3092411 3092781 3099257 3103166 3114872 3119909 3120137 3150160 3185122 3189051 3204279 3204644 3205337 3205454 3209784 3211360 3213412 3227175 3306482 3306835 3316614 3330439
007882	TAYF	0470839	18:30 - 21:15 T	3063119 3204306 3217444 3219029
006554	TH110	0031621	12:00 - 16:00 MF	3063437
002869	PK25	0004955	12:00 - 16:00 MF	3064715 3078958 3079887 3081988 3104716 3191191 3211542 3212008 3214617 3218335 3228778 3231837 3252374 3296121 3299552 3312285 3322236 3331496
007107	TAYF	0031568	13:00 - 14:00 MWF	3065426 3068911 3069894 3087328 3090316 3095290 3097933 3107224
005211	TH110	0493856	13:00 - 15:30 W	3065806 3093411 3171506 3190633 3227754
011299	TAYF	0168763	8:30 - 10:00 TTH	3065806 3070045 3071792 3073017 3086240 3091370 3096911 3098380 3104777 3120137 3152571 3211478 3216649 3304941 3332978
002153	PK25	0180723	12:00 - 14:00 TH	3065929 3082852 3089542 3091218 3092091 3093208 3098380 3114251 3114853 3115992 3125127 3142378 3158474 3173096 3177873 3188399 3192055 3193996 3194428 3197905 3204830 3208714 3210074 3211081 3211727 3214147 3215249 3215879 3216609 3219786 3221143 3221612 3221785 3221922 3222944 3227208 3238039 3238414 3239494 3248182 3250907 3260264 3268127 3281747 3288377 3303949 3304005 3304008 3306703 3306786 3307400 3310852 3311445 3314945 3315059 3315632 3315961 3316281 3316653 3321871
002444	PK180	0989327	10:00 - 11:00 M-F	3066423 3089769
011076	TAYF	0826964	10:00 - 11:30 TTH	3067156 3078071 3087117 3093411 3177388 3211006 3306692 3317234 3331474
005141	PK25	1137952	9:00 - 10:00 M-F	3068444 3082058 3103203 3114776 3118027 3125127 3153473 3211155 3223001 3250907 3256706 3330926 3333219
001561	PK180	0683480	11:00 - 12:00 MWF	3071792 3193996 3204619
006874	TH110	0750235	11:00 - 12:00 MWF	3074091 3090058 3095021
006026	PK338	0619470	19:00 - 21:00 M	3075104 3085394 3090752 3192437 3204688 3215759 3216871 3226387 3236537 3251946 3254237 3256812 3262977 3303921 3305222 3308669 3309285 3317266 3322720 3333635
011987	TAYF	0004955	19:00 - 22:00 M	3076521 3192054 3213968 3216649 3251957 3329964
006034	PK25	0554585	9:00 - 10:00 MWF	3088141 3091305 3092179 3103166 3109227 3110627 3126433 3126731 3149019 3155346 3185122 3192657 3193288 3205324 3210876 3214138 3215784 3216580 3216906 3217313 3217371 3251946
005853	TH110	0031582	19:00 - 21:30 T	3080774 3096911 3112040 3216649
012227	PK338	3337003	16:00 - 17:30 MW	3078987 3095908 3108691 3119909 3151640 3221922 3262172 3296990 3316782 3330377 3332252 3333381
007007	PK338	0028980	14:00 - 16:00 TH	3080142 3086119 3087328 3094556 3099257 3108691 3209872 3209949 3211335 3216601 3261754 3262172 3262890 3271107 3284809 3305828 3332425 3333635
002690	PK180	0031578	14:00 - 16:00 M	
011964	TH110	0409956	8:00 - 9:00 M-F	3080546
011963	PK25	0409956	19:30 - 21:00 MW	3081234 3081400 3087231 3091870 3095337
011186	TH110	3195964	10:00 - 11:00 M-F	3082488 3087431 3095391 3098496 3252851 3329413
008469	PK25	0125630	13:00 - 14:30 TTH	3081988 3095254 3098243 3163183 3173096 3191876 3204830 3216244 3216906 3217434 3217439 3218034
003006	PK338	0492580	19:30 - 21:00 MW	3084117 3085394 3090312 3097153 3106446 3204893 3211473 3217543
011224	TAYF	3196642	10:00 - 11:00 MWF	3084782 3115257 3205454 3218908 3248776 3257376 3329656
001454	TH110	0030512	14:00 - 15:00 MWF	3085002
012099	TH110	0030512	10:00 - 11:30 MW	3085407
006523	TAYF	0031573	10:00 - 11:00 M-F	3087117 3097933 3105382 3120788 3210027 3214704 3256961
002368	PK338	1051497	19:30 - 22:00 T	3088071 3125808 3170878 3193672 3204243 3204619 3209463 3224239 3233850 3248177 3268686 3306761 3307400 3307517 3315676 3316614 3319376 3322107 3330334 3332202 3332580
002395	PK338	1051497	19:00 - 21:30 T	3090058 3104870 3151195 3165880 3189715 3191210 3204243 3204619 3205491 3211396 3211643
011185	TH110	3195964	19:30 - 21:00 T	3092604 3100458
005160	TAYF	3393272	8:00 - 9:00 M-F	3093298 3194683 3322108 3329744
005258	TAYF	3393850	16:00 - 17:30 MW	3095391 3096248 3111037 3126772 3127044 3190633 3217793 3302457
002671	TH110	0989327	13:00 - 14:30 TTH	3095396 3214178 3330273
002873	PK180	3393272	19:30 - 22:00 T	3097082 3106446
001892	PK180	0409956	13:00 - 15:30 M	3097588
006506	TH110	0138190	10:00 - 12:00 M	3098947 3215081 3329964
005122	TAYF	3400071	13:00 - 15:00 TH	3108814 3152434 3191428
007888	TAYF	0431946	9:00 - 10:00 M-F	3191876 3217785
004015	PK25	0854975	13:30 - 16:00 TH	3105219 3109227 3110898 3114139 3155060 3155346 3165225 3171506 3214129 3214704 3214899 3217439 3232322 3248716 3252312 3254879 3283446 3304197 3306482 3307002 3308669 3311452 3311550 3317266 3323644 3332202
004360	PK338	0847593	13:00 - 15:30 W	3125322 3126772 3154498 3155695 3188793 3216871 3223740 3308878 3315957 3323539
007878	TAYF	0031386	14:00 - 16:00 M	3121582 3125127 3221557 3228861 3256961 3261685
009225	TH110	0029059	8:30 - 10:00 TTH	3155201 3221081 3227754 3252374 3304359 3305828 3332410
002390	TAYF	0316015	12:00 - 16:00 MF	3252673
002429	PK180	0030512	13:00 - 15:00 TH	3188402
005846	TAYF	3212821	11:30 - 13:00 TTH	3190802 3219783 3228778 3304005 3307321 3332532
006510	PK180	0031621	8:30 - 10:00 TTH	3216580
003407	TH110	3408295	19:30 - 21:00 MW	3216670
011862	PK180	3196642	13:00 - 14:30 TTH	3223001 3251957
011863	PK180	3196642	14:30 - 16:00 MW	3223001
009296	TAYF	1084371	19:00 - 22:00 T	3223740 3260419 3308669
004825	PK180	1051497	19:00 - 21:30 T	
