Course	Room	Teacher	Time	Students
007125	PK338	0162976	13:00 - 15:30 W	362014 1012362 1019072 1070812 1074737 1081112 1093453 1097508 1123611 1141987 1163270 3065426 3065806 3067313 3068612 3073034 3077926 3094479
007127	PK338	0028980	9:00 - 10:00 MWF	362014 1012362 1019072 1049392 1052099 1058853 1059804 1068660 1070812 1073428 1074737 1081112 1093453 1094952 1097508 1104323 1123611 1136139 1137568 1163270 1163883 3062862 3065426 3065806 3068612 3069318 3071694 3073483 3077926 3078066
011321	PK25	0028980	12:00 - 14:00 W	362014 1104323 1137568 1163883 3068911 3081073 3095290 3096229 3097933
011838	PK25	0031619	13:00 - 15:00 TH	1049392 1162892 3061460 3066114 3067056 3077931 3081988 3086192 3208714 3211727 3216244 3218034 3223468 3329656
002571	PK25	0564741	12:00 - 14:00 M	692830 1163719 3068633 3069893 3086709 3097468
006863	EHII	0402773	13:00 - 15:30 M	889130 1092551 1153307 3074091 3095021
008427	PK338	0125630	19:00 - 22:00 T	892947 1149928 3078602 3081698 3091176 3150738 3204830 3219719 3264020 3308669 3316819 3330334 3332425 3332580
010954	EHII	3401548	15:00 - 16:00 TH	892947 3101907 3257376
001248	PK338	0031388	12:00 - 13:00 MW	898104 903788 1058203 1070296 1070620 1072725 1073523 1079503 1080204 1084538 1085421 1087579 1093772 1095813 1107899 1126437 1130377 1153036 1162493 3064715 3077943 3100011
005263	PK25	0493855	12:00 - 13:00 MWF	898104 1032290 1089244 1118914 1133642 1136656 1162792 3069040 3079829 3081431 3121199
006044	PK338	0207327	12:00 - 14:00 M	901284 950914 1080806 1086556 1096920 1131814 1143387 1153554 1155813 1162725 3062828 3064630 3078822 3079774 3087527 3088264 3088390 3088433 3089763 3091221 3092532 3094802 3204306 3204893
001213	PK338	0031471	13:00 - 15:00 TH	903788 1058203 1079503 1081304 1084538 1087579 1092958 1098264 1136139 1153036 1163179 3064485 3082033 3083207 3093246 3094738 3099745 3100011 3160008
001845	PK25	0123161	14:00 - 15:30 F	908849 1143121 3077943 3080546 3084494 3086240 3092091 3204830 3211081 3219428 3323692
002712	EHII	0468281	12:00 - 13:00 MW	908849 1058068 1071068 1161763 3064156
001166	PK25	0135660	18:30 - 20:00 MW	910971 1057174 1060971 1071507 1122236 1162384 1163245 3065929 3069758 3070184 3083207 3093246 3095867 3100011 3122857 3123316 3126602 3188793
001862	PK25	0031557	13:00 - 16:00 T	910971 1057174 1073230 1160418 1161679 1162493 3065779 3075104 3084494 3087533 3089580 3097588 3104489
006559	PK336	0031478	19:30 - 21:00 T	3071694
001183	PK336	0406445	14:00 - 16:00 F	940115 1122236 1138637 3065560 3065568 3088010 3091218 3093100 3094700 3096808 3126602 3160008 3212787
001473	PK336	0031632	18:00 - 21:00 W	940115 1003163 1079349 1090632 1133031 1162390 1164777
004869	PK25	0053518	19:00 - 22:00 M	940115 1056297 1068953 1163424 3065289 3209936
004888	PK25	3092667	14:00 - 16:00 TH	940115 1000374 1056297 1059105 1068953 1086904 1093047 1108799 1131900 1161791 1163424 3060775 3061759 3062413 3063437 3065289 3073014 3306653
006059	PK338	0619470	8:30 - 10:00 TTH	950914 1047770 1058218 1073075 1080806 1088892 1096638 1135712 1138792 1143387 1149469 3064630 3065016 3065591 3066088 3069893
007396	PK25	0825571	14:00 - 16:00 T	979769 1058154 1070105 1071785 1096920 1115206 1139204 1141766 3066589 3078150 3080943 3082073 3090325 3093411 3097192
003572	PK338	0024092	11:30 - 13:00 MW	981248 1010605 1029713 1032290 1049279 1052076 1068656 1073179 1073672 1079224 1081394 1083355 1084609 1085466 1085971 1087771 1088535 1092760 1114293 1115327 1119061 1122130 1134634 1135650 1142038 1150110 1150448 1161753 1162892 1163179 3060791 3061460 3061759 3064819 3064869 3064906 3067156 3070887 3090316 3100385
011833	TH110	1084371	14:30 - 16:00 MW	981248
011943	PK338	3393009	9:00 - 10:00 M-F	981248 1029713 1076785 1079224 1084609 1161753 1161763 3070887 3084075
008765	PK338	0428728	14:30 - 16:00 MW	994458 1093772 1095145 1098264 3068444 3069585 3081720 3089555 3090752 3092091 3092411 3095908 3097009 3100468 3104489 3105866 3110627 3122181 3125873 3126731 3126930 3152667 3153473 3163183 3181938 3191210 3197905 3204248 3205324 3210000 3211081 3211478 3217434 3217793 3227175 3262172 3264020 3311410 3315934 3316693 3329187 3330986 3332978
002695	PK336	0138190	19:00 - 21:30 M	997873 1079912 3094422 3213968
010965	PK338	0897706	18:00 - 21:00 W	997873 3069455 3082688 3092012
004876	PK25	0032827	12:00 - 13:00 W	1000374 1071986 1161791 3060775 3064156 3072620 3088433
004011	PK338	3335907	11:30 - 13:00 TTH	1000704 1045484 1135712 3086995 3090312 3121966 3177063 3210877 3254237 3260308 3262890 3280006 3282664 3284809 3303921 3315632 3315776 3316906 3323189 3329172 3329671 3330095 3330337 3330439 3330627 3331638 3332421
003037	PK336	0222805	9:00 - 10:00 M-F	1001389 3069486 3071798 3077931
006042	PK338	0031454	14:30 - 16:00 M	1001389 1051891 1086556 1109564 1131814 1150429 1153554 1155813 1162725 1163719 3061686 3064899 3067610 3069894 3071798 3072895 3079774 3079866 3079871 3081951 3085643 3087527 3088264 3089384 3089555 3090752 3092408 3092532 3092830 3095021 3096963 3097592 3100728 3203791 3204306 3216580
009266	TH110	1083868	12:00 - 14:00 W	1001389 1088236 1097091 1150630 3069758
010942	PK338	0619470	13:00 - 14:30 TTH	1001389 1058218 1073075 1075264 1086556 1092958 1143387 1149469 1153554 3061686 3064630 3065016 3066088 3069893 3079866 3079871 3085421 3087527 3089555 3090752 3096963
004013	PK338	0031578	19:00 - 21:30 W	1003163 1158585 3084494 3095391 3095417 3105219 3109227 3113753 3114139 3150160 3151640 3177388 3179110 3190778 3204511 3208714 3210074 3211007 3211643 3214129 3214704 3214899 3216914 3228861 3254879 3260419 3265154 3268686 3302457 3306482 3308669 3317266 3323644
011957	PK336	1168460	17:30 - 20:00 W	1003163 1133031 3089763 3096355
011992	PK336	0694784	14:30 - 16:00 TTH	1003163 1079349 3082941 3093100 3093298 3095599 3096355 3153713
001851	EHII	0409956	14:00 - 16:00 F	1009914 1074737 1076479 1151485 3097588
006029	PK338	0031454	13:00 - 15:30 TH	1009914 1090070 3081951 3088071 3089580 3092411 3092781 3093246 3094263 3094744 3095908 3099184 3099423 3099745 3108691 3108886 3109227 3110627 3114251 3114853 3114872 3115257 3119909 3122857 3125856 3125873 3126433 3126731 3149019 3150160 3151640 3152572 3152667 3155346 3155695 3158474 3169335 3177873 3183942 3185122 3185620 3188399 3189051 3190685 3191834 3192657 3193288 3193776 3203991 3204279 3204495 3204644 3205324 3210876 3211360 3213412 3213727 3214138 3215784 3216633 3216906 3217313 3217371 3221143 3227175 3228759 3238414 3248326 3248716 3249841 3251946 3288377 3306482 3315084 3315957 3316614 3316819 3322141 3330431
003560	PK338	0031359	10:00 - 11:00 M-F	1010605 1017457 1049279 1073672 1085466 1092760 3061460 3064906 3065289 3066711 3073216 3080774 3081927 3152434 3165225 3306653
003500	PK25	3194193	14:00 - 16:00 M	1012792 1017457 1073316 1109564 3084658 3085407 3087948 3215635 3218335 3254053 3255502 3312113 3322949
001768	PK336	0027799	18:30 - 20:00 MW	1017457 1073316 1079912 1150110 1157995 1162493 3067585 3076209 3078232 3092012 3095290 3211396
002182	PK336	0428815	13:00 - 14:30 MW	1017882 3057362 3062766 3062860 3070495 3086192
002637	PK336	3393919	12:00 - 14:00 M	1019072 3084782 3087533 3094479 3097521 3239494
003447	PK25	0031359	12:00 - 14:00 TH	1024854 1059663 1070105 1092805 1135650 1150448 1154715 1157995 1162443 1163242 3079120 3082941 3103203 3104716 3121199 3122181 3152743 3216420 3217615 3329187
007920	PK336	0031386	14:00 - 15:30 F	1024854 1092805 3090029
011834	PK336	0470839	19:00 - 22:00 W	1072694 1076479 1079538 1081304 1097508 1115327 1133642 1159860 3068444 3081503 3084075 3107592 3191876 3219428 3306761 3332252
003424	PK25	3393009	14:00 - 16:00 W	1029713 1059663 1073428 1088535 1095145 1119061 1157995 3064819 3070887 3079829 3080539 3085846 3086455 3089115 3145695 3152743 3305222
003492	PK25	1084371	13:00 - 16:00 M	1029835 1059404 1068656 1087771 1093453 1129252 3061759 3064869 3066992 3069352 3099676 3205208 3215249 3216871 3315789 3322151
001843	PK25	0056992	14:30 - 16:00 M	1032290 1073230 1075264 1080980 1091600 1163245 3067214 3068911 3070045 3088010 3091370 3092151 3093208 3105382 3120137 3208714 3265450 3293645
008447	PK336	0132890	13:00 - 16:00 W	1080595 1090521 3065488 3163183 3211593 3217439 3218034
003270	PK338	0492451	14:30 - 16:30 T	1045484 1076785 1117207 3092604 3097075 3097709 3100468 3123316 3191191 3194873 3211393 3217195 3316273
011528	PK336	3310251	12:00 - 13:00 MW	1045484 3081927 3149019
005156	PK338	0493855	13:00 - 15:30 F	1048446 1080360 1126780 1162423 3067793 3073483 3081720 3084782 3091218 3098380 3103203 3169335 3179026 3213840 3217793 3233348 3254195 3292462 3317266 3330926 3331638 3332249
006525	EHII	0031573	8:00 - 9:00 M-F	1048446 1129252 3083207 3085302 3158474 3210027 3248179
008800	PK336	0031572	8:30 - 10:00 TTH	1048446 1079912 3067313 3161390 3192657 3212293 3307517
010944	EHII	0777265	12:00 - 14:00 W	1048446 1129252 3215241
001763	PK336	3393848	12:00 - 13:00 W	1049279 1154382 1154715 3152743 3177284 3204688 3214704 3311452
002375	TH110	0125630	13:00 - 16:00 M	1049332 3094744
002403	EHII	1137952	14:00 - 16:00 W	1093758 3151195
006026	PK338	0213446	11:00 - 12:00 MWF	1049332 1079503 1080542 1081207 1103971 1135650 1162725 3078066 3082488 3091221 3098243 3098983 3099257 3152623 3152743 3160933 3191191 3212784 3217313 3275971 3312113 3312114 3322663 3322722 3322740 3331618
011847	PK25	3195964	10:00 - 11:30 TTH	1049392 1052099 1073428 1139204 3065806 3095290
002643	TH110	0827051	14:30 - 16:30 M	1051315 1135687 3057461 3070231
002562	PK338	3398516	13:00 - 15:30 M	1051891 1079289 1090521 1149928 1163242 3062898 3114701 3121966 3151195 3166656 3205337 3211384 3211593 3211727 3212165 3215081 3215635 3218908 3220932 3311550 3322108 3331090
007049	PK25	0893542	9:00 - 10:00 M-F	1051891 1141987 1163270 3078066 3081073 3084853
001836	PK338	0898918	13:00 - 16:00 W	1051994 1096573 1112411 1162423 1162443 3068251 3081234 3085421 3088047 3088571 3089542 3090325 3091169 3091218 3091221 3091870 3092781 3097709 3098317 3126930 3142378 3152667 3177388 3183942 3185122 3185376 3189051 3193996 3194683 3204248 3204279 3205337 3209872 3209873 3210000 3210074 3211727 3213217 3214617 3215666 3217313 3219639 3231826 3232822 3260264 3261847 3262890 3265154 3276024 3304359 3307517 3309190 3315613 3315934 3322149 3322939 3322942 3323189 3323699 3331474 3331578 3331618 3332409 3332410
002175	PK336	3393271	14:30 - 16:00 MW	1051994 1093828 1109276 1112411 1126780 3062828
007087	PK336	0031573	12:00 - 13:00 MWF	1052099 1071318 1088574 3078232 3090776 3094575 3103193
002470	PK336	0697660	16:00 - 17:30 TTH	1056297 1131900 3066423 3188402
004872	PK25	0348369	11:00 - 12:00 M-F	1056297 1086904 1092760 1096573
005272	PK336	1137952	15:00 - 16:00 TH	1057174 1072725 1135687 3069585 3092091 3094738 3098224
001864	EHII	0031557	17:30 - 20:00 W	1057570 1076479 1087579 1091600 1135712
006846	PK336	3402332	14:00 - 16:00 W	1057570 1060971 1090070 1109742 1152580 1162384 3085126 3085596 3087231 3087533 3090752 3092411 3094802 3098983 3173096 3183942 3204517 3205454
007016	PK25	0316015	14:30 - 16:30 T	1057570 1141766 1141987 1163131 3067793 3078408 3080142 3087431 3092244 3093411 3110756 3135241 3191210 3203791 3250904 3302457
007026	PK336	3198619	19:00 - 21:30 T	1057570 1088574 1093758 1161679 3062862 3105292 3118027 3118090 3121966 3248179 3256812
004082	PK25	0031578	18:00 - 21:00 W	1058068 1071318 1071986 1077528 1088139 1091481 1093047 1150784 1163836 3062796 3066589 3070830 3097153
011828	EHII	1165592	12:00 - 13:00 W	1058068 1070105 1142038 3063516 3063573 3098496
007397	PK25	0603646	14:00 - 15:00 MWF	1071507 1082986 1088236 1094452 1094776 1122130 1155700 1161824 3057399 3067156 3079816 3099375
004304	PK336	3393042	12:00 - 14:00 TH	1109686
008490	EHII	0132890	13:00 - 15:00 TH	3094575
003009	PK336	0375562	14:30 - 16:30 T	1058218 3059978 3177165 3211473 3216898
011859	TH110	3332662	14:00 - 16:00 W	1058218 1087351 3069758 3097153
002394	PK336	0020988	13:00 - 15:30 TH	1059105 1096778 1133589 3066736 3088147 3105866 3165880 3189715
003528	PK336	3194193	8:00 - 9:00 M-F	1059105 1070105 1071068 1131900 3061759 3063070 3064869 3085391
003454	PK25	0599596	11:00 - 12:00 MWF	1059404 1154715 3062439 3063303 3065947 3066711 3067585 3069455 3073216 3080843 3082246 3084658 3086455 3089884 3092012 3092577 3099676 3152788 3153306 3215784 3218135
007372	PK338	0603646	18:30 - 20:00 MW	1059404 1076785 1078869 1092959 1108799 1117207 1136145 1155813 3065779 3066124 3067056 3077931 3078437 3081234 3082058 3087117 3087757 3092126 3092604 3096808 3097075 3100468 3126433 3152788 3193776 3211393 3217195 3217415 3218679 3331474
008467	TH110	0125630	9:00 - 10:00 MWF	1059404 3067133 3087328
003430	PK25	0031477	9:00 - 10:00 MWF	1059663 1161782 3079120 3080843 3095417 3114139 3122181 3194888 3212008 3217444 3254879 3314971 3316281
001841	PK336	0814748	19:00 - 22:00 M	1060971 1074737 1134634 1155110 3065779 3068181 3087231
002868	PK338	0004955	17:30 - 20:00 W	1068656 1103971 3069455 3078958 3082688 3097082 3108487 3112040 3112329 3114776 3122181 3179026 3214617 3219428 3284809 3307321 3322715 3322720 3331496
004873	PK336	3194193	19:00 - 22:00 T	1068656 1069487 1150110 3062413 3063437 3088047 3088433
007010	PK25	0162976	19:00 - 21:00 T	1068656 3082488 3088147 3093184 3093411 3094527 3100385 3103910 3105219 3107224 3192437 3194322 3196059 3203791 3213909 3215099 3217785
006502	EHII	0031621	10:00 - 11:30 TTH	1068660 1093828 3063437 3097588 3216906 3322720
004806	PK338	0032827	12:00 - 13:00 W	1068953 1090632 3210877 3212165 3217444 3221785 3223740 3226387 3252851 3308669 3311808
004827	PK336	0031373	16:00 - 17:30 M	1068953 1070620 3057399 3062796 3067387 3068911 3081720 3088071 3095417 3152434 3192055 3210877 3211007 3306653
004833	PK336	0348369	10:00 - 11:00 M-F	1068953 1115327 3062796 3093184 3169335 3180697
004750	TH110	3212821	13:30 - 16:00 TH	1069299
005864	PK25	3212821	16:00 - 17:30 M	1069299 1081569 1092084 3188887 3191191 3192054
006511	TH110	0031621	12:00 - 13:00 MWF	3085596
006860	PK25	0402773	19:30 - 21:00 T	1069299 3094263 3095021 3099423 3145694 3155695 3190685
002697	EHII	0031478	14:00 - 15:30 F	1069487 3080774
011774	EHII	1051497	16:00 - 17:30 TTH	1069487 1162455 3067056
001185	PK336	0123161	13:30 - 16:00 TH	1070296 1073211 1073523 1098264 3066711 3068167 3077926 3204495 3209294
001844	EHII	3312777	9:00 - 10:00 M-F	1070296 3087533 3135241 3211473
005847	PK338	0031416	19:00 - 22:00 W	1070296 3094700 3104014 3114701 3118027 3211155 3254237 3304197
005724	PK25	3392421	11:30 - 13:00 TTH	1070620 1071986 1081058 3078987 3091169 3119048 3119630 3120610 3126883 3145694 3161390 3204279 3205208 3205329 3209949 3211006 3211396 3213402 3217195 3322236 3330820
002160	PK338	0004950	19:00 - 22:00 M	1070812 3063119 3080539 3086119 3087948 3092411 3092781 3095337 3099257 3103166 3114872 3115257 3119909 3121582 3150160 3152667 3185122 3189051 3191834 3193161 3194683 3204279 3204644 3205337 3205454 3209784 3210000 3211360 3213412 3213727 3216633 3217313 3227175 3306482 3306835 3316614 3330439
002698	EHII	0854975	11:00 - 12:00 M-F	1071068
011836	EHII	0431946	14:00 - 16:00 T	1071068 3110756 3121582 3194428
007076	PK25	0031568	10:00 - 11:00 MWF	1071318 1073428 1136139 1149928 1163131 3073483
001235	PK25	0031471	8:30 - 10:00 TTH	1071507 1092958 1092959 1118914 1122236 1136656 1163179 3069758 3094738 3099745
004065	PK25	0854975	17:30 - 20:00 W	1071986 1073672 1150784 1160418 1163836
007909	TH110	0031539	13:00 - 14:30 MW	1072694 1138792 3098380
001179	PK25	1051387	13:00 - 15:30 F	1072725 1079224 1084538 1098264 1161782 3057399 3064485 3065016 3065488 3065560 3066992 3089542 3125450 3125873 3126731 3177284 3215081 3215769
005154	PK336	1020104	11:00 - 12:00 M-F	1072725 3067793 3204688 3213840 3217604 3223001
010861	PK25	0406445	13:00 - 15:30 TH	1080204 1081304 1085421 1088535 1095813 3088010 3096355
003007	EHII	0222805	11:30 - 13:00 TTH	1073075 1153904 3084117 3092179 3093208 3097592 3100385 3105292 3118090 3154498 3194322 3204243 3213968 3217371 3218679
004274	PK338	3400077	10:00 - 12:00 W	1073211 1087579 1163131 3062898 3079915 3080774 3094700 3110756 3118027 3118090 3125450 3126883 3151640 3154498 3175356 3177284 3205208 3210020 3213161 3213909 3215784 3217413 3217793 3218135 3218908 3220304 3304941 3322151 3329172 3329413 3332580
004279	EHII	0017611	14:00 - 15:00 MWF	1073211 1080542 1109686 3086709 3088571 3089014
006023	PK338	0301909	8:00 - 9:00 M-F	1073211 1088535 1109686 1118914 1125596 1134840 3082033 3085394 3090776 3092604 3095765 3097082 3098490 3112040 3118027 3118178 3121199 3165225 3171506 3180697 3188887 3191340 3204153 3209873 3209936 3213921 3214147 3214178 3217413 3217540 3217724 3219639 3219920 3222944 3224239 3225263 3231826 3231914 3233697 3233850 3236537 3239030 3248177 3249531 3256154 3256961 3261754 3268127 3276024 3283446 3292462 3293645 3295766 3304197 3305828 3306761 3306786 3307400 3309285 3309375 3311445 3312285 3315613 3315676 3315767 3315789 3319378 3321787 3322107 3322151 3322204 3322720 3322939 3322942 3323699 3329836 3330273 3330334 3330926 3331578 3331776 3332409 3332410 3332411 3332425 3332518 3332980 3333007 3333094
001839	PK25	0898918	13:00 - 14:30 TTH	1073230 1077528 1091600 1155110 1160418 1164327 3062860 3064906 3067214 3068181 3068878 3075104 3080539 3086119 3087231 3088141 3089580 3091370 3093257 3095337 3120137 3145520 3158474 3160933 3177873 3315059
011035	PK338	3213250	15:00 - 16:00 TH	1073230 1152580 3066711 3079872 3089014 3097192 3216649 3217346 3224239 3227754 3228861 3304324 3316782 3332518
009242	TH110	3310251	13:00 - 15:30 TH	1073316 1087771
009304	PK25	0493856	19:00 - 21:30 T	1073316 1089244 1133642 1134731 1135687 1162792 3069040 3098496 3190633 3209784
002413	PK25	1051497	13:00 - 14:30 MW	1073671 1075130 1141692 3061194 3063558 3066736 3088147 3095867 3104870 3180821 3189715 3191428 3204243 3204619 3205491 3215666
003014	PK336	3332662	14:00 - 16:00 M	1073671 1156319 1163836 3065568 3066088 3069894 3081074 3085612 3089384 3090312 3092179 3100402 3177165 3203791 3214138 3216898
001749	PK25	3198088	19:00 - 21:30 W	1075130 1150429 3069486 3191834 3251946 3261697 3322187 3331473 3332761
002635	PK338	0827051	19:00 - 21:30 T	1075130 3085302 3115257 3212008 3217346 3221143 3221612 3224239 3227208 3233348 3304723 3322204 3332252
006848	PK338	0750235	13:00 - 14:00 MWF	1076479 1077528 1160418 3095765 3103166 3108691 3109227 3119909 3191340 3193776 3204495 3204644 3204830 3211360 3213412 3213727 3220189 3227175 3271107 3303949 3306968 3321787 3330431 3330627 3330986 3332654
005191	EHII	1137952	14:30 - 16:00 MW	1078869
008485	PK336	0031553	14:30 - 16:00 M	1078869 1138000 1143180 1163270 1164327 3062439 3067133 3068998 3081988 3098243 3104489 3217434
002472	PK336	0493725	13:00 - 16:00 M	1079132 1090632 1096778 3062512 3065722 3066114 3073014 3188402
004301	EHII	1165566	13:00 - 16:00 M	1079289 1081058 1133031 1151485 1156277 3069040
004666	EHII	0775640	16:00 - 17:30 M	1079349 1080980 1130377 1162892 3079769 3089014 3185376 3204644 3216013
004839	PK336	1051497	13:00 - 15:30 M	1079538 1086904 3060775 3068911 3190633
011063	PK336	3195964	14:00 - 16:00 TH	1079538 3067387 3090316 3216914
011848	TH110	3195964	11:00 - 12:00 MWF	1079538 1086942 3090714
001560	PK25	0492321	10:00 - 11:00 M-F	1080204 1096573 1117207 3099184
001562	PK25	0031756	13:00 - 15:30 M	1080204 1096573 3093319 3099184 3192657
007375	PK338	0031631	14:00 - 15:30 F	1080360 1161824 1162423 3063573 3065488 3070045 3078150 3079816 3080512 3081431 3087117 3087328 3087757 3091370 3091870 3098224 3098317 3114269 3120610 3136630 3142378 3152434 3177388 3205329 3211006 3216013 3217415 3317234
008774	PK338	0031572	16:00 - 17:30 TTH	1080360 3063558 3094422 3125450 3215081 3215759 3219920 3304357 3308695 3322715 3322752 3322939 3332411 3332425
010950	PK336	1168489	10:00 - 12:00 W	1080360 1124024 1126437 1138637 1152580 1153554 3060791 3066124 3068167 3077943 3090714
011865	EHII	0031577	13:00 - 14:30 TTH	1080542 3088571
001767	EHII	0995161	12:00 - 14:00 M	1080595 3062958 3078437 3082688 3091305 3101150 3170878
011322	EHII	0028980	12:00 - 13:00 MWF	1080595 3082688 3181938 3216670
001427	PK336	0031632	11:30 - 13:00 TTH	1080806 1090632 3093298 3095599 3104777 3125322 3155060 3217604 3330377
004817	EHII	0031473	11:00 - 12:00 MWF	1153036 3070922 3101907 3120788 3121782 3145520 3169644
006500	PK338	0031399	13:00 - 14:30 MW	1080980 1092805 1096638 1097508 1158585 1161804 3063437 3071694 3079915 3081951 3085394 3086995 3094527 3096248 3152571 3175356 3204893 3255502 3257376 3259090 3262890 3295766 3304941 3305828 3308878 3309375 3316273 3329656 3329744 3329964 3331474 3331638 3332249 3332410
001890	PK336	3312777	11:30 - 13:00 MW	1081058 1162384 3063516 3065929
002992	PK338	1083868	10:00 - 11:30 TTH	1081207 1115206 1155700 1161824 1162792 3066589 3071791 3078232 3088350 3092244 3094556 3094802 3120610 3122857 3126433 3151640 3152572 3181938 3188399 3209843 3210876 3211393 3217667 3219685 3220537 3223468 3248326 3248776 3252851 3304359 3308878 3315084 3315676 3315934 3316693 3316819 3323644 3330372 3332411 3332654 3333381
005197	EHII	1020104	14:00 - 16:00 M	1081304 1085421 1112411 1134731 3066114 3089542 3209784
007380	PK25	0987494	19:00 - 22:00 W	1081394 1096920 3070045 3079005 3080546 3080943 3081234 3081698 3087757 3088047 3091892 3097075 3221081
004739	PK25	3393272	19:00 - 22:00 T	1081569 1092084 1158585 3188887 3191191
005873	EHII	3212821	13:00 - 15:30 TH	1081569 1092084
002704	TH110	0032827	8:30 - 10:00 TTH	1082986
007377	PK25	0701976	11:30 - 13:00 MW	1082986 1096638 1136145 1161804 3079005 3080546 3081234 3091870 3108487 3121199 3142378 3177063 3212784 3216420 3216601 3219786 3331473 3331474
005845	PK338	0031582	19:00 - 21:30 M	1083355 1158585 3190802 3219783 3228778 3232822 3256706 3257376 3304005 3307321 3332532
006519	EHII	0031478	13:00 - 16:00 W	3062860 3080118 3087117 3093100 3099375 3126433
004355	PK338	0847593	12:00 - 14:00 TH	1086904 3089763 3114776 3120788 3160008 3190685 3216554 3218908 3221612 3233850 3254053 3260308 3271107 3296990 3317234 3332580
002878	TH110	3212821	13:00 - 16:00 W	1086942 1103971 1149469 3066973
011857	TH110	0847593	12:00 - 14:00 M	1087351 3080142 3188402
003277	TH110	0492451	13:00 - 15:30 T	1088139 1088892 1094776 1134731 1143142 3066124
003027	PK25	0375562	13:30 - 16:00 TH	1088236 1123611 1131814 1155839 3064899 3065426 3065591 3072895 3085394 3088071 3088264 3092179 3100402
011846	TH110	3196642	10:00 - 11:30 TTH	1088574
002164	PK338	0180723	14:30 - 16:30 M	1090070 3057362 3061134 3076209 3078071 3078822 3084853 3085643 3086192 3091305 3091587 3092408 3095021 3098983 3183942 3315084
011826	PK338	0180723	10:00 - 11:00 MWF	1090070 3057362 3061134 3062766 3076209 3078071 3084853 3085643 3086192 3088141 3088969 3091587 3092408 3098983 3315084
008500	PK336	0031619	13:00 - 14:30 TTH	1090521 1136656 1138000 1143180 3068998 3216670
002367	PK338	3208421	11:00 - 12:00 M-F	1090632 3121782 3126602 3138631 3163183 3166656 3175457 3189715 3191210 3192657 3204243 3204619 3205491 3211396 3211478 3211643 3212165 3215666 3217372 3268686 3309285 3315767 3322107 3322722 3333635
003433	PK25	0031477	13:00 - 15:30 W	1091481 1092805 1093772 3062439 3064715 3065289 3067585 3080774 3082246 3084075 3085421 3090325 3092577 3093257 3097082 3100385 3107592 3109227 3119630 3125450 3152571 3153306 3155060 3155348 3194873 3205138 3211335 3212784 3214899 3306653 3319378 3330627
004023	EHII	1167978	19:00 - 21:00 T	1091481 3079855 3085596 3104777 3108886 3175457 3323539
001151	PK338	0031388	14:00 - 16:00 T	1091600 3068181 3079120 3081179 3082370 3084353 3086119 3088141 3088969 3091747 3098317 3106403 3127044 3135241 3153713 3166656 3185620 3209232 3215601 3216601 3216609 3216914 3217778 3228759 3238414 3248716 3252312 3260264 3297368 3304357 3306703 3311445 3322141 3322149 3323644 3332532
001764	PK25	1165592	19:00 - 21:30 M	1092760 1095145 1157995 3085407 3096355 3103910 3191823 3211542 3227145 3248182 3322740
004066	PK336	3244352	10:00 - 11:30 TTH	1093047 1097091 3070830
004394	TH110	1051497	14:00 - 16:00 F	1093321
009273	PK25	3310251	14:00 - 16:00 F	1093453 3069352 3073216
007381	PK25	0031611	15:00 - 16:00 TH	1094452 1164327 3067585 3079005 3079887 3080546 3086240 3091870 3095337 3097009 3099375 3126930 3177063 3210877 3211006 3323454 3323692 3330095
007008	PK338	0316015	14:00 - 15:00 MWF	1094952 1156319 3067387 3070184 3085612 3094263 3100011 3193987 3197905 3213921 3223001 3223593 3232322 3249841 3256154 3256961 3261685 3296121 3316782 3321871 3322084 3322663 3333007
002856	PK338	3318436	13:30 - 16:00 TH	1095145 1162423 3068444 3079120 3081179 3086240 3086995 3089014 3094744 3095908 3096489 3101150 3104014 3105382 3110627 3121582 3125127 3125856 3152788 3161390 3178019 3188793 3188879 3190134 3190802 3191210 3192437 3193672 3193776 3194322 3194888 3204243 3204248 3205324 3205329 3205491 3211128 3211335 3211360 3211643 3213402 3213840 3217372 3217415 3217434 3217543 3217785 3217793
002653	PK336	0359529	12:00 - 14:00 W	1095813 3104014 3149019 3205138 3214129 3215769 3216649 3221081
009262	PK336	3196642	13:00 - 15:30 W	1095813 3084782 3097075 3126930 3205491 3217543 3218679 3227145 3332421 3332761
004280	TH110	0031577	14:30 - 16:00 TTH	1109742 1162390 3086119 3096489 3219029
004289	TH110	0017611	19:00 - 21:30 T	1109742
009299	TH110	3092667	11:30 - 13:00 TTH	1163424 3078437 3080118 3152571
005141	PK25	0493856	13:00 - 14:00 MWF	1120982 3096963 3105382 3152572 3188882 3216013 3227754 3262172 3315776 3319376
011531	EHII	3310251	18:00 - 21:00 W	3078958 3093100
005722	PK338	0031543	13:00 - 15:30 T	1124024 3064819 3092244 3092532 3114269 3114872 3118178 3211542 3214178 3219786 3227754 3228428 3231826 3252374 3252673 3255502 3268127 3306761 3314945 3316711 3321787 3322715 3322722 3329744 3330273 3331496 3389664
008793	EHII	0899465	13:00 - 14:30 MW	1124024 1161763 3107224 3191198 3212165 3217415
006508	EHII	0031478	13:00 - 16:00 T	1125596 3215241 3316782
006562	EHII	0031573	8:30 - 10:00 TTH	1125596 3090714 3215241
005243	EHII	3310303	19:00 - 22:00 M	1126780 1153307 3079887 3082058 3091305 3091587 3145694
006565	TH110	0031399	19:00 - 22:00 M	1129252 3079915
001838	PK336	0056992	14:00 - 16:00 T	1133589 1158383 3066423 3084075 3098490 3101150 3104716 3155201 3170878 3179110 3188879 3212293 3216244 3217408 3217444 3256706 3302367 3333459
002464	EHII	1051497	14:30 - 16:30 M	1133589 3066114 3069318 3073014 3090058 3095867
001242	TH110	1051497	19:00 - 21:00 T	1134151 3088010
004285	TH110	1165566	14:00 - 16:00 M	1134634 1150784 3065929 3082370 3092830 3153473
011037	PK336	0777265	13:00 - 16:00 T	1134634 3081073 3097933
002568	PK25	3398516	14:30 - 16:00 MW	1134649 3067610 3068633 3069893 3086709 3097468 3108814
011965	PK25	3393847	13:00 - 16:00 W	1134649 3068633 3069893 3086709 3097468
005257	PK336	3393850	13:00 - 15:30 T	3067793 3080142 3087431 3103193 3190633 3214129
011861	EHII	3196642	9:00 - 10:00 MWF	1135687 3098496 3103166 3125322 3323692
004009	PK338	0163316	13:00 - 16:00 M	1137568 3071798 3091892 3155033 3161390 3169644 3210020 3212787 3214138 3214147 3219719 3231837 3248179 3292462 3297051 3299552 3304324 3309190 3314971 3323454 3330334 3330372 3332409 3333094 3333219
008479	EHII	0031619	13:00 - 14:00 MWF	1138000 3062439 3092126 3216670
005162	PK336	0031582	14:00 - 15:00 MWF	1138637 3098284 3171506 3188887 3219783 3228778 3252374
007364	PK338	0031611	14:30 - 16:00 TTH	1143121 1153904 1161804 3065947 3073216 3099257 3100468 3104014 3111037 3126772 3155348 3192054 3193288 3211155 3212008 3213840 3215635 3216871 3217439 3218679 3219719 3219783 3232225 3232625 3233697 3239030 3249531 3249965 3251957 3256812 3261754 3262977 3264020 3296121 3303921 3305222 3306692 3316906 3317266 3322204 3329187 3330337 3332202 3333094 3333635
011295	EHII	3208554	13:00 - 15:30 F	1143121 1161679 3066973 3107592 3119048
001547	EHII	0031756	13:00 - 15:30 W	1143180 3078071 3118178 3213727 3331578
008763	PK338	0899465	14:00 - 16:00 W	1149928 3094738 3158474 3189051 3209872 3209873 3211593 3215879 3219685 3222944 3226387 3232650 3233697 3261754 3261847 3265450 3304008 3306692 3312113 3315059 3315767 3316281 3316653 3322740 3322942 3323699 3329413 3329757 3331618 3332518 3333635
011392	PK25	3310794	14:30 - 16:00 TTH	1150110 1163131 3070887 3085612 3087431 3089115 3093184 3094527 3094575 3107224 3188879 3191198 3193161 3194322 3205324 3213909 3218034
004036	EHII	3335907	13:00 - 15:30 T	3062958 3078987 3079769 3080118 3084658 3103910 3160933 3177873 3193161 3209936 3216554 3217540 3321871
004735	EHII	3393272	10:00 - 12:00 W	1155110 3153713 3219428
005852	PK25	0031416	16:00 - 17:30 TTH	1155110 3078958 3082941 3092781 3112040 3112329 3193672 3216649 3219428 3248179 3251957 3256812
011860	TH110	3332662	10:00 - 11:00 MWF	1156277 3062898
004804	PK25	0348369	13:00 - 15:30 T	1159860 3061917 3085407 3092577 3100388 3114776 3150843 3169644 3220304 3260419 3296990 3331582
002162	PK338	3393271	13:00 - 16:00 T	1162725 3062766 3076209 3078071 3078822 3084853 3085643 3088141 3088969 3091305 3092408 3098983 3100728 3315084
003031	PK336	0375562	19:00 - 21:00 T	1163125 3064899 3065591 3066992 3067352 3069894 3073034 3077935 3089384 3097153 3098276
001752	TH110	0416447	13:00 - 15:30 W	1163242 3098276 3217540 3297051
006050	EHII	0031526	10:00 - 11:00 M-F	1163719
004667	EHII	0470839	13:30 - 16:00 TH	3069486 3079769 3082852 3307400
002173	EHII	1083806	19:00 - 21:30 T	3061134 3091587
008767	PK338	0899465	19:30 - 21:00 T	3061134 3093208 3097709 3108691 3114853 3115992 3118090 3155033 3193996 3204688 3205138 3210876 3248776 3250904 3281747 3306786 3322307 3322949 3332980
002151	PK338	0162987	19:00 - 21:00 T	3061917 3082852 3092091 3093208 3098380 3099184 3110627 3114251 3115992 3125127 3145520 3173096 3177873 3185620 3192055 3197905 3204830 3208714 3211081 3215249 3215879 3216609 3219786 3220923 3221785 3221922 3222944 3225263 3236537 3238039 3239494 3248182 3250907 3268127 3281747 3288377 3303949 3304005 3304008 3304324 3306703 3306786 3307400 3308695 3311410 3311445 3314945 3315059 3315632 3316281 3316653 3316711 3321871 3329836 3331473 3331582 3331776
002855	PK338	3407450	12:00 - 14:00 W	3061917 3085846 3094556 3095765 3110898 3111037 3112040 3112329 3113753 3114139 3114251 3114269 3114701 3114776 3114853 3114872 3115257 3115992 3116564 3118178 3138631 3188399 3188882 3191340 3193987 3204511 3204688 3209832 3209872 3209873 3210020 3211007 3211155 3211542 3211593 3212008 3213161 3213921 3214147 3214178 3214617 3215099 3215249 3215635 3215759 3215879 3215889 3216554 3216580 3216633 3216871 3217346 3217615 3217667 3218335 3218908 3219029 3219639 3219685 3219719 3219783 3219786 3219920 3220189 3220304 3220537 3220923 3220932 3221143 3221557 3221612 3221785 3221922 3222944 3223001 3223468 3223593 3223740 3224239 3225263 3226387 3227145 3227208 3227754 3228428 3228778 3228861 3231826 3231837 3231914 3232225 3232322 3232625 3232650 3232822 3233348 3233697 3233850 3236537 3238039 3239030 3239494 3248177 3248182 3248326 3248478 3248776 3249531 3249841 3249965 3250904 3250907 3251946 3251957 3252374 3252673 3252851 3254053 3254195
008420	PK25	0031553	14:30 - 16:30 M	3061917 3081988 3098243 3163183 3191876 3212787 3215759 3216244 3216906 3217439 3218034 3226387 3319378 3330820
002452	TH110	0132890	19:00 - 21:30 W	3062512
001561	PK336	1168366	9:00 - 10:00 MWF	3062828 3081927 3118178 3204511 3204619 3329757
006038	PK25	0031621	10:00 - 12:00 W	3062828 3072895 3085643 3087527 3094744 3097468
007881	EHII	0470839	18:30 - 20:00 MW	3063119 3204306 3209669 3219029
002665	TH110	0899465	8:00 - 9:00 M-F	3064156
002875	EHII	0031582	14:30 - 16:30 T	3064715 3192054 3213161
001747	PK336	0416447	19:00 - 21:30 W	3065722 3080512 3080943 3084353 3098276 3098496 3252673 3329757
009231	EHII	0697660	19:00 - 21:30 W	3066423 3104870 3180821
002381	TH110	0031473	14:00 - 16:00 TH	3066736 3125808 3217604
005201	TH110	0847593	13:00 - 14:00 MWF	3067214
011064	PK336	3195964	13:00 - 15:00 TH	3069455 3079005 3092012 3233850
011832	PK336	3196642	13:00 - 15:30 F	3070231 3089884 3097521 3217667
005739	EHII	3392421	14:00 - 16:00 TH	3070830 3119630 3190134 3217372 3232225 3322236
006865	EHII	3402332	19:00 - 22:00 W	3074091 3087414 3090058
011986	PK336	0004955	13:00 - 14:00 MWF	3076521 3192054 3213968 3331090
011065	TH110	3195964	13:00 - 16:00 T	3078408
012051	PK336	0030512	11:00 - 12:00 MWF	3082941 3193672
004852	EHII	3194193	19:30 - 21:00 T	3078958 3280006 3333675
004014	PK338	3244352	14:00 - 16:00 TH	3079816 3097933 3110898 3121782 3150738 3171506 3188399 3204619 3211384 3220537 3227145 3232322 3248716 3252312 3258543 3283446 3304197 3307002 3310852 3311452 3311550 3316614 3322107 3332202
004046	EHII	0854975	19:00 - 21:30 M	3081698 3151195 3165880 3175457
001423	PK338	0853792	16:00 - 17:30 M	3084353 3097592 3123316 3125808 3193672 3219029 3220932 3280006 3297368 3303921 3322084 3322108 3332532
007034	PK336	0031573	14:30 - 16:30 M	3085846 3088350 3105292 3108487 3204306 3275971 3330337
004288	TH110	0123161	14:00 - 15:00 MWF	3092830
001549	EHII	1051387	10:00 - 11:00 MWF	3093319 3217778
008773	EHII	1168489	14:30 - 16:00 TTH	3094422 3142378 3215666 3295766
006024	PK338	0554585	14:00 - 16:00 M	3094556 3103166 3110898 3114269 3114701 3115992 3204619 3211473 3215249 3215759 3215879 3216554 3217615 3217667 3219685 3221922 3223593 3223740 3228428 3231837 3233348 3238039 3248776 3250904 3258543 3259090 3261847 3273481 3304005 3304008 3304723 3306835 3306968 3308695 3309190 3314945 3316693 3330377 3330439 3330986 3332252 3332421
003407	PK338	3408295	14:00 - 16:00 F	3215601 3217667 3231837 3304723 3307517 3310852 3315961 3316819 3332654
005121	TH110	3400071	14:30 - 16:00 M	3101150 3108814 3152434 3191428
007887	EHII	0431946	14:30 - 16:00 M	3110756 3191876 3217785
002567	EHII	0031621	19:00 - 22:00 T	3108814 3211727
005179	EHII	3393850	12:00 - 14:00 TH	3111037 3126772 3127044 3153473
002152	PK338	0162987	12:00 - 13:00 MWF	3114853 3116564 3188399 3194428 3214147 3216580 3221143 3221612 3227208 3260264 3310852 3315961 3330372 3332978
004359	PK25	0989327	8:00 - 9:00 M-F	3120137 3126772 3127044 3155695 3216871 3223740 3296121 3306835 3308878 3315957 3323539
007877	PK25	0031386	12:00 - 13:00 MW	3221557 3228861 3256961 3261685
004377	TH110	0847593	19:30 - 21:00 T	3150843
005264	TH110	1020104	14:00 - 16:00 T	3209784
002564	TH110	3393847	13:00 - 14:30 TTH	3213412
004361	EHII	0138190	11:30 - 13:00 MW	3217346 3283446
001156	PK336	3208421	10:00 - 11:00 MWF	3304359 3319376 3330273
002373	TH110	0031632	10:00 - 12:00 W	3307002
011532	TH110	0431634	12:00 - 14:00 TH	3311808
