Course	Room	Teacher	Time	Students
004356	PK20	0847593	12:10 - 13:00 MW	3227350 3759024 3817969 3822201 3893220 3914344 3914814 3915099 4062047 3417643 4096251 3695282 3903861
010960	TH110	3092941	13:10 - 14:00 MWF	3227350 3615055 3652473 3676165 3692519 3759552 3790792 3797324 3818675 3634695 3823151 3797564 3762625 3819309 3818274 3819372
006054	TH110	0554585	13:10 - 16:30 TH	3475959 3715155 3797740 3631215 3667464
007407	TH110	0031631	8:25 - 9:45 TTH	3480592 3579592 3667676 3693219 3693224 3693433 3695784 4091039 3559464 3694433 3797862 3596492 3650228 3692187 3595163 3689920 3797650 3693286 3651033
005731	TH110	3392421	12:10 - 14:00 T	3481664 3690789 3817048 3634695 3650256 3650874 3693230 4175491 3694415 3797653 3910617 3910646 3669016 3693286 3651033
015862	PK180	4168993	13:10 - 16:00 M	3915044 3995827
008770	PK20	3554385	12:55 - 14:15 TTH	3483977 3759127 3903994 3953825 4003131 4023438 4093315 3808480 4005905 4095445 4086513 3759337 3930197 3635008 3988502 4095876 3995802 3988063 4002113 4077315 4086444 4086495 4175520 3910730
002161	PK20	0301910	10:10 - 11:30 MW	3489089 3579645 3608097 3638301 3693712 3694712 3694754 3716140 3774808 3789529 3790244 3799474 3817969 3818024 3843290 3852207 3861195 3914344 3929586 3929849 3930302 3930678 3995730 4097018 3764208 3808480 3833378 3930608 3521001 3818025 3929954 3994876 3929812 3693084 3789283 3694428 3801768 3914251 3773692 3915029 3929679 3929815 3796247 3902440 3929704 3930544 3722764 3910582 3819393 3691794
001460	PK20	3098022	13:10 - 14:00 W	3491953 3582182 3704166 3816832 3639603 3758075 3668386 3608602 3650736 3666175 4086502
001474	PK20	0853792	10:55 - 12:45 T	3491953 3582182 3650256 3639603 3668386 3608602 3650736 3666175
011865	PK20	3818521	13:40 - 16:00 T	3491953 3579645 3651365 3693557 3721994 3816993 3820885 3823094 3694039 3818064 3583596 3633806 3684090 3797831 3789439 4000229
005258	PK180	4170165	14:10 - 16:00 TH	3493764 3667654 3690516 3595163 3667677 3797685 3797733
006580	PK278	3083296	14:10 - 16:00 TH	3493931 3759552 3797605
002175	PK20	3415849	19:10 - 21:00 MW	3496439 3606536 3693813 3496673 3690043 3650239 3648550 3493748 3460343 3689500 3690806
002178	PK20	0180723	13:10 - 14:00 TH	3496439 3656490 3496673 3610287 3690043 3667503 3648550 3694903 3460343 3689500 3690806 3591844
003525	PK180	3318436	13:10 - 14:30 W	3544262 3578240 3929635 3789507 3667677 3902404 3819304 3690733 3768339
015249	TH110	3212821	17:40 - 20:00 T	3544262 3797532 3830308 4091895 4035604 3652273 3903896 3883637 3903520 3910496 3820380 4017901 3931323
016623	PK20	0254474	19:10 - 20:00 TH	3667404 3901484 4086511 4095243 3820774 3612623 3904645 3695292 3595641 3929419 4002806 4093255 3911124 3691514
002875	TH110	0031582	13:10 - 15:30 F	3557742 3656490 3797532 3816992 3819230 3832060 3973168 3910618 3758075 3559872 4086300 3824908 3797794
007107	PK278	0031568	10:55 - 12:45 T	3559903 3609407 3816924 3816708 3589576 3797666 4096266
004010	PK20	4089710	9:10 - 12:30 T	3560236 3679221 3693891 3823338 3832060 3913396 4000249 3905861 4000367 3797708 4091936 4095079 3581274 3816203 4093255 4093607 4093806 3921208 4095004 3930865
002562	PK20	4177047	13:10 - 14:30 W	3572330 3651293 3691748 3692862 3820479 3823311 4003485 4086458 4093015 4093161 3834370 4010147 3909951 3850568 3905715 3930763 3820756 3910510 3898245 3910633 4003130 3799593 3974846 4095190 3915155 3917445 4092769 4093066 4093126 4093989 3821729 4044087 4086215 4092819 3930253 3672031 3913815 4175341 3666207
006060	PK20	0431634	13:10 - 14:00 MWF	3574519 3651243 3691981 3694006 3695368 3645471 3691575 3692796 3797740 3631215 3691416 3651499 3576002
016609	PK20	4273392	13:10 - 16:00 F	3581497 3621523 3651573 3651816 3863747 3559319 3642204 3768088 3693084 3821008 3560234 3650228 3910510 3797680 3910533 3595163 3690652 3797787 3578191 3596193 3797613 3846234 4087169 3651033 3797812
010851	PK20	0207327	14:25 - 15:45 TTH	3475959 3574519 3575259 3616918 3629518 3632881 3639772 3651243 3651465 3667273 3690778 3690799 3691981 3692862 3693789 3693813 3694006 3694236 3694432 3695368 3695543 3710476 3715155 3716140 3722992 3788990 3817507 3820963 3821044 3930296 3930683 3691575 3789493 3821643 3695554 3848104 3797740 3818480 3816486 3631215 3574349 3691416 3820965 3774021 3922542 3995802 3595641 3651499 3797830 3821439 3910695 3929679 3668378 3910683 3910746 3956133 3961853 3579864 3651605 3816483 3820971 4086462 3797630 3578252 3462565 3493704 3576002 3797699 3910468
015500	TH110	0695890	13:10 - 14:00 M	3575259 3691983 3793612 3820885 3823262 3901669 3903092 3610671 3655428 3914251 4086337 3797814 4086473 3692187 3692294 3797751 3821195 3903909 3462565
010842	PK20	0564741	18:10 - 19:00 W	3576020 3821554 3847728 3820729 3848104 3930047 3492361 3694417 3821393 3651499 3820038 3678357 3690719 3708638 3910527
015113	PK20	0820103	13:10 - 15:00 W	3597365 3652396 3668366 3692628 3694289 3694980 3695027 3793612 3559319 3694434 4001588 3692915 3642204 3693084 3668420 3694417 3797680 3694780 3690652 3930485 3578191 3695434 3823405 3691361 3774116 3478964
006026	PK20	0207327	10:10 - 11:00 MWF	3579645 3650225 3693712 3816764 3819585 3820587 3820992 3822201 3822778 3904411 3953819 3994652 4002166 4003415 4037411 4043543 4093186 3913786 3929572 3930890 4026411 4094965 4095424 3695643 3823228 3910321 3914683 3823438 3904334 3923376 3995576 3715174 3669069 3692852 4093612 3818807 3820900 3905885 4075429 3666995 3930864 4093255 4095302 3690445 3771747 3591774 4091072 3797835
014569	PK20	3483424	14:10 - 16:00 W	3560236 3579645 3716140 3716357 3822778 3861195 3901577 3903994 3914515 3915711 3930302 4001999 4002075 4003415 4093026 4093136 4094796 4095053 4095897 4095930 3808480 3852791 3904324 3957394 4001588 4095424 3921659 3797718 3890005 4024121 4095985 3923376 4091785 3901413 3689328 3789283 3969305 3988502 4095876 3995802 4003130 3914552 3914928 3929815 3989696 4007305 3460343 3847931 3891249 3910617 3928589 4014851 4092159 4093066 3910763 3930817 3975519 4002909 4040430 4077315 4093853 4095301 3995568 3854016 3869959 4095071 3901731 4091072
004281	PK20	3092832	14:10 - 16:00 TH	3579867 3675467 3693557 3910870 3929237 3929864 3823391 3902667 3821269 3823094 3914251 3694039 4086309 3759092 4086216 3632720 3684090 4086249 3789439 4000229
006851	PK20	4172051	8:25 - 9:45 TTH	3579867 3901577 3910870 3929800 4011555 4095807 3861339 3931881 4010147 4091510 3930137 4000366 4089004 3758045 3799529 3801768 3914251 3929679 3995827 4092633 3790857 4093159 4093778 4095425 3458065 3797699
001213	TH110	3577228	10:10 - 11:00 MWF	3581265 3611048 3630526 3651465 3699567 3704166 3774808 3929165 3953805 3668365 3931064 3818274 3690845 3714653 3910693 3910763 3797607 3910720
008764	PK20	0899465	12:10 - 13:00 MWF	3581265 3609553 3724014 3793612 3816993 3901722 3905868 3914696 3929739 3930025 3930721 4011555 4091895 4092928 4093416 4093611 4094613 4095083 4096769 3725997 4001588 4035604 4074784 4092144 3902667 3797164 3961853 4003045 4086471 4091672 3851735 3904320 3929235 3823092
011962	TH110	0492451	16:10 - 17:30 M	3581265 3667749 3819628 3830308 3930891 4092290 3797606 3693565 3790863 3931064 4086239 3913674 4086229 3692294 3901254 4003045 4175517 3579092 3722926 3797867 3821195 3851838 3630474 3901790 3630915
001750	PK180	4196252	13:55 - 15:45 M	3581389 3693219 3693224 3694810 3483042 3699593 3839910 3663306 3597302 3589576 3903861 3693280 3595071
016625	TH110	3318436	11:40 - 13:00 M	3581389 3692164 3904715 4003415 4091767 4093282 4090814 4090730 3797192 3881597 3910496 3911048 3910515 3929578 3821589 4003534 4050929 3667311
007375	PK20	4274270	11:25 - 12:45 TTH	3581497 3691983 3705083 3717137 3722992 3790792 3796007 3796148 3796964 3797168 3839352 3905868 3910343 3914515 3914814 3914875 4095224 3483059 3931959 3693185 3910464 3931202 3910474 3851345 4086473 3788616 3822995 3915155 4095206 3467384 3807883
002460	PK278	0031568	11:40 - 13:00 M	3591436 3596713
002470	PK180	0697660	9:10 - 12:30 TH	3591436 3606293 3818805 3910503 3910690 3691514
004885	PK180	0672202	13:10 - 14:30 F	3572330 3797752 3820380 3579361
004889	TH110	0031373	12:10 - 13:00 MW	3597365 3619255 3667749 3694741 3645720 3638956 3695643 3693565 3519726 3692852 3597302 3797644 3397771 3642332 3797752 3619718 3691694 3411886 3695201 3655749
001770	TH110	4176433	9:10 - 12:30 TH	3600785 3692519 3820992 3913396 4037411 4096914 4037591 3817261 3822731
011306	PK278	3319825	12:10 - 14:00 TH	3600785 3689402 3694741 4094175 3648220 3910589 4000249 3693612 3902404 4086331 3819613 3910544
007904	PK180	0431946	13:10 - 16:30 W	3601391 3929289 3580211 3797710 3797631 3820768 3455037 4086399 3668195 3910489
013614	PK20	0375562	15:40 - 17:30 TH	3601391 3819177 3819230 3914724 3915267 3928890 3930054 4170471 3848415 3909951 3823278 3823402 4086431 3851913 4086281 3816756 3823271 4086323 3797657 3797683 3910516 3929776 3930034 3930168 4086225 3580346 3797669 3910503 3910588 4086240 4086411 4086425 4086433 4086457 4086495 3821687 3789806 3910507 3910586 3929468 3929979 4086351 4086356 3929883 4086498 4086268 3910466 3910470 3763675
007032	TH110	0031573	13:10 - 16:00 T	3560236 3606148 3929289 4043840 3914676 3820961 3805981 3994726 3910561 4000862 4277251 3599536 3581851
001843	PK20	0056992	14:10 - 16:00 T	3606536 3611135 3651816 3771823 3785953 3816108 3821231 3823307 3843290 3858715 3861195 3913863 3953805 4002075 3833378 3930608 4001588 3845742 3521001 3768515 3890005 3668420 3914928 3914502 3931466 4096174 3668763 3907037 3819393 3913807 3910704 3591774 3591844
002164	PK20	0180723	13:10 - 15:30 W	3606536 3710991 3721962 3768197 3817962 3821069 3915054 3861339 3716638 3821166 3650239 3821197 3821440 3632720 3816554
013193	TH110	0898918	13:40 - 16:30 T	3608097 3629467 3668196 3817668 3405604
001899	TH110	0409956	20:10 - 21:30 TTH	3608097 3694432 3559464 3560256 3817668 3689375 3497993 3694428 3591211 3652276 3692440
003454	TH110	3092941	14:25 - 15:45 TTH	3609407 3667654 3788919 3819196 3829442 3901004 3901484 3914745 3914875 3929635 3930162 3930303 3823151 3797564 3805981 3915038 3910464 3762625 3816860 3797192 4096358 3700270 3871577 3931158 3844962 3901481 3902404 3930237 3930841 3467384 3666995 3768303 3843810
005180	PK180	4170165	20:10 - 21:30 TTH	3609553 3667381 3768588 3796148 3931453 3992528 3817682 3610671 3920306 3976786 3881597 3930967 3821766
006045	PK20	0554585	13:10 - 15:30 T	3610120 3616918 3692862 3710476 3788990 3818773 3818480 3903896 3820965 3595641 3668378
006862	PK278	4172051	12:10 - 14:00 T	3610120 3818773 3694903 3797735 3667464
015511	TH110	3996563	14:10 - 17:30 M	3611048 3630526 3693473 3699567 3764422 3781152 3822218 3901722 3930162 3668365 3910513 3599090 3576990 3692756 3797576 3813457 3910693 3903909
001851	PK20	0409956	13:10 - 16:30 W	3611135 3638301 3652353 3693712 3694712 3785953 3818024 3846717 3819332 3821097 3797164 3818762 3668420 3652276 3797716 3818064 3818807 3708949 3820745
007111	DAL300	3083296	20:10 - 21:30 TTH	3611135 3692849 3585962 3695022
001774	PK180	3474420	10:10 - 11:30 MW	3615055 3649568 3781152 3768458 3693092 3797696 3797795 3930190 3797780 3797831 3910541
003478	TH110	0431946	12:10 - 14:00 W	3620520 3692761 3901004 4003188 4180309 3930547 3995827 3759092 3891249 3930237 4086373 3910480
014788	PK20	0470839	16:10 - 17:30 M	3615055 3728679 3781152 3851827 3884178 4023381 3905830 4023528
015852	PK20	0470839	13:10 - 15:00 F	3651365 3728679 4023381 3789055 3905830 4000998 3818782 4023528
005196	PK20	0493855	16:10 - 17:30 W	3618222 3694741 3712913 3798513 3816174 3819353 3931453 4000420 4000812 4002166 4062047 4095224 4095309 3417643 4001588 4035604 4090845 3921659 3693092 3669069 3797084 3847931 3879518 3930967 3901936 3910641 3913437 4002806 3914822 4050929
007031	PK278	3083296	10:10 - 11:00 MWF	3618222 3771823 3913606 4092290 3820961 3652273 3797084 3454433 3910668 4086436 3930216 3816466 3912597 3695022
001152	PK20	3996563	14:10 - 17:30 M	3619216 3690789 3788919 3822201 3823307 3861195 3893220 3913396 3914968 3928826 3929165 3930674 3931971 3953805 3953819 3953825 3994652 4037411 4092928 4095001 4096769 3904324 3913159 4000336 4001958 4003163 4090845 4095424 3823228 3914683 4074784 3788897 3905871 3910347 3969012 4096914 3923376 4012510 4090730 4092771 3931202 3995576 3913671 3913674 4087228 3860451 4086336 3847931 3879518 3928589 4003045 4059195 4175313 3666995 3910582 3930042 3931001 4086375 4095302 4175294 4175523 3894530 3975962 3929468 4095071
001771	PK180	1165592	13:10 - 14:00 W	3619216 3629970 3692164 4095445 3575266 3455037 3665045 3913437 3881015
002153	PK20	4090501	12:10 - 14:00 T	3619255 3816108 3818122 3819645 3823307 3854723 3858042 3858715 3902439 3902905 3902911 3906818 3910185 3913863 3914696 3929864 3930025 3931666 4002914 4003188 4041708 4091996 4094813 4095083 4095472 4095930 4096913 3789493 3964186 4091510 4093973 3913164 4000366 3768515 3788897 3823391 3890005 3905871 3910347 3969012 3823094 3901413 4002204 3860357 3911054 4002094 3913671 3799593 3914552 3989696 3759092 3902196 3930841 4014851 3907037 3910848 3913768 3915040 3915043 3915088 3929235 3930817 4040430 4044087 4095301 4174206 4175541 4050929 4095071 3930865
003441	PK278	0897706	13:10 - 14:30 MW	3620520 3715155 3818675 3851827 3883991 3994652 4095309 3805981 3930197 3931202 3592208 3789175 3692380 3930190 3819304 4095004
006033	TH110	3470402	13:10 - 16:00 TH	3629518 3649880 3903896 3904620 4086431 3910688 3910482 4086284 3692098 3797628 3816483 3910641 4086349
006043	PK20	0409737	11:10 - 12:00 MWF	3610120 3632881 3667273 3691748 3693789 3693902 3694289 3694432 3821044 3915267 3928890 4170471 3821643 3824188 3574349 3820965 3774021 3821439 3956133 3768303 3602816 3929979 3821179 3493704 3695281 3821047
006502	TH110	4092861	14:10 - 16:00 T	3632881 3788983 3819628 3910179 3929739 3969108 4003199 4023438 4031284 4086221 4091895 4093161 4093416 4094832 3820030 3914371 3970633 4001958 3820961 3914820 3768555 4095046 3689375 4175394 3910510 4096358 3883637 3888468 4087228 3976786 4093815 3901254 3910683 3910746 3929419 4078277 4086497 4175444 3797628 3913768 3929102 3931910 3975519 4096266 3789439 3458065 3820395 4170477 4086328 4090714 3910628 3792443
011075	PK20	3899727	12:10 - 14:00 TH	3638301 3816722 3820732 3854723 3902439 3929586 3788897 3796247 4086477 4096174 3797671 3797711 3797761 3929235
002998	PK20	0492580	19:10 - 22:00 T	3639772 3651439 3914968 4091439 3789175 3631042 3689329 3823387 4093324 3910762 4093748 3581315
002952	PK278	3555097	12:55 - 14:15 TTH	3649568 3695554 3797667 4086506 3667674 3689991 3797861 3577984
015857	PK278	3927894	13:10 - 14:00 MWF	3649568 3910632 4086506 3820037 3910463 3797868
001442	PK20	3098022	13:10 - 15:00 TH	3544262 3650225 3704166 3816832 3929237 4001662 3610671 3918056 4002204 3820010 3922542 3929776 3930237 4175395 3790857 3889653 3903138 3915043 3672031 4086368
012734	PK278	0772775	13:10 - 14:00 TH	3651243 3797833 3797710 3578392 4086236
001249	PK180	0135660	9:10 - 10:00 MWF	3651293 3693473 3695539 3558796 3560256 3599090 3580586 3692756
004306	TH110	1165566	13:10 - 16:30 W	3491953 3651365 3651439 3694810 3694039 3633806 3627845 3632720 3797728
001763	PK180	3474420	10:55 - 12:45 T	3651573 3699561 3839352 3904411 4090975 4090814 3805981 3879197 3790863 3819309 3964183 3648970 4040430 4086246
007403	PK20	0031611	16:10 - 17:30 TTH	3651750 3694712 3724014 3788743 3821231 3931962 3559464 3764208 3789573 3797718 3797739 3910594 3818746 3818762 3797206 3930547 3711406 3797724 3904320 3913807 3795919 3797823 3419024 3815920
006847	PK20	4171980	11:40 - 13:00 MW	3652353 3694754 3699567 3799474 3821231 3846717 3852207 3929586 3929849 3930678 4093315 3560256 3725997 3764208 3821097 3930608 3666801 3845742 3521001 3797718 3797786 3910666 3591211 3797708 3910640 3915029 3902440 3930544 3692440 3722764 3816483 3910588 3910742 4093806 3789806 3854016 3869959 3662757
011295	PK20	4170297	12:10 - 16:00 M	3695145 3715444 3790244 3816336 3929849 3995730 3768625 3930547 3788616 3651487 4086471 3797671 3797825 3797836 3689931 3666570
014865	PK20	0031522	20:10 - 21:30 TTH	3652396 3668366 3668623 3691925 3694980 3695027 3695543 3712913 3816336 3816992 3953805 3959570 4000418 3645720 3797664 3797862 3666801 3797768 3904038 3910532 3642204 3797845 3910589 4089004 3851846 4175285 4176086 3797737 4086303 3797587 3797680 4175360 3667606 3823473 3690652 3797634 3797681 3797697 3797754 3797870 3910538 3910637 3910718 3929704 4086279 4086398 4086503 4175400 4175465 3619323 3651606 3668831 3797621 3797649 3797725 3821016 3882118 4086253 4086267 4086342 4086425 4175288 4175344 4175389 3690806 4175300 1084187 3797823 3910519 3913781 4086347 4175535 4175309 4175315 4086470 3797702 3797864 3797797
014866	PK20	0031522	9:10 - 10:00 MWF	3652396 3667453 3668366 3695543 3816336 3816992 3953805 3953819 4000418 3645720 3797664 3904038 3910532 3797717 3910589 4089004 3690043 3519726 3851846 4176086 3797737 4086303 3797587 3883637 4175360 3797634 3797681 3797697 3797754 3910538 3910637 3910718 3929704 4086279 4086398 4086503 4175400 4175465 3619323 3651606 3668831 3797621 3797649 3797725 3821016 3882118 4086253 4086267 4086342 4093255 4175344 4175389 3690806 4175300 1084187 3910519 3913781 4086347 4175535 4175309 4175315 3930220 4086470 3797797 3797771
012730	PK278	3996795	19:10 - 20:00 T	3667404 3819628 3823311 3851907 3691228 3580586 3616872
007374	PK20	0987494	13:10 - 16:00 W	3667453 3699613 3717137 3722992 3759127 3788743 3796148 3796723 3799474 3816970 3817981 3901691 3904965 3910343 3914814 3929894 3931688 3483059 3910651 3931959 4096175 3693185 3789573 3774943 3910492 3910594 4086283 3818762 3851846 3851345 4086476 3788616 3559172 3691834 3711406 3911048 3928966 3722764 3819546 3904320 3910515 3910674 3910848 3931889 4086396 4086480 4086499 3930253 3930831 3457459 3630474 3795919 3823405 3903986 3921208 4086347 3661465
009342	TH110	0031522	13:10 - 16:00 F	3667676 3728679 3796964 3816924 3612623 3797206 3689920 3913807 3790492
016610	TH110	3818521	12:10 - 14:00 TH	3493764 3693557 3797798 3846920 3690516 4086310 3930763 3797667 4086230 4176086 3492361 4086419 3651348 3844962 3886275 3989657 3694012 3821004 3910599 3690806 3811886 3894530 3797700 4175290 3797805 4086359
005247	PK180	0806046	13:10 - 15:30 F	3667608 3667654 3816174 3816180 3819332 3823228 3902404 3665045 3708949 3714653 3815902 3797836 3464396 3910613
014209	PK278	3555100	13:10 - 14:00 T	3667654 3712286 3913185 3669280
013146	PK278	3332662	16:10 - 17:30 M	3820405 3464954 3613455 3666161 3821571 3797681 3910668 3695271 3797636 3577703 3797762
001757	PK180	3460008	14:10 - 16:00 W	3668366 3819353 3910422 3913159 3691140 3823473 4086503 4086321
001550	PK20	0031756	14:10 - 16:00 F	3668538 3693219 3797168 3797331 3816997 3827187 3852207 3987067 4091039 4096913 3558796 3797672 3847728 4000763 3683644 3759872 3902440 3910535 3914502 3662232 3693280 4092795 3668849
005293	PK278	1020104	13:10 - 16:00 M	3668538 3797672 3910559 3651348 3910725 3930731 3690733
006534	PK20	0031399	16:10 - 18:00 M	3668623 3690346 3692285 3905822 3930118 3796926 3930767 3797164 3667503 3689991 3629951 3695542 3910695 3693276 4086308 4086446 3818227 3668195
011317	PK278	3194197	13:10 - 16:00 TH	3692786 3820961 3816549 3715174 3931398 3910499 4086436 3714653 3693286 3797642
012107	TH110	0031619	9:55 - 11:15 TTH	3678350 3818122 3930721 3848415 3929167 4090730 3692514 3631215 3668130 3797206 3668845 3823755 3397771 3797576 3851735 3915243 3820858 3913781 3915203 3930614
013185	PK180	0125630	12:10 - 14:00 T	3678350 3764157 3764207 3818771 3929167 3668130 3674492 3910462 3579092 3652339 3817487
003465	PK180	0599596	10:10 - 11:00 MWF	3559903 3651750 3690020 3693891 3790244 3903092 3819332 3904254 3692514 3789136 3691228 3694813 3815902 4086245 3930220 3578252 3630915 3655749
003556	PK180	0599596	14:10 - 17:30 M	3689402 3690020 3904411 3691228 3773692 3694813 3797780
013190	PK20	1137952	13:10 - 15:30 F	3475959 3690020 3775417 3906818 3913863 3969108 4093026 4093315 4094796 4095128 4175330 3822122 3931449 3888468 4086386 4175280 3694813 3821439 3915155 4096631 4086504 3816466 3913781 4086472 3581981 3901731
004304	PK180	0492580	13:10 - 14:30 MW	3668623 3690346 3692285 3694810 3666161 3575071 3797728 3797713
003031	PK278	0375562	19:10 - 21:00 MW	3690778 3691748 3695027 3695510
005198	PK278	0853792	18:10 - 19:00 W	3690799 3880322 4086362
009304	PK180	0493855	16:10 - 17:30 TTH	3690799 3712286 3820587 3417643 3669069 3789070 3575266
015856	PK278	3927894	13:10 - 16:30 TH	3691925 3693501 3821571 3930485 3694012 3797772
010841	TH110	1084458	13:10 - 15:00 W	3692164 3797532 3830308 3991180 3880322 3957394 3580671 3904102 4003642 3559872 3994733 3711406 3824908 4000980 4170472
013172	TH110	0024092	19:10 - 22:00 T	3692164 3817981 4003839 3913159 3994843 3994876 4086310 3693092 3905830 3929222 3822731 4073784 3843810 4043549 3931323 3797632
015248	PK180	4174618	13:10 - 15:30 W	3692519 3852217 3929575 3823192 4086296 3579975 3642332 3797700 3797704
013656	PK278	1165592	13:10 - 15:00 T	3692536 3910496 4001654
016608	PK278	3393009	13:10 - 14:30 W	3591436 3692761 3693433 3709927 3797672 3797564 3652373 4091877 4096266
009270	TH110	3554810	19:10 - 20:00 TH	3692766 4003839 4091443 3957394 3851846 3816963 3651605 3843810 4175362 4092894 3895612
013628	PK278	1165592	11:40 - 13:00 MW	3692766 3973360 3762625 3652373 3871577 3886275
015006	PK180	3818518	13:10 - 16:00 TH	3692766 4175509 3691962 4175405 3797719 4086306 3807883 4175384 4091718 3913815 3914906
015860	PK180	0125630	14:40 - 16:00 MW	3489089 3678350 3692786 3693433 3818771 3901669 3693253 3610671 3691140 3668845 3910462 3602816 3651412
007040	PK180	0162976	14:10 - 16:00 T	3693501 3797679 3913210 3902759 3816549 3821180 3930967 3695434 3695510 3797576 3914354 4096631 3912597 3821034 3768686 3581851
013147	DAL300	3332662	9:55 - 11:15 TTH	3693501 3764157 3665300
011063	PK20	4354439	9:10 - 12:30 TH	3575259 3693712 3823311 3913606 3655393 3914676 3930890 4096251 3904334 3994876 3931449 3668130 3816708 3905885 4095302 3816466 4062513 4095004 4277251 3819542
006864	PK278	1167884	14:40 - 16:00 MW	3693902 3584557 3818773 3824188 3905871 3694903
012336	PK20	3393847	17:40 - 20:00 T	3695024 3797331 3821554 3645471 3847728 3821393 4094953 3797614 3819143 3910737 4086400 3708638 3910527
013915	TH110	3393847	13:10 - 15:00 T	3693902 3695024 3645471 3797614
006035	PK20	0409737	19:10 - 21:00 T	3694236 3817507 3915267 3929894 4086221 4170471 3789493 3820030 3821643 3914820 3850568 3910487 3904620 3910688 3578392 3910482 4086284 3797826 3821958 3910683 3910746 3930168 4086238 3689500 3768303 3910641 3910735 3914754 3820971 4086223 3910502 4086282 4092795 3821179 3910536 3797773 3821047
013615	PK180	3473854	11:40 - 13:00 MW	3694289 3819177 3820588 3821044 3649880 3910610 3910670 3915026 3910700 3910754
004362	PK180	0847593	12:10 - 13:00 MWF	3667608 3694318 3789246 3789529 3910472 3973885
004394	PK180	0775506	19:10 - 22:00 M	3694318 3561026 4086365 3914166 3910472 4086499 3599536
015135	PK20	3899727	14:10 - 17:30 T	3694712 3695145 3863747 3902439 3914696 3915099 3764208 3497993 3591211 3913671 3708949 3915088 3405604
009335	DAL300	0031522	10:10 - 11:00 MWF	3695539 3797659 3498772 3910580
003270	TH110	0492451	14:10 - 17:30 T	3695784 3759552 3788983 3793612 3830308 3901691 3914745 3914875 4093186 3817682 3823438 3904334 3759337 4044003 3913674 3631101 3652177 3797767 3930967 3690445
003489	PK180	3318436	19:10 - 21:00 MW	3699561 3910179 4037591 3995802 3797777 3820395 3930220
013713	PK278	0031631	16:10 - 17:30 TTH	3699613 3816924 3817682 3930705 3789464
001242	PK278	0493725	13:10 - 15:30 T	3704166
004076	PK278	0031578	14:25 - 15:45 TTH	3692536 3705083 3768034 3666801 3652373 3585962 3821034
002564	TH110	0564741	19:10 - 20:00 T	3710476 4093611 3820774 3887957 3994843 3904645 3823278 4002113 3881597 3903520 4000502 3585962 3973885 4095234 3910654
015863	PK180	4168993	13:10 - 14:00 TH	3695145 3710476 3717144 3823338 3883991 4003131 3483042 3852791 4001662
016631	PK278	4177158	14:10 - 16:00 W	3609553 3667381 3712286 3789070 3430527
014114	TH110	0827051	12:10 - 16:00 M	3712905 3820963 3823307 3901577 3905822 4041708 4086230 4175385 4086303 4086337 4175466 3576990 4086336 3929419 3931466 4086385 3580586 3910463
004827	TH110	0031373	13:10 - 14:30 F	3690799 3693219 3712913 3816180 3827187 3829442 3910937 3928949 3929575 3820958 3910651 3910609 3910464 3816860 3820037 3493748 3819269 3695510 3821886 4086214 3814239 3914498 4175402 3693280 3695201
006555	TH110	4092861	14:10 - 16:00 F	3712913 3816336 3930674 3848104 3860357 3797594 3915028 3606290 3458065
001845	PK20	3483424	14:40 - 16:00 MW	3600785 3715444 3816108 3834985 3854723 3858715 3902911 3906818 3913863 4090814 3913164 3580211 3901413 3860357 3911054 3497993 3758045 3878563 3799593 3929815 3651487 3796247 3797829 3914502 3929704 3930841 4086477 4175482 3596713 3722926 3797850 3817487 3819304 3907037 3915040 3915088 3930817 4002909 4174206 3819393 3692316 3797852
002397	PK20	0493725	12:10 - 14:00 W	3716057 3929241 3929800 3930683 3822886 3820756 4086333 3792406 3910563 3910691 3816203 3821004 3910503
015449	TH110	0402773	12:10 - 14:00 M	3716357 3764613 3788983 3788990 3790928 3797324 3819353 3829442 3851827 3922150 3931971 4003485 3821643 3880322 3910529 3910532 3818480 4012510 3910559 4086233 4086464 3910523 3915028 3651348 3678357 3910718 4045331 4086398 3651606 3910588 4086246 4086269 4086433 4062513 4086356 3661465 3797611 3797641 3797590 3797597 3792443
004807	TH110	0672202	14:10 - 16:00 M	3630526 3717137 3816174 3827187 3904965 4076454 4093186 4097018 4092670 3914820 4000483 4023381 3969305 3988502 3609410 3823755 4086370
004865	TH110	0031373	9:10 - 12:30 T	3597365 3717144 3693565 3694738 3642332
005725	PK278	3392421	19:10 - 20:00 TH	3717144 4175454 3914676 4175307 3693921 3797731 3914166 4086443 3074936 3576002 3797806
015679	PK180	0247216	16:40 - 18:00 MW	3717144 3790825 3819585 3797862 3797732 3910686 3816860 3619718 3691694 3458988 3690733 4086313
002163	PK20	3415849	13:10 - 16:00 M	3710991 3721962 3768197 3817962 3821069 3861339 3610287 3716638 3821166 3821197 3910499 3821440 3816554
004852	PK180	3194193	13:10 - 14:00 M	3721962 3823338 3852217 3910937 3929864 3930767 3695643 3818025 3821269 3931451 3820900 3797685 4086253 3665300 3821589 4093119 3579361 3931323 3691514
011827	PK20	3415849	13:10 - 14:00 M	3710991 3768197 3817962 3821069 3716638 3821166 3821197 3821440 3816554
007378	PK20	4170620	9:55 - 11:15 TTH	3629467 3638301 3704166 3715444 3724014 3785953 3789529 3796007 3797798 3816336 3816992 3817969 3820479 3834985 3902905 3930302 4092928 3559319 3833378 3930891 4037708 4175516 4000483 4079295 3910347 3610681 3930763 3860357 3910555 3910680 3911054 3797192 3910642 4175542 3651487 3797592 3929704 4014851 4045331 4086398 4086477 3666995 3797615 3915040 3930817 4095301 3807883 3692316 3767997 3854016 3910704 4096261 3591844
015664	TH110	0024092	19:10 - 21:00 T	3764613 3816997 3914745 3789507 3915038 4096358 3818274 3700270 3856450 4170477
011064	PK180	4354439	14:10 - 17:30 T	3764157 3820587 3843290 3923376 3821180 3575266 3797751 3931001
008469	PK20	3386109	12:10 - 14:00 F	3764207 3817087 3818122 3823262 3833424 3901669 3930721 4090844 3915044 3502364 3789136 3814296 3910462 3652339 3851735 4086245 3930865 3910470
001165	PK180	4092864	19:10 - 20:00 TH	3651465 3768588 4000336 3639603 3711764 3817177 3903986
001765	PK180	4172062	13:10 - 15:30 T	3769494 3790928 3796964 3852217 3695292 4086410 3678357 3820970 3911124
004275	TH110	3646542	9:10 - 10:00 MWF	3769494 3928949 3929237 3930296 3973168 4002914 4003188 4023438 4094832 4095224 4003642 3918056 3492361 3817261 3910678 4086309 3759092 3844962 3816203 3901936 3913437 3927400 3930135 4093853 3910543 3458065 4062513 3915042
001185	TH110	3483424	13:55 - 15:45 M	3774808 3797679 3914344
015844	PK180	4092864	19:10 - 22:00 T	3768588 3797164 3694668 3817177
004738	PK278	1084458	14:40 - 16:00 F	3775417 3789315 4090814 3580671 3819367 3903520 3797794 3910620
005866	PK278	0031582	16:10 - 18:00 M	3775417 3789315 3612427 3606418
005191	TH110	1137952	13:10 - 15:30 W	3814776 3915029 3695434 3930026 3797728 3691794 3910479 3910526
005271	TH110	1137952	13:40 - 16:00 T	3789246 3818024 3930025 3797606 3821197 3915043 3694668 3689944
014203	PK180	3555417	12:10 - 16:00 M	3789315 3668386 3819367 3650736
003444	TH110	3818518	14:10 - 16:00 W	3699561 3790792 3822218 3904411 3693253 3994843 4000998 4086450 4003045 3667464 3694101 3915036
011342	PK20	3197197	13:40 - 16:30 T	3790825 3969108 3995730 4000812 4003199 4093026 4095243 4095807 4095897 4097018 3957394 4001662 4003163 4095985 3969305 3883637 3913138 3922542 3931910 3811886 3995568 4093293 3930070
015846	PK180	3995790	13:10 - 15:00 TH	3667404 3796007 3817962 3820405 3595641 3818782 3901790 3820378 3820745 3910700
008774	PK20	0576472	13:10 - 14:30 F	3796723 3817981 3826470 3910343 4000418 4095930 4000483 3821269 4044003 3799593 3928966 4014851 4092159 3823405
002386	PK180	4274371	13:10 - 14:00 MWF	3679221 3764207 3820992 3910529 4094965 4044003 3575071 3792406 3797656 3579092 3816203 4175386
003500	TH110	3194193	13:10 - 14:00 W	3788919 3797324 3929575 3968696 4003485 4095807 3964186 3821008 3797694 3910718 3619323 3903138 3910541 3999899 4086270 3820491
015513	TH110	3996563	12:10 - 14:00 F	3652396 3676165 3797324 3816180 3910937 3914968 3931971 3814776 3929572 3592208 3816756 3820900 3771747 3931970 3797598 4096177
005854	PK180	3212821	13:10 - 16:00 F	3797532 3910618 3973360 3797781 3814107 3903520 3910620 3910745 4086348
014118	PK180	3555100	12:10 - 13:30 MW	3560236 3798513 3910497 4175549 3652177 3669280 3888348 4043549 3822912
016614	PK180	4170946	13:10 - 16:00 W	3816180 3820958 3695554 3821886 3820380
015243	TH110	0031631	11:10 - 12:00 MWF	3579592 3693224 3820479 3645720 3797862 3818746 3789136 3797192 3467384 3691616
002409	TH110	4274371	16:10 - 17:30 TTH	3716057 3816722 3929800 3768458 3823151 3797656 3797745 3910563 3821004 3653119 3915036
004033	PK278	0854975	12:10 - 13:30 MW	3816722 3879197 3821008 4086317 4086393
011960	TH110	4170914	14:40 - 16:00 MW	3481664 3690789 3817048 3693230 3910617 3819542
008420	PK20	3839981	11:40 - 13:00 M	3764207 3817087 3965315 3992528 4002166 4011555 4091805 4092004 4092928 4093416 3931836 4090844 4000483 3929472 3789288 3915044 3821269 3995576 3715174 4095876 4000367 3814296 3910578 4078277 3619323 3915243 3931889 4086245 4091718
002929	TH110	3995790	19:10 - 22:00 M	3576020 3817507 3820974 3915054 3930303 4091996 4093416 4093611 4094613 4095083 4000763 4092670 3910632 3910427 4086506 4095190 3929102 4001654 4095086
004015	TH110	0031578	15:40 - 17:30 TH	3817507 3823311 3928911 4090845 3910321 3904254 3973360 3930083 3878563 3888468 3871577 3931158 3915155 4075429 3930026 3930042 3894530 4175493
015858	PK278	0031619	14:10 - 16:00 T	3678350 3818122 3674492
004038	PK278	3460456	8:25 - 9:45 TTH	3819177 3792350 3821180 3914166 3692440
013919	TH110	0897399	10:55 - 12:45 T	3819230 3930162 3699593 3768088 3789507 4000249 4096358 4175291 3773692 3910561 3797694 3903909
002403	PK278	1137952	11:10 - 12:00 MWF	3819380 3822886 3929651 4086474 4086495
002464	DAL25	0493725	16:40 - 18:00 MW	3819380 3821006 3797692 4086333 3520989
015855	PK180	3927894	9:55 - 11:15 TTH	3820405 3913210 3759337 3694481 3715174 3860451 3879518 3908117 3910762 3820395 3821034 4086213 3768686
006504	PK180	3083296	18:10 - 19:00 W	3759127 3820588 3904715 4000195 4002914 4003839 4092004 3483059 3931388 4001958 4037708 4095985 3904254 3818746 3931449 3822148 4175472 3887326
007878	PK180	0031386	14:10 - 16:00 M	3820974 3884178 4003434 4043790 3994876 3905830 3913185 3793534 3797858 4093778 4175475
002433	PK180	0697660	12:55 - 14:15 TTH	3821006 3931474
004360	TH110	0775506	13:10 - 15:30 T	3764613 3821231 3846717 3929241 3931666 4003839 3851913 4086289 3616872
004012	PK20	3442425	13:55 - 15:45 M	3822218 3852806 3883991 3928949 3930054 3931929 3965315 3992528 4000420 4094796 3695643 3914683 3921659 3920668 4000998 4043326 4170472 3797744 3930864 4023528
002992	PK20	4086857	13:10 - 15:00 T	3692862 3764422 3822778 3910179 3914344 3928826 3930025 3991180 4062047 4091784 4093015 4093161 4094613 4094815 4095133 3914371 3931836 3964186 4092670 4094175 3921659 3905715 4092767 3689375 3655428 3789070 3816708 4175405 3597302 3902196 3908117 3930544 3692756 3790857 3821886 3930216 3930253 4175521 4095080 4176084 3930865
016501	PK180	4168989	13:40 - 16:30 T	3652473 3676165 3826470 3693856 3928589 3846234 4074463
009296	PK278	3554810	19:10 - 22:00 T	3827187 3930676 4023381 3910670 4001654
013623	PK278	0020093	13:10 - 14:00 W	3775417 3832060
006034	PK20	0213446	19:10 - 21:30 T	3820963 3833424 3903994 3930296 3887957 3914739 4093446 3850568 3910487 3816486 3930301 3821958 3901254 3917445 3914754 3930260 4086349 3577703 3820971 4093293 3915203
015509	PK180	4091222	11:40 - 13:00 M	3611048 3690789 3820732 3834985 3910185 3814776 3851345 3913674 3818064 3818807 4086274 3797867 3929102 4086482
006860	PK180	4171980	12:10 - 14:00 F	3846920 3905871 3799529 3819269
008769	TH110	3554385	10:10 - 11:30 MW	3846920 3902439 3914515 3929289 3960504 4000195 4031284 4043840 4076454 4090975 4095001 3887957 4079295 3995227 3920306 3989696 3822995 4095206 3817487 3930220 3797266
001752	PK278	3896859	13:10 - 16:30 W	3851907 4093959 3971828 3857764 3843810 3903861 3915243
001761	PK278	0254474	14:10 - 16:00 M	3852217 3901484 3819372 3797777 3820970 3903138
006521	PK180	3083296	14:25 - 15:45 TTH	3846920 3852520 4095309 3464954 3833378 3823192 3610681 3913138 3648970 3824908 3793534 3914354 3931001 4086339 4086480 3821687 3792443
006024	PK20	3839982	13:10 - 16:00 TH	3858042 3884178 3914724 3915099 3915711 3931946 3968696 3991180 4093015 4093136 4093282 4095001 4095133 3904324 4091510 4093973 4175307 3969012 4095088 3879197 4089004 3930301 3910427 3988502 4002094 3898245 4087228 4175388 4175393 3902196 3928589 3929704 4086216 4092633 4093370 4094640 4175444 3813457 3930026 3930042 3930260 4086267 4086457 4093159 4175322 4175344 4175389 3789439 4093806 4095425 3914498 3869959 4086351 3915203 3901731 4175286
007882	PK278	0470839	9:55 - 11:15 TTH	3858042 4088956 3820212 4086413 4175383
005846	TH110	0031582	11:40 - 13:00 MW	3863747 3973168 4001999 3931388 3580671 3930047 4092771 3976786
004377	PK180	0847593	11:25 - 12:45 TTH	3893220 3851913 3561026 3910472 4086499
007006	PK20	0316015	16:40 - 18:00 MW	3893220 3929739 3931453 4000195 4000420 4002166 4003199 4031284 4088956 4090806 4026411 4090845 4095424 4074784 4024121 3904254 4089004 4091785 3878563 3913862 4045331 3888348 3931910 3797600
007368	PK20	0031611	19:10 - 22:00 M	3817087 3901484 3901669 3902911 3928826 3930674 3960504 3965315 4003131 4003199 4041708 4070957 4091784 4091895 4091899 4092675 4094813 4095243 4095472 4095965 3970633 4003163 4005905 3904389 3913164 3984532 4092144 4095046 3995227 3994726 4094012 3851913 3929222 4037591 3913138 3988063 4043326 4093612 3690845 3814296 3822731 3929776 3930034 3930168 4073784 4075429 4093423 3708949 3888348 3907037 4001881 4174206 3975962 3823092 4086418 4175324 3797266
016624	PK20	0254474	12:10 - 13:30 MW	3667404 3901484 3910422 4095807 3612623 3695292 3823473 3929419 3911124 3820491
008773	TH110	3996107	14:10 - 16:00 TH	3796723 3903833 3914724 3900952 3914371 4091163 3969012 3914552 4045331 4073784 4093748 3910634 3913815 4086260
005723	PK20	4170914	13:10 - 14:00 T	3905189 3931946 3987067 4091439 4093161 4093186 4093959 4095133 4095224 4094965 3823391 4003642 3918056 3822148 4007305 3796247 3902196 3999899 4093853 4093119 4170477 4091072
005162	PK180	0031582	12:10 - 13:00 MW	3905460 4095001 3814107 3910620 4003534
001755	PK278	4172062	19:10 - 21:30 T	3910422 4086513 3602435 3819372 3797643
002396	TH110	0020988	13:40 - 16:00 TH	3910636 3929800 3930137 3797856 3910691 3910690
002398	PK180	3839981	9:10 - 12:30 T	3910870 3797782 4086474
004016	PK180	3442425	13:10 - 15:00 W	3913210 4002075 4175335 3878563 3913185 3914354 3930135 4044087
003007	TH110	3473854	16:10 - 17:30 W	3788743 3819177 3903833 3913606 3694433 3929644 4092833 4091806 3930301 4086369 3797656 3961853 4086225 3930026 4086433 4086341
012355	DAL300	4089714	11:40 - 13:00 MW	3913606 3910741 3668849
015891	TH110	4086857	16:40 - 18:00 MW	3903833 3913606 3929241 4011555 4023438 3821643 3909951 3821008 4000998 4086300 3797779 3898245 3994733 4086291 3821439 3910523 3910516 4086449 4086497 3695510 3797669 3797709 4086382 4086446 3910628
007007	TH110	0028980	11:25 - 12:45 TTH	3914449 3929739 3814776 4094965 3904334 3984532 3905861 4000862 4078277 4095079 4001881 4086240 3821766 4086276 4086379
002368	PK20	1051497	12:10 - 14:00 M	3679221 3852520 3914813 3930118 4092675 4094815 4175310 4175375 4094175 3839910 3929651 4175374 4095046 3885128 3910497 4176079 4175371 4086281 3964183 4086301 4087228 4001431 4086302 3720506 3901481 3910683 3910746 4086225 4086277 4092159 4175502 3797744 3821273 3902614 3914750 3927400 4086215 4086335 4086349 4086374 3797848 3910702 3914498 3823405 4095080 3908300
014138	PK180	0493855	8:25 - 9:45 TTH	3915099 3928949 4031284 4086511 4095243 4092144 3669069 4175542 3814296 3928941
006500	TH110	4170167	13:10 - 16:00 M	3728679 3816970 3901004 3922150 4091767 4093136 4093446 4092833 4095088 3818480 4091806 3910647 3789055 3799529 3773692 4007305 3928966 4094640 3667311 3929883 4086315
012494	PK180	0853792	17:40 - 20:00 T	3959570 4003434 3454433 3821016
004288	PK278	3483424	11:25 - 12:45 TTH	4003642 3797666
016633	PK180	4177158	14:40 - 16:00 F	3620520 3852806 3930678 3584557 3834370 3902759 3663306 3674492 4086461 3816963 3910635 4086399 3797633
006031	PK20	3470402	13:10 - 16:30 TH	3798513 3833424 3901577 3903994 3931666 4091996 4093611 4095047 4095083 4095133 3914739 3994843 4010147 4000366 4095046 4095088 3930301 4094012 3904620 3694415 3758045 3799529 3910427 3922542 3994733 3995827 4002113 3819269 3901254 3931466 4091936 4093423 3903138 3910527 3910734 3914754 3930260 4086358 4086448 4093607 4093778 3820971 4093293 3973885 4086223 3910575 4017901 4092795 4095080 3579361 3915203 4175304
004810	PK278	1051497	13:10 - 16:00 T	3905189 3931946 4086262 3819143 4096631
001424	PK180	0020093	14:10 - 16:00 F	3959570 3639603 3920668 3974846 4086502 3667311
005120	PK278	3400071	13:40 - 16:30 T	3959570 3904645 3930763 3818762 3931449 4086252
012352	TH110	0129398	14:40 - 16:00 F	3987067 4095053 4077315 4086391
009225	PK180	1061058	13:10 - 16:30 TH	3991180 4095965 3885128 4175394 3823473 3914525 4059195 4175283 4176082 4092894
007039	PK180	0031399	13:10 - 15:00 F	3611135 3821554 3930162 4070957 4090806 3905885 3913862 4093159 3692316
015002	PK180	0431946	16:10 - 18:00 M	4088956 3821097 3913786 4079295 3818025 3797833 4094960 3822995 4086413 3817177
015013	PK278	0827051	14:10 - 17:30 M	4090806 4175528 4175455 4086484 4175489 3898245 4000502 3913437 4175548
001157	PK278	1051497	12:10 - 13:00 MW	4091443 4092767 4095206 3711764
002669	PK278	0897706	17:40 - 20:00 T	4091784 3931451
011065	PK278	4354439	13:10 - 15:00 W	4091784 3816963
004806	TH110	0032827	13:10 - 14:30 W	3928911 4092823 3820774 3820958 3930767 3931836 3768088 4000249 4092767 3920668 3822995 3929235 4086427 3814239 3651017 3797799
006523	TH110	0031573	16:10 - 18:00 M	4070957 4090975 4092823 4095053 3930891 4035604 3915026 3929102 3975519 4095004
016634	TH110	3839981	13:10 - 14:00 T	3620520 3652396 3668366 3694980 3695543 3820992 3930721 4000812 4093015 3929644 3915044 3920306 3668130 3693612 3797683 3818807 3891249 3908117 3901936 3665300 3930052 3821766 3930614
013184	PK278	3198619	19:10 - 21:00 T	4070957 4095965 3690204
015651	PK278	3478855	12:10 - 14:00 F	3483042 3693581 4062513
012354	TH110	4278345	13:10 - 16:00 W	3910622 3816860 3910508 3694798
004051	PK278	3646540	13:40 - 16:00 T	3584557 3816960 3683644 3695282 3910551 3795999
015839	TH110	0254151	13:10 - 15:00 F	3651573 3695539 3764422 3914968 3929165 3668365 3768555 3768625 3669069 3690845 3692756 3821886 3910579 3695022
002569	TH110	4177047	13:10 - 14:30 MW	3797331 4091996 3691575 3848415 3820729 3692796 3848104 3792350 3910427 3820038 3678357 3797614 4086400 4086322 3820378
003017	PK20	3332662	13:40 - 16:00 TH	3668623 3690346 3903833 3905822 3930118 3796926 3931881 3823278 3666161 3823402 3578392 3689991 3629951 3695542 3823271 3910695 4086369 3797634 3930034 4091672 3693276
011987	PK180	3470325	15:40 - 17:30 TH	3619216 3880322 3758075 3814107 3820380
001552	PK278	0129398	12:10 - 14:00 W	3693891 3910422 3900952 3819372
002469	PK180	1051497	16:10 - 17:30 W	3910529 3818805 3910741 3820010 3797645 3821004 3910690 3911124
007888	PK278	0772775	13:55 - 15:45 M	3913786 3811886
014982	TH110	0899465	12:10 - 13:30 MW	3728679 3788990 3914724 3913862 3956133 3814239
015245	PK180	3839981	13:10 - 15:00 T	3693473 3929644 4086237 3930197 3560234 3692380 3498772 3580346 3931970 3930614 3797642 3910468
015014	PK180	0129398	13:40 - 16:00 TH	3929812 4175542 3692018
015682	PK278	3460008	12:10 - 14:00 M	3929237 4086244 3596492 3602435 3599090 3820970
003029	TH110	4086857	11:10 - 12:00 MW	3821044 3613455 4093446 3910532 3910487 3821008 3910561 3823271 3910610 3910670 3910516 3910563 4086243 4086338 3910588 3910735 3820971 3910468
001562	TH110	0129398	12:55 - 14:15 TTH	3771823 4095053 3816860 3910508 3691694 3930831 3910761 3797855 3668849
002465	TH110	0263980	19:10 - 21:00 MW	3483977 3606293 3931474 3226303 3797849 3820756 3692380 3720506 3910563 3930485 3797645 3653119 3910479 3910509
004393	PK278	0775506	20:10 - 21:30 TTH	3667608 3929575 3638956 4086310 3561026 3910472 3619718
013622	PK278	0020093	13:10 - 15:00 TH	3789315 3758075
013210	TH110	3470325	12:10 - 13:00 MWF	3816992 3905460 3464954 3904389 3758075 4090730 3559872 3931451 4037591 4175543 4000862 3824908 3635012 4003534
006880	PK278	3646602	12:10 - 13:00 MWF	3579094 3694431 3694738 3690719
012562	DAL300	0853792	14:10 - 16:00 W	3902759 3930083 3592208 3631101
013213	PK180	3996564	13:10 - 14:00 T	3905715 3974846 3606290 4086332
004882	PK278	1051497	9:10 - 12:30 TH	
001559	PK278	0031756	13:10 - 15:00 F	3483042 3910622
015015	PK278	0129398	16:10 - 17:30 W	4095088 3691834 3397771
004020	PK180	3646540	11:10 - 12:00 MW	3769494 3792350 3975519 4086483
012833	DAL300	3194197	12:55 - 14:15 TTH	3910478
015678	PK180	3478658	13:10 - 16:00 T	4043543 4091805 4095472 3915029 4091877 4091936 3821687 3581981 3691514
014581	DAL300	3198619	12:10 - 14:00 T	3910615 3606290 3820395
013183	PK278	3198619	13:40 - 16:00 TH	3910686 3817261 3860451 3498772 3821034
012729	PK278	3996795	11:10 - 12:00 MW	3901722 3821589
015861	TH110	0899465	18:10 - 19:00 W	3788990 3852520 3931474 3988063 3913862 3956133 3814239
013920	DAL300	0897399	9:10 - 10:00 MWF	3920306 4170477
004289	PK180	0802802	13:40 - 16:00 T	3675467 3496673 3627845
015448	TH110	0402773	19:10 - 21:30 T	3559872 3905830 3692852 4093126 3694012 4023528 4096261
008811	PK180	0576472	19:10 - 20:00 T	3691981 3788990 3839352 3691962
015445	PK278	0162976	13:10 - 15:30 F	3694415 3498772 3695434 3797666 3581851
001871	TH110	4090501	13:10 - 15:00 TH	3797786 3816483
016632	DAL300	4177158	13:10 - 14:30 MW	3797817 3910635 3652177 4086317 3889653 3695529
008778	PK180	4168989	16:10 - 17:30 M	3839352 4037411 4086403 4086473 3700270 3882118 4040430 4175431
007923	PK278	0821481	10:10 - 11:30 MW	3683644 3820768 3910489
001182	PK278	0493725	14:10 - 16:00 F	3834370 3816756
013624	DAL300	0020093	11:25 - 12:45 TTH	4086362
012503	PK278	0853792	9:10 - 12:30 T	4086461 3596713
014233	PK20	3555097	13:10 - 16:00 T	3668623 3690346 3905822 3930118 3796926 3689991 3629951 3695542 3910695
015874	PK20	0058557	14:10 - 16:00 M	3639772 4091439 3789175 3631042 3689329 3823387 4093324 4093748 3581315
015875	PK20	0695890	14:40 - 16:00 F	3639772 3651439 4091439 3789175 3631042 3689329 3823387 4093324 4093748 3581315
015005	DAL300	3818518	19:10 - 22:00 M	3816963 3910634
014582	PK278	3198619	14:10 - 17:30 T	3629970 3930674 3692514 3915028 4086357 3908314
002401	PK278	3332662	16:40 - 18:00 MW	3716057 4086323 3818227
010966	DAL300	0775640	13:10 - 16:00 W	4086355 3910724 4086255 4086340 4086295 3581967
015929	PK278	3910189	9:10 - 10:00 MWF	3572330 3667749 3638956 3608602 3797834 3797734
015003	PK180	0431946	12:10 - 14:00 TH	4003485 3819143 3910644 4093989
014310	DAL300	0493725	14:40 - 16:00 MW	3913862
016695	PK278	4170914	13:10 - 16:00 F	3910646
016615	PK180	4170946	19:10 - 21:30 T	4041708 3929679 3792406 4093607 3630474
015886	PK278	4168993	13:10 - 14:00 M	3819269 3910732 3653119 3908300
002364	PK278	0492580	12:10 - 16:00 M	3483977 3885128 3914750 4086280
016696	PK278	4354440	13:10 - 15:30 W	3930083 3860451 4096266 3790492 3592325 3666520 3821588 3581851
005201	PK278	0847593	13:10 - 14:30 F	3619718
003014	PK20	3473854	11:10 - 12:00 MW	3788743 3793612 3930054 3930296 4003131 3464954 3904389 3890005 4094012 3964183 3816756 4086323 3929776 3930485 4093423 3793534 3930026 4086411 4086495 4093607 3790492 3821687 4086462 3819542
003406	PK20	1061058	13:10 - 14:30 MW	3902905 3902911 3910185 3915711 4001999 4011555 4043543 4091767 4091805 4093026 4094796 4094813 4096913 3820030 3824188 3904324 3970633 4000763 4005905 3845742 3816960 4095088 3759337 3995227 4087228 3822148 4043326 4093612 3930705 4000502 4091672 4092633 3722926 3888348 3913768 3914754 3915040 4077315 3894530 4093806 4095425 3820858 3903986 3921208 3931970 4096261 4277251 3901731 4091072 3910752
016738	PK180	4274603	11:10 - 12:00 MWF	3931474 3960504 3931064 3488858 3820858 4093165 3578252 3763675 3915042
002383	DAL300	3473854	13:10 - 16:00 TH	3577703
014140	PK278	0031336	19:10 - 22:00 M	3823262 3914696 3652339 3915042
016739	TH110	4274603	13:10 - 14:00 TH	3581497 3822218 3833424 3931666 3931971 3965315 3814776 4090844 3226303 3929651 4024121 3929167 3816486 3931064 3694481 3652339 3820858 3581981 4091773 3915042
015653	PK180	4067546	19:10 - 21:00 T	
015540	DAL300	3478658	14:10 - 16:00 T	4000763
016736	PK20	3812014	19:10 - 20:00 T	3818122 4093161 3910347 3928589 3915043 3915088 4000229
007051	PK278	0031336	15:40 - 17:30 TH	3650225 4003434
016737	PK180	4274602	12:10 - 14:00 W	3558796 3999899 3797619
012813	DAL300	0847593	10:10 - 11:30 MW	3576990
015650	PK278	0705542	13:10 - 16:00 W	3691694 4086391
001861	PK180	0056992	12:10 - 14:00 M	3581967
015914	DAL300	0020093	14:10 - 17:30 M	3930705
